time,E,I1,I2,I3,R,S,cumI,diffI
2020-03-06,0.0,1.0,2.0,0.0,0.0,970337.0,0.0,0.0
2020-03-07,3.0,0.0,2.0,0.0,0.0,971674.0,0.0,0.0
2020-03-08,1.0,0.0,1.0,1.0,0.0,978753.0,0.0,0.0
2020-03-09,2.0,0.0,0.0,0.0,0.0,985802.0,0.0,0.0
2020-03-10,3.0,0.0,0.0,0.0,1.0,991714.0,0.0,0.0
2020-03-11,1.0,1.0,0.0,0.0,1.0,996524.0,1.0,1.0
2020-03-12,4.0,1.0,1.0,1.0,1.0,1000161.0,1.0,0.0
2020-03-13,4.0,0.0,1.0,1.0,2.0,1002742.0,2.0,1.0
2020-03-14,4.0,0.0,0.0,1.0,3.0,1005072.0,2.0,0.0
2020-03-15,4.0,0.0,1.0,1.0,1.0,1007922.0,3.0,1.0
2020-03-16,3.0,1.0,1.0,0.0,2.0,1008875.0,3.0,0.0
2020-03-17,3.0,0.0,3.0,0.0,1.0,1011820.0,4.0,1.0
2020-03-18,4.0,0.0,0.0,2.0,1.0,1012142.0,4.0,0.0
2020-03-19,3.0,1.0,0.0,1.0,3.0,1012466.0,5.0,1.0
2020-03-20,3.0,1.0,0.0,0.0,4.0,1011681.0,5.0,0.0
2020-03-21,5.0,0.0,1.0,1.0,4.0,1012334.0,5.0,0.0
2020-03-22,7.0,1.0,1.0,0.0,3.0,1012566.0,6.0,1.0
2020-03-23,6.0,0.0,2.0,0.0,2.0,1011248.0,7.0,1.0
2020-03-24,7.0,0.0,0.0,2.0,4.0,1012607.0,7.0,0.0
2020-03-25,10.0,0.0,0.0,1.0,3.0,1013547.0,8.0,1.0
2020-03-26,9.0,1.0,0.0,1.0,4.0,1013635.0,10.0,2.0
2020-03-27,11.0,1.0,0.0,1.0,6.0,1015785.0,10.0,0.0
2020-03-28,12.0,5.0,2.0,0.0,6.0,1016899.0,14.0,4.0
2020-03-29,10.0,8.0,1.0,3.0,10.0,1017814.0,19.0,5.0
2020-03-30,14.0,8.0,2.0,1.0,11.0,1017404.0,21.0,2.0
2020-03-31,22.0,4.0,3.0,4.0,14.0,1017177.0,23.0,2.0
2020-04-01,33.0,1.0,2.0,6.0,15.0,1017155.0,24.0,1.0
2020-04-02,29.0,7.0,5.0,4.0,19.0,1016463.0,32.0,8.0
2020-04-03,39.0,12.0,8.0,7.0,21.0,1017813.0,41.0,9.0
2020-04-04,51.0,11.0,9.0,8.0,26.0,1018214.0,49.0,8.0
2020-04-05,61.0,20.0,8.0,7.0,36.0,1018375.0,64.0,15.0
2020-04-06,68.0,15.0,9.0,18.0,39.0,1018030.0,79.0,15.0
2020-04-07,97.0,17.0,13.0,13.0,50.0,1017032.0,93.0,14.0
2020-04-08,107.0,21.0,13.0,11.0,62.0,1016852.0,109.0,16.0
2020-04-09,115.0,23.0,11.0,11.0,68.0,1017116.0,133.0,24.0
2020-04-10,143.0,32.0,22.0,18.0,68.0,1019282.0,154.0,21.0
2020-04-11,185.0,35.0,33.0,30.0,88.0,1018784.0,179.0,25.0
2020-04-12,236.0,52.0,34.0,31.0,96.0,1019091.0,211.0,32.0
2020-04-13,271.0,61.0,43.0,37.0,111.0,1019461.0,257.0,46.0
2020-04-14,332.0,74.0,51.0,39.0,144.0,1019863.0,318.0,61.0
2020-04-15,394.0,88.0,63.0,49.0,175.0,1019415.0,381.0,63.0
2020-04-16,500.0,100.0,89.0,52.0,187.0,1019554.0,459.0,78.0
2020-04-17,518.0,111.0,81.0,64.0,243.0,1019342.0,552.0,93.0
2020-04-18,630.0,138.0,107.0,89.0,260.0,1018595.0,680.0,128.0
2020-04-19,825.0,150.0,132.0,116.0,316.0,1017382.0,787.0,107.0
2020-04-20,968.0,217.0,135.0,133.0,412.0,1019069.0,960.0,173.0
2020-04-21,1216.0,269.0,179.0,137.0,507.0,1019125.0,1153.0,193.0
2020-04-22,1518.0,273.0,244.0,174.0,603.0,1018834.0,1376.0,223.0
2020-04-23,1814.0,367.0,297.0,201.0,782.0,1018697.0,1703.0,327.0
2020-04-24,2178.0,448.0,369.0,235.0,908.0,1017582.0,2080.0,377.0
2020-04-25,2621.0,576.0,417.0,302.0,1102.0,1016828.0,2539.0,459.0
2020-04-26,3124.0,677.0,520.0,376.0,1320.0,1015868.0,3060.0,521.0
2020-04-27,3667.0,803.0,661.0,460.0,1595.0,1015264.0,3701.0,641.0
2020-04-28,4579.0,915.0,742.0,606.0,1911.0,1013720.0,4436.0,735.0
2020-04-29,5546.0,1084.0,879.0,706.0,2286.0,1012833.0,5323.0,887.0
2020-04-30,6688.0,1333.0,1018.0,821.0,2799.0,1009886.0,6386.0,1063.0
2020-05-01,8034.0,1650.0,1243.0,970.0,3412.0,1007422.0,7725.0,1339.0
2020-05-02,9678.0,2069.0,1494.0,1210.0,4079.0,1006070.0,9317.0,1592.0
2020-05-03,11526.0,2514.0,1855.0,1396.0,4913.0,1002507.0,11214.0,1897.0
2020-05-04,13896.0,2875.0,2349.0,1663.0,5946.0,996886.0,13519.0,2305.0
2020-05-05,16664.0,3515.0,2719.0,2062.0,7112.0,992133.0,16264.0,2745.0
2020-05-06,19681.0,4155.0,3228.0,2497.0,8611.0,984875.0,19594.0,3330.0
2020-05-07,23865.0,5117.0,3880.0,3035.0,10385.0,977871.0,23642.0,4048.0
2020-05-08,28499.0,6097.0,4677.0,3503.0,12373.0,968979.0,28430.0,4788.0
2020-05-09,33685.0,7074.0,5700.0,4372.0,14803.0,958972.0,34035.0,5605.0
2020-05-10,39966.0,8477.0,6711.0,5127.0,17880.0,944958.0,40752.0,6717.0
2020-05-11,47156.0,10198.0,8014.0,6238.0,21369.0,929458.0,48780.0,8028.0
2020-05-12,55715.0,11895.0,9443.0,7431.0,25882.0,913544.0,58026.0,9246.0
2020-05-13,65465.0,14126.0,11098.0,8658.0,30965.0,893590.0,68845.0,10819.0
2020-05-14,76202.0,16721.0,13185.0,10283.0,37217.0,871182.0,81917.0,13072.0
2020-05-15,88594.0,19536.0,15350.0,12276.0,44287.0,844086.0,96973.0,15056.0
2020-05-16,102056.0,22843.0,17923.0,14473.0,52471.0,815157.0,114588.0,17615.0
2020-05-17,117044.0,25945.0,21235.0,17232.0,62459.0,781935.0,134509.0,19921.0
2020-05-18,132734.0,30123.0,24571.0,19802.0,74455.0,744868.0,157737.0,23228.0
2020-05-19,148795.0,34178.0,28318.0,22761.0,87920.0,703996.0,183905.0,26168.0
2020-05-20,164478.0,38741.0,31945.0,26278.0,103678.0,660732.0,213332.0,29427.0
2020-05-21,181236.0,42607.0,35887.0,30244.0,122086.0,614650.0,245037.0,31705.0
2020-05-22,196629.0,47006.0,40141.0,34090.0,142827.0,565191.0,280047.0,35010.0
2020-05-23,209711.0,51059.0,44558.0,37962.0,165680.0,516976.0,317661.0,37614.0
2020-05-24,220770.0,54888.0,48295.0,42100.0,191276.0,469139.0,357652.0,39991.0
2020-05-25,229602.0,58328.0,52323.0,46152.0,219025.0,420997.0,399694.0,42042.0
2020-05-26,233413.0,60688.0,55690.0,49763.0,250308.0,375824.0,442825.0,43131.0
2020-05-27,234866.0,62560.0,58724.0,52839.0,283421.0,333559.0,486759.0,43934.0
2020-05-28,232289.0,63432.0,60320.0,55973.0,318765.0,295068.0,530807.0,44048.0
2020-05-29,227712.0,62775.0,61652.0,58199.0,355422.0,260152.0,573833.0,43026.0
2020-05-30,220128.0,61965.0,61662.0,60102.0,393897.0,228688.0,615996.0,42163.0
2020-05-31,209417.0,60167.0,61171.0,60587.0,432898.0,201752.0,656324.0,40328.0
2020-06-01,197548.0,57796.0,59806.0,60630.0,471911.0,178363.0,694638.0,38314.0
2020-06-02,184084.0,54762.0,57883.0,59241.0,510171.0,158152.0,730222.0,35584.0
2020-06-03,169750.0,51642.0,55684.0,57658.0,548676.0,141204.0,763668.0,33446.0
2020-06-04,155637.0,47683.0,52768.0,56089.0,585449.0,127087.0,794369.0,30701.0
2020-06-05,142108.0,44410.0,49405.0,53541.0,620660.0,114858.0,822812.0,28443.0
2020-06-06,129503.0,40632.0,45927.0,50907.0,655276.0,104622.0,848424.0,25612.0
2020-06-07,117357.0,37471.0,42269.0,47786.0,687620.0,95616.0,871845.0,23421.0
2020-06-08,104890.0,34026.0,38931.0,43914.0,717519.0,87874.0,893311.0,21466.0
2020-06-09,93639.0,30745.0,36051.0,40621.0,744021.0,81729.0,912411.0,19100.0
2020-06-10,83716.0,27639.0,32548.0,37700.0,768990.0,76511.0,929386.0,16975.0
2020-06-11,74808.0,24750.0,29403.0,34284.0,792036.0,72677.0,944378.0,14992.0
2020-06-12,66684.0,22106.0,26291.0,31172.0,813485.0,68384.0,957857.0,13479.0
2020-06-13,59248.0,19870.0,23663.0,28218.0,831783.0,64920.0,969979.0,12122.0
2020-06-14,52407.0,17643.0,21066.0,25374.0,849016.0,62748.0,980536.0,10557.0
2020-06-15,46137.0,15719.0,19003.0,22956.0,864597.0,60276.0,989953.0,9417.0
2020-06-16,40566.0,13926.0,17258.0,20418.0,877623.0,58173.0,998371.0,8418.0
2020-06-17,35888.0,12105.0,15107.0,18496.0,890135.0,56349.0,1005648.0,7277.0
2020-06-18,31853.0,10542.0,13262.0,16316.0,900768.0,54739.0,1011946.0,6298.0
2020-06-19,27895.0,9385.0,11610.0,14433.0,912141.0,53346.0,1017561.0,5615.0
2020-06-20,24534.0,8420.0,10280.0,12750.0,919706.0,52303.0,1022551.0,4990.0
2020-06-21,21343.0,7577.0,8968.0,11303.0,928377.0,51176.0,1027032.0,4481.0
2020-06-22,18560.0,6587.0,7982.0,9981.0,934672.0,50299.0,1030873.0,3841.0
2020-06-23,16362.0,5703.0,6929.0,8861.0,940867.0,49517.0,1034212.0,3339.0
2020-06-24,14416.0,4919.0,6275.0,7671.0,945574.0,48940.0,1037175.0,2963.0
2020-06-25,12623.0,4312.0,5434.0,6865.0,950198.0,48438.0,1039781.0,2606.0
2020-06-26,11150.0,3702.0,4838.0,6014.0,953370.0,47968.0,1042023.0,2242.0
2020-06-27,9776.0,3404.0,4203.0,5332.0,956893.0,47495.0,1044093.0,2070.0
2020-06-28,8489.0,2949.0,3691.0,4661.0,960516.0,47318.0,1045833.0,1740.0
2020-06-29,7402.0,2618.0,3218.0,4104.0,964663.0,46917.0,1047418.0,1585.0
2020-06-30,6570.0,2272.0,2884.0,3594.0,966255.0,46765.0,1048803.0,1385.0
2020-07-01,5755.0,2098.0,2492.0,3177.0,968794.0,46547.0,1050006.0,1203.0
2020-07-02,5037.0,1833.0,2239.0,2801.0,971195.0,46463.0,1051062.0,1056.0
2020-07-03,4415.0,1584.0,1989.0,2402.0,972270.0,46416.0,1051996.0,934.0
2020-07-04,3833.0,1367.0,1678.0,2077.0,974301.0,46331.0,1052791.0,795.0
2020-07-05,3410.0,1165.0,1511.0,1862.0,975762.0,46391.0,1053486.0,695.0
2020-07-06,2978.0,1064.0,1311.0,1598.0,975545.0,46278.0,1054111.0,625.0
