time,E,I1,I2,I3,R,S,cumI,diffI
2020-03-06,0.0,2.0,1.0,0.0,0.0,969756.0,0.0,0.0
2020-03-07,0.0,1.0,0.0,0.0,0.0,970619.0,0.0,0.0
2020-03-08,2.0,1.0,1.0,0.0,0.0,977588.0,0.0,0.0
2020-03-09,3.0,1.0,2.0,0.0,0.0,985895.0,1.0,1.0
2020-03-10,2.0,1.0,1.0,1.0,0.0,991496.0,2.0,1.0
2020-03-11,5.0,1.0,2.0,1.0,0.0,995365.0,3.0,1.0
2020-03-12,4.0,1.0,1.0,2.0,1.0,998415.0,5.0,2.0
2020-03-13,4.0,1.0,1.0,0.0,2.0,1001850.0,5.0,0.0
2020-03-14,5.0,1.0,1.0,0.0,2.0,1004274.0,6.0,1.0
2020-03-15,3.0,2.0,1.0,0.0,2.0,1006139.0,7.0,1.0
2020-03-16,4.0,1.0,1.0,0.0,2.0,1007586.0,7.0,0.0
2020-03-17,4.0,1.0,0.0,0.0,1.0,1008998.0,7.0,0.0
2020-03-18,4.0,0.0,1.0,0.0,1.0,1009884.0,7.0,0.0
2020-03-19,4.0,0.0,2.0,0.0,0.0,1011227.0,8.0,1.0
2020-03-20,3.0,0.0,1.0,0.0,2.0,1012730.0,8.0,0.0
2020-03-21,2.0,0.0,0.0,0.0,2.0,1012481.0,8.0,0.0
2020-03-22,3.0,1.0,0.0,0.0,3.0,1012339.0,8.0,0.0
2020-03-23,12.0,2.0,0.0,4.0,5.0,1012981.0,11.0,3.0
2020-03-24,13.0,3.0,3.0,3.0,5.0,1013888.0,14.0,3.0
2020-03-25,16.0,4.0,1.0,3.0,5.0,1013627.0,16.0,2.0
2020-03-26,16.0,3.0,3.0,1.0,8.0,1014544.0,19.0,3.0
2020-03-27,19.0,4.0,3.0,5.0,9.0,1014945.0,23.0,4.0
2020-03-28,37.0,3.0,3.0,5.0,10.0,1015601.0,25.0,2.0
2020-03-29,28.0,8.0,2.0,4.0,12.0,1015791.0,34.0,9.0
2020-03-30,29.0,11.0,4.0,3.0,10.0,1015790.0,42.0,8.0
2020-03-31,45.0,13.0,7.0,6.0,14.0,1015401.0,48.0,6.0
2020-04-01,64.0,8.0,9.0,8.0,22.0,1016412.0,56.0,8.0
2020-04-02,63.0,15.0,6.0,9.0,31.0,1017166.0,72.0,16.0
2020-04-03,68.0,12.0,11.0,11.0,35.0,1018218.0,82.0,10.0
2020-04-04,83.0,15.0,16.0,13.0,40.0,1017776.0,94.0,12.0
2020-04-05,89.0,17.0,17.0,12.0,54.0,1018260.0,111.0,17.0
2020-04-06,114.0,19.0,21.0,18.0,59.0,1018335.0,128.0,17.0
2020-04-07,126.0,28.0,21.0,21.0,69.0,1018147.0,149.0,21.0
2020-04-08,154.0,39.0,23.0,24.0,88.0,1018573.0,183.0,34.0
2020-04-09,184.0,39.0,30.0,20.0,98.0,1018503.0,217.0,34.0
2020-04-10,208.0,50.0,40.0,28.0,103.0,1017617.0,258.0,41.0
2020-04-11,246.0,71.0,46.0,37.0,111.0,1017597.0,307.0,49.0
2020-04-12,322.0,56.0,51.0,40.0,121.0,1018354.0,348.0,41.0
2020-04-13,408.0,82.0,62.0,45.0,150.0,1019181.0,410.0,62.0
2020-04-14,443.0,95.0,75.0,65.0,189.0,1019246.0,493.0,83.0
2020-04-15,519.0,107.0,100.0,69.0,225.0,1019362.0,574.0,81.0
2020-04-16,675.0,139.0,95.0,84.0,315.0,1019961.0,686.0,112.0
2020-04-17,839.0,168.0,130.0,107.0,341.0,1020255.0,821.0,135.0
2020-04-18,1039.0,188.0,171.0,145.0,421.0,1020616.0,971.0,150.0
2020-04-19,1228.0,249.0,209.0,165.0,531.0,1020062.0,1175.0,204.0
2020-04-20,1548.0,280.0,227.0,180.0,677.0,1020565.0,1389.0,214.0
2020-04-21,1832.0,364.0,272.0,230.0,792.0,1019605.0,1695.0,306.0
2020-04-22,2149.0,433.0,333.0,253.0,936.0,1018075.0,2049.0,354.0
2020-04-23,2463.0,528.0,407.0,317.0,1121.0,1015906.0,2473.0,424.0
2020-04-24,2991.0,610.0,516.0,392.0,1341.0,1016537.0,2971.0,498.0
2020-04-25,3630.0,735.0,609.0,486.0,1600.0,1015179.0,3539.0,568.0
2020-04-26,4550.0,924.0,705.0,536.0,1936.0,1013617.0,4258.0,719.0
2020-04-27,5469.0,1136.0,884.0,643.0,2276.0,1011076.0,5184.0,926.0
2020-04-28,6481.0,1371.0,1043.0,796.0,2762.0,1010456.0,6295.0,1111.0
2020-04-29,7580.0,1606.0,1287.0,1005.0,3311.0,1007665.0,7600.0,1305.0
2020-04-30,9214.0,1956.0,1481.0,1176.0,4068.0,1004453.0,9134.0,1534.0
2020-05-01,11128.0,2340.0,1809.0,1393.0,4879.0,1000903.0,10935.0,1801.0
2020-05-02,13402.0,2791.0,2189.0,1646.0,5884.0,997547.0,13161.0,2226.0
2020-05-03,15981.0,3329.0,2667.0,1897.0,7122.0,994172.0,15772.0,2611.0
2020-05-04,19158.0,4104.0,3084.0,2354.0,8559.0,987403.0,19025.0,3253.0
2020-05-05,22716.0,4893.0,3842.0,2851.0,10190.0,979123.0,22885.0,3860.0
2020-05-06,27202.0,5829.0,4537.0,3392.0,12169.0,969992.0,27419.0,4534.0
2020-05-07,32539.0,7038.0,5370.0,4151.0,14631.0,958440.0,32869.0,5450.0
2020-05-08,38487.0,8296.0,6547.0,4878.0,17625.0,946481.0,39277.0,6408.0
2020-05-09,45375.0,9816.0,7748.0,5892.0,21099.0,932426.0,47004.0,7727.0
2020-05-10,53741.0,11426.0,9143.0,7197.0,25247.0,916054.0,55943.0,8939.0
2020-05-11,63518.0,13985.0,10757.0,8539.0,30272.0,896383.0,66798.0,10855.0
2020-05-12,73931.0,16366.0,12713.0,10130.0,36207.0,874125.0,79406.0,12608.0
2020-05-13,86405.0,19294.0,15163.0,11884.0,43227.0,848182.0,94331.0,14925.0
2020-05-14,100335.0,22351.0,17873.0,14020.0,51717.0,818662.0,111392.0,17061.0
2020-05-15,115064.0,25994.0,20720.0,16692.0,61288.0,785329.0,131282.0,19890.0
2020-05-16,130611.0,29461.0,24054.0,19457.0,73163.0,748264.0,153911.0,22629.0
2020-05-17,146621.0,33436.0,27617.0,22535.0,86551.0,707420.0,179501.0,25590.0
2020-05-18,163057.0,37912.0,31355.0,25830.0,102045.0,664248.0,208244.0,28743.0
2020-05-19,179402.0,42085.0,35827.0,29455.0,119768.0,618477.0,239789.0,31545.0
2020-05-20,194149.0,46440.0,39777.0,33549.0,140228.0,571406.0,274606.0,34817.0
2020-05-21,208014.0,50745.0,44291.0,37560.0,163008.0,523240.0,312046.0,37440.0
2020-05-22,220006.0,54627.0,48226.0,41682.0,188722.0,473997.0,351928.0,39882.0
2020-05-23,227911.0,58088.0,52236.0,45523.0,216298.0,427176.0,393931.0,42003.0
2020-05-24,232802.0,60165.0,56075.0,49471.0,246874.0,380849.0,436992.0,43061.0
2020-05-25,235007.0,62159.0,58391.0,53181.0,279166.0,338122.0,480706.0,43714.0
2020-05-26,232477.0,62871.0,60069.0,56078.0,313808.0,299172.0,524798.0,44092.0
2020-05-27,227304.0,62938.0,60972.0,58317.0,350558.0,264382.0,568181.0,43383.0
2020-05-28,219787.0,61766.0,61200.0,59633.0,388889.0,233081.0,609977.0,41796.0
2020-05-29,209808.0,60408.0,61220.0,60243.0,427579.0,205706.0,650426.0,40449.0
2020-05-30,198700.0,58186.0,59988.0,60544.0,466560.0,182227.0,689148.0,38722.0
2020-05-31,185797.0,54789.0,58106.0,59903.0,506163.0,161587.0,725125.0,35977.0
2020-06-01,172770.0,52085.0,55813.0,58183.0,543605.0,143980.0,759033.0,33908.0
2020-06-02,158813.0,48655.0,53011.0,56063.0,580654.0,129213.0,790463.0,31430.0
2020-06-03,145315.0,45110.0,50069.0,54048.0,615882.0,116407.0,819452.0,28989.0
2020-06-04,131975.0,41652.0,46974.0,51266.0,649379.0,105871.0,845679.0,26227.0
2020-06-05,119501.0,37829.0,43325.0,47960.0,681087.0,96802.0,869125.0,23446.0
2020-06-06,107533.0,34797.0,39744.0,44701.0,711377.0,88911.0,890674.0,21549.0
2020-06-07,96764.0,31340.0,36283.0,41336.0,739040.0,82915.0,910040.0,19366.0
2020-06-08,86146.0,28020.0,32901.0,38161.0,764875.0,77619.0,927203.0,17163.0
2020-06-09,76324.0,25163.0,29813.0,35020.0,787702.0,73271.0,942570.0,15367.0
2020-06-10,68178.0,22371.0,26767.0,31765.0,809527.0,69051.0,956294.0,13724.0
2020-06-11,60251.0,20191.0,23905.0,28282.0,829033.0,65829.0,968670.0,12376.0
2020-06-12,53507.0,17963.0,21343.0,25609.0,845303.0,63148.0,979491.0,10821.0
2020-06-13,47505.0,15970.0,18944.0,23173.0,861033.0,60787.0,989096.0,9605.0
2020-06-14,41944.0,14079.0,16906.0,20756.0,874768.0,58807.0,997496.0,8400.0
2020-06-15,36786.0,12448.0,15296.0,18399.0,888093.0,56896.0,1004972.0,7476.0
2020-06-16,32249.0,11009.0,13564.0,16345.0,900084.0,55491.0,1011604.0,6632.0
2020-06-17,28700.0,9814.0,12101.0,14581.0,909003.0,54145.0,1017542.0,5938.0
2020-06-18,25042.0,8530.0,10685.0,13078.0,917910.0,52753.0,1022721.0,5179.0
2020-06-19,22076.0,7683.0,9251.0,11580.0,923919.0,51827.0,1027240.0,4519.0
2020-06-20,19342.0,6688.0,8326.0,10228.0,930951.0,50761.0,1031209.0,3969.0
2020-06-21,17035.0,5831.0,7295.0,9048.0,937060.0,50136.0,1034759.0,3550.0
2020-06-22,15042.0,5094.0,6560.0,7912.0,942988.0,49640.0,1037815.0,3056.0
2020-06-23,13059.0,4538.0,5645.0,7012.0,947974.0,49286.0,1040546.0,2731.0
2020-06-24,11436.0,3888.0,4970.0,6164.0,953975.0,48901.0,1042778.0,2232.0
2020-06-25,10115.0,3549.0,4310.0,5350.0,956364.0,48178.0,1044846.0,2068.0
2020-06-26,8940.0,3051.0,3880.0,4741.0,959216.0,47745.0,1046627.0,1781.0
2020-06-27,7819.0,2616.0,3399.0,4226.0,962071.0,47321.0,1048224.0,1597.0
2020-06-28,6858.0,2388.0,2967.0,3758.0,965401.0,47149.0,1049643.0,1419.0
2020-06-29,6025.0,2093.0,2639.0,3223.0,967292.0,47067.0,1050896.0,1253.0
2020-06-30,5222.0,1791.0,2264.0,2855.0,969057.0,46808.0,1051965.0,1069.0
2020-07-01,4554.0,1567.0,2029.0,2493.0,970947.0,46602.0,1052897.0,932.0
2020-07-02,3974.0,1388.0,1747.0,2265.0,972210.0,46389.0,1053723.0,826.0
2020-07-03,3497.0,1241.0,1507.0,1847.0,973114.0,46343.0,1054466.0,743.0
2020-07-04,3047.0,1092.0,1341.0,1620.0,975377.0,46188.0,1055138.0,672.0
2020-07-05,2724.0,988.0,1184.0,1426.0,976417.0,45949.0,1055693.0,555.0
2020-07-06,2359.0,826.0,1094.0,1272.0,977638.0,46251.0,1056169.0,476.0
