time,E,I1,I2,I3,R,S,cumI,diffI
2020-03-06,3.0,3.0,0.0,0.0,0.0,970355.0,0.0,0.0
2020-03-07,4.0,2.0,0.0,0.0,0.0,972315.0,0.0,0.0
2020-03-08,3.0,2.0,1.0,0.0,0.0,980554.0,2.0,2.0
2020-03-09,2.0,0.0,2.0,0.0,0.0,987325.0,3.0,1.0
2020-03-10,3.0,1.0,0.0,0.0,2.0,992833.0,4.0,1.0
2020-03-11,3.0,1.0,2.0,0.0,1.0,997171.0,5.0,1.0
2020-03-12,4.0,0.0,2.0,0.0,1.0,999671.0,5.0,0.0
2020-03-13,5.0,0.0,1.0,0.0,1.0,1002105.0,5.0,0.0
2020-03-14,7.0,2.0,1.0,0.0,1.0,1004249.0,7.0,2.0
2020-03-15,6.0,1.0,0.0,1.0,0.0,1006131.0,7.0,0.0
2020-03-16,6.0,3.0,1.0,2.0,2.0,1007872.0,9.0,2.0
2020-03-17,10.0,3.0,4.0,0.0,5.0,1008755.0,10.0,1.0
2020-03-18,14.0,2.0,4.0,1.0,6.0,1009702.0,11.0,1.0
2020-03-19,13.0,1.0,3.0,1.0,9.0,1009113.0,14.0,3.0
2020-03-20,20.0,3.0,4.0,1.0,6.0,1011028.0,19.0,5.0
2020-03-21,22.0,2.0,4.0,3.0,8.0,1011746.0,21.0,2.0
2020-03-22,22.0,6.0,2.0,1.0,8.0,1011496.0,27.0,6.0
2020-03-23,18.0,3.0,7.0,1.0,10.0,1012370.0,30.0,3.0
2020-03-24,23.0,2.0,7.0,2.0,6.0,1012344.0,32.0,2.0
2020-03-25,30.0,6.0,11.0,3.0,11.0,1012939.0,40.0,8.0
2020-03-26,39.0,8.0,8.0,6.0,16.0,1012422.0,47.0,7.0
2020-03-27,57.0,11.0,12.0,4.0,16.0,1013492.0,58.0,11.0
2020-03-28,60.0,17.0,10.0,10.0,25.0,1013687.0,70.0,12.0
2020-03-29,75.0,13.0,19.0,11.0,37.0,1015729.0,79.0,9.0
2020-03-30,88.0,12.0,23.0,13.0,45.0,1014596.0,92.0,13.0
2020-03-31,102.0,18.0,15.0,11.0,49.0,1015922.0,105.0,13.0
2020-04-01,127.0,18.0,18.0,22.0,54.0,1016064.0,122.0,17.0
2020-04-02,152.0,29.0,13.0,20.0,69.0,1016429.0,146.0,24.0
2020-04-03,167.0,40.0,12.0,18.0,84.0,1016059.0,173.0,27.0
2020-04-04,193.0,46.0,33.0,20.0,101.0,1015616.0,211.0,38.0
2020-04-05,241.0,63.0,40.0,28.0,115.0,1016154.0,260.0,49.0
2020-04-06,313.0,64.0,57.0,38.0,136.0,1017004.0,312.0,52.0
2020-04-07,385.0,84.0,49.0,54.0,164.0,1016401.0,385.0,73.0
2020-04-08,419.0,109.0,68.0,64.0,184.0,1015490.0,467.0,82.0
2020-04-09,530.0,114.0,84.0,68.0,226.0,1015831.0,547.0,80.0
2020-04-10,632.0,159.0,84.0,83.0,277.0,1016439.0,663.0,116.0
2020-04-11,761.0,174.0,142.0,77.0,344.0,1016386.0,790.0,127.0
2020-04-12,967.0,196.0,167.0,117.0,418.0,1016536.0,949.0,159.0
2020-04-13,1090.0,240.0,187.0,150.0,510.0,1016565.0,1142.0,193.0
2020-04-14,1265.0,285.0,229.0,192.0,603.0,1015800.0,1364.0,222.0
2020-04-15,1616.0,315.0,261.0,226.0,709.0,1016416.0,1618.0,254.0
2020-04-16,1927.0,387.0,323.0,234.0,841.0,1014948.0,1955.0,337.0
2020-04-17,2324.0,494.0,366.0,322.0,1005.0,1015216.0,2353.0,398.0
2020-04-18,2831.0,592.0,441.0,358.0,1194.0,1013389.0,2808.0,455.0
2020-04-19,3392.0,684.0,549.0,417.0,1402.0,1013407.0,3347.0,539.0
2020-04-20,4086.0,860.0,677.0,512.0,1677.0,1012995.0,4025.0,678.0
2020-04-21,4833.0,1083.0,802.0,621.0,2036.0,1010936.0,4889.0,864.0
2020-04-22,5979.0,1197.0,968.0,781.0,2487.0,1009955.0,5826.0,937.0
2020-04-23,7179.0,1507.0,1157.0,917.0,2982.0,1008827.0,7019.0,1193.0
2020-04-24,8626.0,1787.0,1407.0,1077.0,3621.0,1005301.0,8403.0,1384.0
2020-04-25,10506.0,2170.0,1682.0,1275.0,4393.0,1002194.0,10184.0,1781.0
2020-04-26,12557.0,2661.0,1934.0,1559.0,5282.0,996139.0,12252.0,2068.0
2020-04-27,14932.0,3131.0,2453.0,1845.0,6385.0,991921.0,14721.0,2469.0
2020-04-28,17727.0,3779.0,2855.0,2261.0,7532.0,986048.0,17729.0,3008.0
2020-04-29,21242.0,4584.0,3496.0,2675.0,9149.0,980858.0,21367.0,3638.0
2020-04-30,25253.0,5469.0,4226.0,3270.0,11124.0,973581.0,25650.0,4283.0
2020-05-01,30306.0,6494.0,5088.0,3962.0,13429.0,963529.0,30707.0,5057.0
2020-05-02,35994.0,7953.0,6087.0,4628.0,16385.0,951776.0,36932.0,6225.0
2020-05-03,42849.0,9416.0,7207.0,5577.0,19574.0,937348.0,44213.0,7281.0
2020-05-04,50537.0,10881.0,8510.0,6694.0,23464.0,921851.0,52703.0,8490.0
2020-05-05,59415.0,13040.0,10340.0,7857.0,27993.0,905003.0,62823.0,10120.0
2020-05-06,70101.0,15260.0,12034.0,9423.0,33418.0,882603.0,74757.0,11934.0
2020-05-07,81310.0,17780.0,14348.0,11231.0,40151.0,857704.0,88633.0,13876.0
2020-05-08,94420.0,20829.0,16470.0,13440.0,47780.0,830420.0,104633.0,16000.0
2020-05-09,108334.0,24289.0,19504.0,15460.0,56997.0,798499.0,123563.0,18930.0
2020-05-10,123445.0,27821.0,22707.0,17986.0,67662.0,763920.0,145113.0,21550.0
2020-05-11,139156.0,31676.0,26246.0,21111.0,80349.0,725398.0,169213.0,24100.0
2020-05-12,155995.0,35523.0,30122.0,24335.0,94541.0,683110.0,196151.0,26938.0
2020-05-13,171544.0,39938.0,33851.0,27793.0,111053.0,639303.0,226481.0,30330.0
2020-05-14,187054.0,44213.0,38068.0,31587.0,130233.0,592092.0,259709.0,33228.0
2020-05-15,201068.0,48988.0,42028.0,35857.0,151199.0,544838.0,296119.0,36410.0
2020-05-16,213808.0,52453.0,46358.0,39800.0,175876.0,497005.0,334619.0,38500.0
2020-05-17,223135.0,56155.0,50359.0,43941.0,202650.0,448348.0,375508.0,40889.0
2020-05-18,229571.0,59244.0,53606.0,47693.0,232001.0,401780.0,418163.0,42655.0
2020-05-19,232608.0,61088.0,56296.0,51307.0,264022.0,358581.0,461148.0,42985.0
2020-05-20,232630.0,62705.0,58958.0,54490.0,297588.0,317074.0,505337.0,44189.0
2020-05-21,229226.0,63234.0,60675.0,56980.0,334163.0,280961.0,548823.0,43486.0
2020-05-22,223286.0,62612.0,61601.0,58829.0,371887.0,247125.0,591809.0,42986.0
2020-05-23,214303.0,61272.0,61542.0,60317.0,409454.0,218249.0,633227.0,41418.0
2020-05-24,203473.0,59128.0,60695.0,60327.0,448260.0,192552.0,672834.0,39607.0
2020-05-25,190686.0,56331.0,59282.0,60018.0,487915.0,170290.0,710064.0,37230.0
2020-05-26,176757.0,53828.0,56938.0,58888.0,526826.0,151564.0,745103.0,35039.0
2020-05-27,163532.0,50527.0,54345.0,57089.0,563993.0,135047.0,777302.0,32199.0
2020-05-28,150434.0,46372.0,51527.0,55109.0,600296.0,121849.0,806914.0,29612.0
2020-05-29,136889.0,42874.0,47962.0,52622.0,634364.0,110317.0,834216.0,27302.0
2020-05-30,124156.0,39584.0,44724.0,49170.0,666116.0,100491.0,858977.0,24761.0
2020-05-31,112673.0,35833.0,41336.0,45934.0,697097.0,92170.0,881424.0,22447.0
2020-06-01,101063.0,32593.0,37845.0,42664.0,726092.0,85514.0,901729.0,20305.0
2020-06-02,89857.0,29382.0,34508.0,39234.0,751790.0,79802.0,919921.0,18192.0
2020-06-03,80130.0,26312.0,31124.0,36266.0,777069.0,74800.0,936084.0,16163.0
2020-06-04,71341.0,23553.0,27941.0,32971.0,798558.0,70755.0,950425.0,14341.0
2020-06-05,63116.0,21005.0,25292.0,29816.0,819444.0,67192.0,963189.0,12764.0
2020-06-06,56112.0,18625.0,22658.0,27196.0,838650.0,64114.0,974478.0,11289.0
2020-06-07,49625.0,16680.0,20220.0,24209.0,854749.0,61608.0,984473.0,9995.0
2020-06-08,43877.0,14757.0,17893.0,21617.0,869582.0,59583.0,993285.0,8812.0
2020-06-09,38908.0,13143.0,15902.0,19232.0,882630.0,57722.0,1001157.0,7872.0
2020-06-10,34450.0,11562.0,14289.0,17313.0,893476.0,56112.0,1008109.0,6952.0
2020-06-11,30316.0,10253.0,12698.0,15431.0,904114.0,54408.0,1014360.0,6251.0
2020-06-12,26766.0,9009.0,11368.0,13600.0,912686.0,52973.0,1019881.0,5521.0
2020-06-13,23502.0,7970.0,9961.0,12124.0,922030.0,52174.0,1024573.0,4692.0
2020-06-14,20695.0,7163.0,8575.0,10875.0,928549.0,51345.0,1028886.0,4313.0
2020-06-15,18172.0,6258.0,7797.0,9472.0,935415.0,50379.0,1032609.0,3723.0
2020-06-16,16072.0,5391.0,6931.0,8396.0,941090.0,49573.0,1035802.0,3193.0
2020-06-17,13987.0,4858.0,5999.0,7384.0,946100.0,48809.0,1038690.0,2888.0
2020-06-18,12269.0,4263.0,5404.0,6454.0,951989.0,48283.0,1041279.0,2589.0
2020-06-19,10834.0,3700.0,4578.0,5861.0,956438.0,48181.0,1043410.0,2131.0
2020-06-20,9490.0,3290.0,4001.0,5009.0,961104.0,47738.0,1045384.0,1974.0
2020-06-21,8209.0,2897.0,3502.0,4444.0,963140.0,47352.0,1047129.0,1745.0
2020-06-22,7084.0,2514.0,3155.0,3924.0,965867.0,47194.0,1048615.0,1486.0
2020-06-23,6262.0,2206.0,2758.0,3432.0,967777.0,46761.0,1049891.0,1276.0
2020-06-24,5423.0,1906.0,2364.0,3006.0,969551.0,46683.0,1051005.0,1114.0
2020-06-25,4657.0,1568.0,2096.0,2538.0,970608.0,46283.0,1051955.0,950.0
2020-06-26,4124.0,1420.0,1848.0,2245.0,972854.0,46024.0,1052797.0,842.0
2020-06-27,3634.0,1204.0,1620.0,2012.0,973447.0,46144.0,1053496.0,699.0
2020-06-28,3196.0,1134.0,1391.0,1725.0,973595.0,46307.0,1054185.0,689.0
2020-06-29,2786.0,1027.0,1171.0,1512.0,973742.0,46481.0,1054738.0,553.0
2020-06-30,2446.0,873.0,1050.0,1273.0,976210.0,46548.0,1055262.0,524.0
2020-07-01,2164.0,745.0,915.0,1167.0,977187.0,46418.0,1055675.0,413.0
2020-07-02,1885.0,652.0,794.0,1007.0,978368.0,45962.0,1056091.0,416.0
2020-07-03,1628.0,557.0,707.0,900.0,979113.0,45884.0,1056427.0,336.0
2020-07-04,1428.0,497.0,623.0,752.0,979285.0,45705.0,1056714.0,287.0
2020-07-05,1237.0,427.0,554.0,659.0,979589.0,45903.0,1056967.0,253.0
2020-07-06,1050.0,361.0,481.0,588.0,980960.0,45940.0,1057200.0,233.0
