time,E,I1,I2,I3,R,S,cumI,diffI
2020-03-06,1.0,3.0,0.0,0.0,0.0,969967.0,0.0,0.0
2020-03-07,1.0,2.0,0.0,0.0,0.0,972729.0,1.0,1.0
2020-03-08,2.0,0.0,0.0,0.0,0.0,980520.0,1.0,0.0
2020-03-09,3.0,0.0,0.0,0.0,0.0,986748.0,1.0,0.0
2020-03-10,2.0,0.0,0.0,0.0,0.0,991000.0,1.0,0.0
2020-03-11,3.0,0.0,0.0,0.0,1.0,995564.0,1.0,0.0
2020-03-12,1.0,1.0,0.0,0.0,1.0,999634.0,1.0,0.0
2020-03-13,2.0,1.0,0.0,0.0,1.0,1002484.0,1.0,0.0
2020-03-14,4.0,1.0,0.0,0.0,1.0,1004523.0,1.0,0.0
2020-03-15,5.0,1.0,1.0,0.0,1.0,1005562.0,2.0,1.0
2020-03-16,5.0,0.0,1.0,0.0,2.0,1007477.0,2.0,0.0
2020-03-17,5.0,2.0,0.0,0.0,1.0,1008522.0,3.0,1.0
2020-03-18,4.0,2.0,0.0,0.0,0.0,1010813.0,5.0,2.0
2020-03-19,5.0,2.0,0.0,0.0,1.0,1011516.0,5.0,0.0
2020-03-20,8.0,3.0,0.0,0.0,1.0,1010990.0,5.0,0.0
2020-03-21,11.0,4.0,0.0,0.0,3.0,1013211.0,6.0,1.0
2020-03-22,16.0,1.0,3.0,0.0,3.0,1014138.0,7.0,1.0
2020-03-23,11.0,4.0,3.0,2.0,3.0,1014380.0,11.0,4.0
2020-03-24,9.0,4.0,2.0,1.0,4.0,1014587.0,12.0,1.0
2020-03-25,17.0,4.0,1.0,5.0,8.0,1015362.0,13.0,1.0
2020-03-26,16.0,8.0,5.0,2.0,8.0,1014373.0,21.0,8.0
2020-03-27,34.0,9.0,7.0,2.0,6.0,1016058.0,26.0,5.0
2020-03-28,41.0,6.0,7.0,4.0,11.0,1015224.0,33.0,7.0
2020-03-29,42.0,9.0,7.0,5.0,16.0,1015089.0,45.0,12.0
2020-03-30,43.0,8.0,6.0,5.0,20.0,1016595.0,51.0,6.0
2020-03-31,52.0,14.0,6.0,5.0,17.0,1016726.0,63.0,12.0
2020-04-01,60.0,16.0,10.0,5.0,25.0,1016301.0,72.0,9.0
2020-04-02,70.0,19.0,14.0,7.0,24.0,1015841.0,87.0,15.0
2020-04-03,91.0,12.0,17.0,10.0,31.0,1016951.0,92.0,5.0
2020-04-04,100.0,18.0,15.0,14.0,46.0,1016734.0,107.0,15.0
2020-04-05,112.0,30.0,17.0,8.0,59.0,1015862.0,126.0,19.0
2020-04-06,161.0,28.0,26.0,15.0,76.0,1017085.0,144.0,18.0
2020-04-07,161.0,36.0,33.0,15.0,81.0,1017037.0,177.0,33.0
2020-04-08,194.0,31.0,33.0,24.0,87.0,1016750.0,209.0,32.0
2020-04-09,235.0,48.0,28.0,32.0,106.0,1017269.0,242.0,33.0
2020-04-10,284.0,70.0,35.0,33.0,127.0,1017920.0,295.0,53.0
2020-04-11,335.0,82.0,51.0,38.0,141.0,1016693.0,358.0,63.0
2020-04-12,414.0,69.0,64.0,53.0,145.0,1018113.0,410.0,52.0
2020-04-13,471.0,84.0,66.0,58.0,199.0,1019492.0,473.0,63.0
2020-04-14,564.0,115.0,86.0,65.0,238.0,1017868.0,570.0,97.0
2020-04-15,645.0,149.0,108.0,77.0,294.0,1018210.0,690.0,120.0
2020-04-16,814.0,161.0,128.0,96.0,367.0,1017898.0,819.0,129.0
2020-04-17,948.0,197.0,146.0,119.0,451.0,1017734.0,975.0,156.0
2020-04-18,1089.0,256.0,170.0,151.0,529.0,1017766.0,1168.0,193.0
2020-04-19,1335.0,282.0,227.0,183.0,632.0,1017312.0,1384.0,216.0
2020-04-20,1623.0,346.0,248.0,210.0,776.0,1017100.0,1648.0,264.0
2020-04-21,2032.0,432.0,304.0,261.0,912.0,1017154.0,1943.0,295.0
2020-04-22,2394.0,492.0,405.0,302.0,1045.0,1016313.0,2311.0,368.0
2020-04-23,2844.0,606.0,455.0,379.0,1266.0,1014460.0,2797.0,486.0
2020-04-24,3440.0,736.0,548.0,442.0,1516.0,1013040.0,3362.0,565.0
2020-04-25,4160.0,893.0,703.0,528.0,1801.0,1012579.0,4068.0,706.0
2020-04-26,4955.0,1069.0,831.0,650.0,2201.0,1010350.0,4917.0,849.0
2020-04-27,5946.0,1315.0,986.0,757.0,2776.0,1009054.0,5945.0,1028.0
2020-04-28,7169.0,1572.0,1186.0,933.0,3243.0,1006654.0,7133.0,1188.0
2020-04-29,8687.0,1845.0,1474.0,1111.0,3806.0,1003441.0,8600.0,1467.0
2020-04-30,10590.0,2231.0,1684.0,1363.0,4565.0,1000312.0,10327.0,1727.0
2020-05-01,12651.0,2762.0,2030.0,1639.0,5446.0,996808.0,12471.0,2144.0
2020-05-02,15033.0,3149.0,2521.0,1986.0,6577.0,991953.0,14964.0,2493.0
2020-05-03,18079.0,3880.0,2975.0,2363.0,7874.0,986435.0,18057.0,3093.0
2020-05-04,21920.0,4668.0,3597.0,2814.0,9546.0,980001.0,21791.0,3734.0
2020-05-05,26084.0,5543.0,4409.0,3369.0,11638.0,971609.0,26207.0,4416.0
2020-05-06,30843.0,6667.0,5136.0,4052.0,13852.0,962252.0,31412.0,5205.0
2020-05-07,36582.0,7810.0,6194.0,4788.0,16613.0,949243.0,37479.0,6067.0
2020-05-08,43427.0,9257.0,7433.0,5585.0,19951.0,936406.0,44753.0,7274.0
2020-05-09,51106.0,11009.0,8699.0,6774.0,23642.0,920811.0,53352.0,8599.0
2020-05-10,60294.0,12761.0,10476.0,8120.0,28385.0,903057.0,63564.0,10212.0
2020-05-11,70552.0,15370.0,12202.0,9714.0,33896.0,881703.0,75741.0,12177.0
2020-05-12,81805.0,18153.0,14317.0,11280.0,40661.0,856618.0,89722.0,13981.0
2020-05-13,94979.0,21107.0,16837.0,13428.0,48250.0,829380.0,105950.0,16228.0
2020-05-14,109613.0,24235.0,19599.0,15855.0,57394.0,796661.0,124704.0,18754.0
2020-05-15,124822.0,28026.0,22639.0,18283.0,68424.0,762305.0,146144.0,21440.0
2020-05-16,140370.0,32170.0,26053.0,20980.0,80951.0,723571.0,170456.0,24312.0
2020-05-17,156725.0,36232.0,29942.0,24353.0,95545.0,682036.0,197897.0,27441.0
2020-05-18,173253.0,40696.0,34025.0,28353.0,111930.0,636283.0,228378.0,30481.0
2020-05-19,188477.0,45155.0,38046.0,31987.0,131402.0,588763.0,262034.0,33656.0
2020-05-20,202514.0,49073.0,42489.0,35911.0,152594.0,541144.0,298283.0,36249.0
2020-05-21,214999.0,53119.0,46403.0,39796.0,176959.0,493062.0,336955.0,38672.0
2020-05-22,224395.0,56687.0,50342.0,44021.0,203337.0,445112.0,378329.0,41374.0
2020-05-23,231067.0,59560.0,54093.0,48110.0,233105.0,399011.0,420869.0,42540.0
2020-05-24,233704.0,61448.0,57182.0,51448.0,265671.0,355271.0,464276.0,43407.0
2020-05-25,233969.0,62671.0,59244.0,55005.0,299789.0,314516.0,508201.0,43925.0
2020-05-26,230476.0,63165.0,60880.0,57655.0,336066.0,277719.0,551750.0,43549.0
2020-05-27,224258.0,62208.0,61746.0,59088.0,373654.0,244319.0,594549.0,42799.0
2020-05-28,215164.0,61206.0,61446.0,60466.0,411324.0,216061.0,636083.0,41534.0
2020-05-29,203539.0,59176.0,60658.0,60341.0,450592.0,190814.0,675686.0,39603.0
2020-05-30,190791.0,56614.0,59484.0,59996.0,489709.0,169146.0,713108.0,37422.0
2020-05-31,177493.0,53811.0,56862.0,58896.0,528396.0,150447.0,748381.0,35273.0
2020-06-01,163473.0,49996.0,54374.0,57312.0,566413.0,135385.0,780586.0,32205.0
2020-06-02,150278.0,46577.0,50841.0,54757.0,601862.0,121982.0,810382.0,29796.0
2020-06-03,136917.0,43028.0,48035.0,52214.0,636525.0,110654.0,837738.0,27356.0
2020-06-04,124937.0,39371.0,44705.0,49183.0,668810.0,101124.0,862394.0,24656.0
2020-06-05,112319.0,36073.0,41095.0,45836.0,699949.0,92999.0,885033.0,22639.0
2020-06-06,100678.0,32647.0,37633.0,42788.0,728032.0,85925.0,905267.0,20234.0
2020-06-07,90129.0,29205.0,34665.0,39347.0,754971.0,79960.0,923411.0,18144.0
2020-06-08,80718.0,26585.0,31227.0,35997.0,777429.0,75322.0,939696.0,16285.0
2020-06-09,71549.0,23912.0,28143.0,32761.0,799312.0,70876.0,954521.0,14825.0
2020-06-10,63705.0,21464.0,25379.0,29777.0,818751.0,67490.0,967450.0,12929.0
2020-06-11,56550.0,19138.0,22584.0,26852.0,836945.0,64756.0,978991.0,11541.0
2020-06-12,50412.0,17035.0,20216.0,24246.0,853982.0,62449.0,989020.0,10029.0
2020-06-13,44806.0,15048.0,18201.0,21780.0,867532.0,60075.0,998008.0,8988.0
2020-06-14,39519.0,13115.0,16191.0,19389.0,880736.0,58362.0,1005893.0,7885.0
2020-06-15,35146.0,11686.0,14466.0,17387.0,892419.0,56614.0,1012971.0,7078.0
2020-06-16,30640.0,10358.0,12764.0,15363.0,903554.0,54870.0,1019307.0,6336.0
2020-06-17,26727.0,9177.0,11300.0,13861.0,911967.0,53513.0,1024752.0,5445.0
2020-06-18,23691.0,7914.0,10069.0,12262.0,919715.0,52518.0,1029575.0,4823.0
2020-06-19,20609.0,7149.0,8751.0,10815.0,926622.0,51571.0,1033840.0,4265.0
2020-06-20,18019.0,6221.0,7792.0,9605.0,932979.0,50884.0,1037561.0,3721.0
2020-06-21,15812.0,5514.0,7103.0,8521.0,939643.0,49927.0,1040840.0,3279.0
2020-06-22,13953.0,4750.0,6148.0,7556.0,944181.0,49410.0,1043695.0,2855.0
2020-06-23,12147.0,4223.0,5417.0,6605.0,947999.0,48877.0,1046221.0,2526.0
2020-06-24,10697.0,3612.0,4634.0,5862.0,952628.0,48607.0,1048390.0,2169.0
2020-06-25,9472.0,3168.0,4087.0,5156.0,956072.0,48292.0,1050282.0,1892.0
2020-06-26,8144.0,2849.0,3567.0,4427.0,958584.0,48165.0,1051981.0,1699.0
2020-06-27,7225.0,2479.0,3163.0,3912.0,962214.0,47688.0,1053443.0,1462.0
2020-06-28,6422.0,2186.0,2752.0,3344.0,965406.0,47294.0,1054734.0,1291.0
2020-06-29,5511.0,1910.0,2455.0,2986.0,967448.0,47201.0,1055914.0,1180.0
2020-06-30,4885.0,1680.0,2089.0,2634.0,969024.0,47047.0,1056919.0,1005.0
2020-07-01,4307.0,1485.0,1839.0,2346.0,971625.0,46791.0,1057792.0,873.0
2020-07-02,3780.0,1289.0,1583.0,2101.0,971796.0,46933.0,1058536.0,744.0
2020-07-03,3350.0,1159.0,1415.0,1814.0,973322.0,46848.0,1059220.0,684.0
2020-07-04,2912.0,1010.0,1267.0,1583.0,974518.0,46772.0,1059859.0,639.0
2020-07-05,2559.0,869.0,1112.0,1406.0,975017.0,46736.0,1060378.0,519.0
2020-07-06,2225.0,732.0,973.0,1213.0,976126.0,46580.0,1060829.0,451.0
