time,E,I1,I2,I3,R,S,cumI,diffI
2020-03-06,0.0,3.0,0.0,0.0,0.0,970012.0,0.0,0.0
2020-03-07,2.0,0.0,1.0,1.0,1.0,973607.0,0.0,0.0
2020-03-08,1.0,1.0,0.0,0.0,0.0,979782.0,1.0,1.0
2020-03-09,0.0,0.0,0.0,0.0,0.0,986356.0,1.0,0.0
2020-03-10,0.0,0.0,0.0,0.0,0.0,992745.0,1.0,0.0
2020-03-11,0.0,0.0,0.0,0.0,0.0,997337.0,1.0,0.0
2020-03-12,0.0,0.0,0.0,0.0,0.0,1000448.0,1.0,0.0
2020-03-13,0.0,0.0,0.0,0.0,0.0,1003206.0,1.0,0.0
2020-03-14,0.0,0.0,0.0,0.0,0.0,1004766.0,1.0,0.0
2020-03-15,1.0,0.0,0.0,0.0,2.0,1005386.0,1.0,0.0
2020-03-16,1.0,0.0,0.0,0.0,1.0,1006890.0,1.0,0.0
2020-03-17,0.0,0.0,0.0,0.0,1.0,1008356.0,1.0,0.0
2020-03-18,0.0,0.0,0.0,0.0,1.0,1010005.0,1.0,0.0
2020-03-19,0.0,0.0,0.0,0.0,1.0,1010506.0,1.0,0.0
2020-03-20,0.0,0.0,0.0,0.0,1.0,1011979.0,1.0,0.0
2020-03-21,0.0,0.0,1.0,0.0,1.0,1013291.0,1.0,0.0
2020-03-22,0.0,0.0,1.0,0.0,1.0,1013526.0,1.0,0.0
2020-03-23,2.0,0.0,1.0,0.0,0.0,1014585.0,1.0,0.0
2020-03-24,2.0,1.0,0.0,0.0,0.0,1014795.0,2.0,1.0
2020-03-25,1.0,0.0,1.0,0.0,0.0,1014751.0,2.0,0.0
2020-03-26,2.0,0.0,0.0,0.0,1.0,1016440.0,2.0,0.0
2020-03-27,1.0,0.0,0.0,0.0,2.0,1016771.0,2.0,0.0
2020-03-28,2.0,0.0,0.0,0.0,1.0,1016761.0,2.0,0.0
2020-03-29,3.0,0.0,1.0,0.0,2.0,1016139.0,2.0,0.0
2020-03-30,6.0,0.0,2.0,1.0,0.0,1015037.0,4.0,2.0
2020-03-31,11.0,0.0,0.0,2.0,2.0,1014906.0,5.0,1.0
2020-04-01,10.0,3.0,0.0,0.0,4.0,1015320.0,6.0,1.0
2020-04-02,11.0,3.0,0.0,0.0,6.0,1015368.0,6.0,0.0
2020-04-03,14.0,3.0,1.0,1.0,9.0,1015468.0,7.0,1.0
2020-04-04,13.0,1.0,2.0,1.0,10.0,1015251.0,7.0,0.0
2020-04-05,14.0,3.0,2.0,1.0,12.0,1017219.0,9.0,2.0
2020-04-06,22.0,1.0,4.0,1.0,9.0,1018395.0,11.0,2.0
2020-04-07,25.0,4.0,4.0,2.0,12.0,1018645.0,15.0,4.0
2020-04-08,32.0,8.0,2.0,3.0,12.0,1017875.0,19.0,4.0
2020-04-09,35.0,6.0,5.0,4.0,15.0,1018721.0,23.0,4.0
2020-04-10,40.0,8.0,0.0,2.0,24.0,1021278.0,26.0,3.0
2020-04-11,42.0,9.0,8.0,4.0,28.0,1021568.0,35.0,9.0
2020-04-12,51.0,9.0,17.0,6.0,22.0,1020268.0,44.0,9.0
2020-04-13,68.0,12.0,13.0,15.0,22.0,1020045.0,57.0,13.0
2020-04-14,78.0,14.0,12.0,10.0,37.0,1020421.0,68.0,11.0
2020-04-15,106.0,19.0,14.0,13.0,40.0,1019277.0,85.0,17.0
2020-04-16,127.0,27.0,19.0,10.0,59.0,1019865.0,112.0,27.0
2020-04-17,158.0,32.0,23.0,24.0,78.0,1019505.0,140.0,28.0
2020-04-18,193.0,48.0,35.0,24.0,94.0,1018500.0,173.0,33.0
2020-04-19,242.0,55.0,39.0,28.0,107.0,1019386.0,218.0,45.0
2020-04-20,301.0,60.0,59.0,30.0,120.0,1018054.0,269.0,51.0
2020-04-21,368.0,79.0,57.0,46.0,149.0,1018610.0,328.0,59.0
2020-04-22,432.0,93.0,68.0,51.0,173.0,1020105.0,396.0,68.0
2020-04-23,522.0,103.0,81.0,51.0,218.0,1019224.0,467.0,71.0
2020-04-24,641.0,142.0,108.0,62.0,283.0,1017373.0,586.0,119.0
2020-04-25,759.0,157.0,116.0,91.0,350.0,1017945.0,715.0,129.0
2020-04-26,950.0,164.0,147.0,110.0,405.0,1018392.0,848.0,133.0
2020-04-27,1165.0,226.0,147.0,147.0,484.0,1019245.0,1016.0,168.0
2020-04-28,1400.0,295.0,174.0,175.0,607.0,1020318.0,1234.0,218.0
2020-04-29,1666.0,356.0,243.0,193.0,702.0,1019850.0,1498.0,264.0
2020-04-30,1996.0,408.0,293.0,228.0,868.0,1019716.0,1793.0,295.0
2020-05-01,2307.0,479.0,393.0,302.0,1049.0,1018636.0,2187.0,394.0
2020-05-02,2774.0,576.0,473.0,360.0,1240.0,1017578.0,2669.0,482.0
2020-05-03,3456.0,724.0,536.0,451.0,1479.0,1017099.0,3257.0,588.0
2020-05-04,4159.0,913.0,677.0,516.0,1751.0,1014720.0,3983.0,726.0
2020-05-05,5197.0,1084.0,871.0,620.0,2104.0,1013896.0,4869.0,886.0
2020-05-06,6230.0,1360.0,1010.0,765.0,2613.0,1011793.0,5920.0,1051.0
2020-05-07,7540.0,1619.0,1270.0,945.0,3144.0,1009868.0,7186.0,1266.0
2020-05-08,8990.0,1865.0,1480.0,1145.0,3753.0,1006924.0,8688.0,1502.0
2020-05-09,10731.0,2280.0,1780.0,1344.0,4526.0,1004350.0,10478.0,1790.0
2020-05-10,12918.0,2706.0,2130.0,1660.0,5508.0,998741.0,12650.0,2172.0
2020-05-11,15477.0,3366.0,2572.0,1956.0,6692.0,994717.0,15303.0,2653.0
2020-05-12,18523.0,3920.0,3025.0,2436.0,8073.0,987155.0,18397.0,3094.0
2020-05-13,21954.0,4721.0,3683.0,2840.0,9717.0,980581.0,22134.0,3737.0
2020-05-14,26463.0,5580.0,4460.0,3387.0,11728.0,972700.0,26506.0,4372.0
2020-05-15,31515.0,6698.0,5250.0,4033.0,13923.0,962565.0,31831.0,5325.0
2020-05-16,37578.0,7966.0,6311.0,4939.0,16915.0,950083.0,38136.0,6305.0
2020-05-17,44656.0,9521.0,7446.0,5780.0,20064.0,936288.0,45491.0,7355.0
2020-05-18,52843.0,11371.0,8922.0,6907.0,24395.0,919490.0,54323.0,8832.0
2020-05-19,62057.0,13472.0,10588.0,8113.0,29037.0,901004.0,64794.0,10471.0
2020-05-20,73054.0,15739.0,12723.0,9931.0,34920.0,879201.0,77080.0,12286.0
2020-05-21,84908.0,18712.0,14693.0,11772.0,41693.0,853704.0,91615.0,14535.0
2020-05-22,98389.0,21683.0,17357.0,13760.0,49736.0,823815.0,108220.0,16605.0
2020-05-23,112853.0,25369.0,20089.0,16101.0,59340.0,790432.0,127672.0,19452.0
2020-05-24,128649.0,29026.0,23332.0,19012.0,70191.0,754810.0,149729.0,22057.0
2020-05-25,144417.0,33131.0,27040.0,22118.0,83306.0,714661.0,175094.0,25365.0
2020-05-26,161372.0,37339.0,30965.0,25443.0,98770.0,671136.0,203152.0,28058.0
2020-05-27,177950.0,41593.0,35055.0,29161.0,116062.0,625463.0,234143.0,30991.0
2020-05-28,192859.0,45962.0,39112.0,33379.0,136024.0,577873.0,268242.0,34099.0
2020-05-29,206604.0,50370.0,43353.0,36891.0,158302.0,530077.0,305288.0,37046.0
2020-05-30,218714.0,54001.0,47409.0,41273.0,183280.0,480732.0,344965.0,39677.0
2020-05-31,226508.0,57305.0,51727.0,45417.0,210452.0,433343.0,386307.0,41342.0
2020-06-01,231621.0,60113.0,54725.0,49423.0,241157.0,387964.0,429433.0,43126.0
2020-06-02,234165.0,62227.0,57475.0,52765.0,274003.0,345005.0,473413.0,43980.0
2020-06-03,233663.0,62664.0,60256.0,55321.0,309239.0,304516.0,517135.0,43722.0
2020-06-04,229127.0,63229.0,61246.0,57800.0,346146.0,268928.0,560544.0,43409.0
2020-06-05,222246.0,62584.0,61633.0,59674.0,383406.0,236112.0,603103.0,42559.0
2020-06-06,211839.0,60726.0,62217.0,60028.0,422332.0,208575.0,643983.0,40880.0
2020-06-07,200342.0,58761.0,61223.0,60532.0,460464.0,184485.0,683403.0,39420.0
2020-06-08,187944.0,55590.0,58736.0,60450.0,500566.0,162977.0,720067.0,36664.0
2020-06-09,174153.0,52357.0,56463.0,58790.0,538992.0,145097.0,754389.0,34322.0
2020-06-10,160477.0,48850.0,53275.0,57139.0,575951.0,129425.0,785840.0,31451.0
2020-06-11,146777.0,45734.0,50181.0,54643.0,611261.0,116724.0,815094.0,29254.0
2020-06-12,133077.0,42334.0,46845.0,51503.0,646480.0,106638.0,841734.0,26640.0
2020-06-13,120724.0,38203.0,43780.0,48803.0,679460.0,97422.0,865636.0,23902.0
2020-06-14,108289.0,35142.0,40045.0,45282.0,709504.0,89660.0,887633.0,21997.0
2020-06-15,96884.0,31568.0,36865.0,41825.0,736830.0,83021.0,907221.0,19588.0
2020-06-16,86803.0,28756.0,33481.0,38378.0,762638.0,77349.0,924764.0,17543.0
2020-06-17,77282.0,25440.0,30427.0,34944.0,785945.0,72774.0,940336.0,15572.0
2020-06-18,68375.0,22600.0,27324.0,32048.0,807084.0,69094.0,954138.0,13802.0
2020-06-19,60692.0,20379.0,24737.0,28577.0,825795.0,65551.0,966643.0,12505.0
2020-06-20,54063.0,18209.0,21880.0,26000.0,844333.0,62509.0,977604.0,10961.0
2020-06-21,47564.0,16050.0,19616.0,23519.0,860283.0,60413.0,987465.0,9861.0
2020-06-22,42239.0,14344.0,17301.0,20788.0,874888.0,58207.0,995990.0,8525.0
2020-06-23,37366.0,12472.0,15301.0,18800.0,886887.0,56696.0,1003343.0,7353.0
2020-06-24,32836.0,11320.0,13708.0,16613.0,897878.0,55090.0,1010064.0,6721.0
2020-06-25,29058.0,9846.0,12115.0,14709.0,908484.0,53392.0,1015943.0,5879.0
2020-06-26,25386.0,8750.0,10574.0,12941.0,918964.0,52380.0,1021220.0,5277.0
2020-06-27,22408.0,7578.0,9408.0,11499.0,926954.0,51341.0,1025678.0,4458.0
2020-06-28,19712.0,6630.0,8492.0,10170.0,932600.0,50534.0,1029622.0,3944.0
2020-06-29,17405.0,5794.0,7378.0,9211.0,939370.0,49771.0,1033143.0,3521.0
2020-06-30,15144.0,5188.0,6421.0,8067.0,946056.0,49234.0,1036187.0,3044.0
2020-07-01,13239.0,4627.0,5604.0,7073.0,950714.0,48738.0,1038946.0,2759.0
2020-07-02,11784.0,4015.0,5060.0,6230.0,955073.0,48362.0,1041387.0,2441.0
2020-07-03,10322.0,3530.0,4570.0,5622.0,958913.0,47865.0,1043592.0,2205.0
2020-07-04,8823.0,3122.0,3859.0,4920.0,962287.0,47365.0,1045480.0,1888.0
2020-07-05,7825.0,2660.0,3375.0,4255.0,964588.0,47216.0,1047011.0,1531.0
2020-07-06,6838.0,2396.0,2987.0,3668.0,966119.0,46985.0,1048370.0,1359.0
