time,E,I1,I2,I3,R,S,cumI,diffI
2020-03-06,0.0,2.0,1.0,0.0,0.0,970186.0,0.0,0.0
2020-03-07,1.0,0.0,2.0,0.0,0.0,973070.0,0.0,0.0
2020-03-08,1.0,0.0,0.0,1.0,0.0,979471.0,0.0,0.0
2020-03-09,0.0,0.0,0.0,0.0,1.0,986642.0,0.0,0.0
2020-03-10,0.0,0.0,0.0,0.0,1.0,991697.0,0.0,0.0
2020-03-11,0.0,0.0,0.0,0.0,1.0,996482.0,0.0,0.0
2020-03-12,1.0,1.0,0.0,0.0,1.0,1002296.0,0.0,0.0
2020-03-13,0.0,1.0,0.0,0.0,2.0,1004761.0,1.0,1.0
2020-03-14,3.0,0.0,1.0,0.0,2.0,1006703.0,1.0,0.0
2020-03-15,2.0,2.0,1.0,0.0,2.0,1006769.0,3.0,2.0
2020-03-16,6.0,0.0,1.0,1.0,1.0,1007159.0,3.0,0.0
2020-03-17,6.0,0.0,0.0,4.0,0.0,1008539.0,3.0,0.0
2020-03-18,6.0,1.0,0.0,0.0,3.0,1010448.0,3.0,0.0
2020-03-19,5.0,2.0,0.0,0.0,3.0,1012597.0,4.0,1.0
2020-03-20,7.0,2.0,0.0,0.0,2.0,1011608.0,4.0,0.0
2020-03-21,7.0,2.0,0.0,0.0,1.0,1012159.0,4.0,0.0
2020-03-22,10.0,1.0,1.0,0.0,1.0,1011719.0,5.0,1.0
2020-03-23,11.0,4.0,2.0,0.0,3.0,1013324.0,8.0,3.0
2020-03-24,10.0,3.0,0.0,2.0,3.0,1014202.0,9.0,1.0
2020-03-25,6.0,2.0,3.0,1.0,5.0,1012595.0,11.0,2.0
2020-03-26,11.0,5.0,4.0,1.0,6.0,1013678.0,15.0,4.0
2020-03-27,16.0,4.0,1.0,4.0,11.0,1013946.0,18.0,3.0
2020-03-28,22.0,5.0,5.0,3.0,10.0,1014244.0,21.0,3.0
2020-03-29,29.0,11.0,7.0,2.0,14.0,1015399.0,28.0,7.0
2020-03-30,39.0,10.0,8.0,5.0,18.0,1016278.0,34.0,6.0
2020-03-31,44.0,14.0,11.0,3.0,23.0,1016713.0,46.0,12.0
2020-04-01,59.0,13.0,14.0,7.0,26.0,1017008.0,55.0,9.0
2020-04-02,63.0,19.0,9.0,8.0,30.0,1016781.0,71.0,16.0
2020-04-03,74.0,16.0,10.0,8.0,30.0,1017128.0,79.0,8.0
2020-04-04,87.0,13.0,21.0,5.0,34.0,1017924.0,99.0,20.0
2020-04-05,98.0,24.0,10.0,13.0,35.0,1019014.0,116.0,17.0
2020-04-06,123.0,26.0,17.0,11.0,46.0,1019040.0,132.0,16.0
2020-04-07,140.0,24.0,22.0,21.0,57.0,1019460.0,149.0,17.0
2020-04-08,170.0,28.0,36.0,22.0,75.0,1019201.0,180.0,31.0
2020-04-09,207.0,37.0,37.0,29.0,83.0,1018810.0,213.0,33.0
2020-04-10,255.0,48.0,39.0,34.0,104.0,1018207.0,248.0,35.0
2020-04-11,292.0,67.0,43.0,36.0,123.0,1018177.0,292.0,44.0
2020-04-12,354.0,70.0,54.0,43.0,145.0,1017634.0,339.0,47.0
2020-04-13,391.0,88.0,66.0,43.0,174.0,1017182.0,400.0,61.0
2020-04-14,488.0,106.0,79.0,59.0,222.0,1017186.0,487.0,87.0
2020-04-15,570.0,114.0,105.0,75.0,254.0,1017996.0,590.0,103.0
2020-04-16,688.0,154.0,117.0,88.0,316.0,1017186.0,714.0,124.0
2020-04-17,842.0,188.0,119.0,110.0,370.0,1017427.0,851.0,137.0
2020-04-18,1045.0,242.0,151.0,121.0,422.0,1016875.0,1019.0,168.0
2020-04-19,1264.0,256.0,177.0,176.0,503.0,1015985.0,1221.0,202.0
2020-04-20,1510.0,342.0,247.0,198.0,621.0,1015115.0,1504.0,283.0
2020-04-21,1768.0,400.0,295.0,233.0,759.0,1014949.0,1826.0,322.0
2020-04-22,2182.0,474.0,339.0,280.0,927.0,1015128.0,2173.0,347.0
2020-04-23,2626.0,527.0,472.0,295.0,1117.0,1015926.0,2614.0,441.0
2020-04-24,3164.0,668.0,519.0,398.0,1344.0,1014751.0,3110.0,496.0
2020-04-25,3942.0,720.0,625.0,492.0,1622.0,1012477.0,3673.0,563.0
2020-04-26,4668.0,930.0,698.0,577.0,2002.0,1010768.0,4421.0,748.0
2020-04-27,5460.0,1093.0,880.0,632.0,2349.0,1009352.0,5319.0,898.0
2020-04-28,6440.0,1448.0,1080.0,802.0,2791.0,1008001.0,6457.0,1138.0
2020-04-29,7909.0,1655.0,1363.0,966.0,3384.0,1006529.0,7754.0,1297.0
2020-04-30,9605.0,1977.0,1582.0,1194.0,4060.0,1003103.0,9319.0,1565.0
2020-05-01,11634.0,2556.0,1856.0,1497.0,4911.0,999564.0,11306.0,1987.0
2020-05-02,13991.0,3003.0,2282.0,1768.0,5982.0,994353.0,13696.0,2390.0
2020-05-03,16609.0,3580.0,2821.0,2124.0,7187.0,988575.0,16549.0,2853.0
2020-05-04,19914.0,4316.0,3352.0,2524.0,8759.0,982909.0,19925.0,3376.0
2020-05-05,23967.0,5086.0,4000.0,3124.0,10438.0,974779.0,23912.0,3987.0
2020-05-06,28432.0,6012.0,4795.0,3675.0,12583.0,965099.0,28675.0,4763.0
2020-05-07,34020.0,7251.0,5626.0,4499.0,15074.0,955067.0,34363.0,5688.0
2020-05-08,40349.0,8645.0,6693.0,5184.0,18255.0,942756.0,41008.0,6645.0
2020-05-09,48031.0,10426.0,8030.0,6175.0,21876.0,928502.0,49052.0,8044.0
2020-05-10,56579.0,12338.0,9623.0,7276.0,26616.0,912449.0,58687.0,9635.0
2020-05-11,66154.0,14413.0,11464.0,8836.0,31706.0,891229.0,69982.0,11295.0
2020-05-12,77449.0,16931.0,13423.0,10574.0,37891.0,867298.0,82934.0,12952.0
2020-05-13,89219.0,19777.0,15691.0,12672.0,45221.0,840613.0,98282.0,15348.0
2020-05-14,103404.0,22775.0,18486.0,14602.0,54054.0,810434.0,115711.0,17429.0
2020-05-15,118285.0,26273.0,21429.0,17328.0,64015.0,776514.0,136113.0,20402.0
2020-05-16,134051.0,30366.0,24686.0,20087.0,75910.0,739222.0,159536.0,23423.0
2020-05-17,150627.0,34329.0,28468.0,23164.0,89578.0,697017.0,185679.0,26143.0
2020-05-18,166943.0,38872.0,32562.0,26486.0,105608.0,652290.0,215037.0,29358.0
2020-05-19,182989.0,43260.0,36581.0,30240.0,124530.0,606949.0,247562.0,32525.0
2020-05-20,197928.0,47716.0,40881.0,34312.0,144854.0,559173.0,282908.0,35346.0
2020-05-21,211587.0,51298.0,45075.0,38795.0,167875.0,510254.0,320645.0,37737.0
2020-05-22,222402.0,55341.0,48894.0,42670.0,194199.0,461682.0,360896.0,40251.0
2020-05-23,229889.0,58319.0,52984.0,46801.0,222686.0,414202.0,403039.0,42143.0
2020-05-24,233839.0,60578.0,56086.0,50598.0,253830.0,369181.0,446217.0,43178.0
2020-05-25,234745.0,61929.0,58380.0,53570.0,288092.0,327395.0,489814.0,43597.0
2020-05-26,232353.0,62704.0,60088.0,56422.0,324437.0,289269.0,533487.0,43673.0
2020-05-27,226949.0,62664.0,61315.0,58726.0,362256.0,255058.0,576682.0,43195.0
2020-05-28,218480.0,61660.0,61871.0,60129.0,400353.0,224408.0,618578.0,41896.0
2020-05-29,207783.0,60187.0,61031.0,60804.0,438808.0,197597.0,658897.0,40319.0
2020-05-30,195942.0,57690.0,59546.0,60895.0,477965.0,174393.0,697152.0,38255.0
2020-05-31,182754.0,54905.0,57780.0,59572.0,516876.0,154895.0,733050.0,35898.0
2020-06-01,168495.0,51677.0,55205.0,57908.0,554348.0,138071.0,766401.0,33351.0
2020-06-02,154176.0,48098.0,52182.0,55858.0,591407.0,123653.0,797297.0,30896.0
2020-06-03,140688.0,44392.0,49135.0,53137.0,626650.0,112166.0,825352.0,28055.0
2020-06-04,127577.0,40312.0,45791.0,50014.0,660670.0,102073.0,850690.0,25338.0
2020-06-05,114969.0,36882.0,42163.0,47424.0,691252.0,93726.0,873854.0,23164.0
2020-06-06,103183.0,33360.0,38751.0,43703.0,720701.0,86691.0,894738.0,20884.0
2020-06-07,92057.0,30339.0,35401.0,40669.0,746833.0,80318.0,913503.0,18765.0
2020-06-08,82169.0,27156.0,32051.0,37167.0,771931.0,74997.0,929931.0,16428.0
2020-06-09,73179.0,24027.0,28799.0,33809.0,794373.0,70881.0,944489.0,14558.0
2020-06-10,64795.0,21441.0,25748.0,30909.0,815261.0,67586.0,957659.0,13170.0
2020-06-11,57828.0,19331.0,23061.0,27672.0,834309.0,64368.0,969371.0,11712.0
2020-06-12,51298.0,17136.0,20836.0,25024.0,851227.0,61470.0,979615.0,10244.0
2020-06-13,44854.0,15007.0,18500.0,22254.0,865518.0,59237.0,988811.0,9196.0
2020-06-14,39703.0,13266.0,16625.0,19669.0,879072.0,57413.0,997003.0,8192.0
2020-06-15,35189.0,12038.0,14672.0,17738.0,891237.0,55617.0,1004180.0,7177.0
2020-06-16,30892.0,10552.0,12996.0,15911.0,902298.0,54185.0,1010467.0,6287.0
2020-06-17,27207.0,9254.0,11485.0,14058.0,913177.0,53050.0,1015976.0,5509.0
2020-06-18,23889.0,8081.0,10219.0,12683.0,921582.0,52386.0,1020874.0,4898.0
2020-06-19,21003.0,7256.0,8939.0,11066.0,928803.0,51526.0,1025351.0,4477.0
2020-06-20,18547.0,6351.0,7852.0,9811.0,934731.0,50669.0,1029107.0,3756.0
2020-06-21,16232.0,5615.0,6912.0,8590.0,941049.0,49783.0,1032478.0,3371.0
2020-06-22,14186.0,4836.0,6171.0,7624.0,945371.0,48929.0,1035334.0,2856.0
2020-06-23,12333.0,4313.0,5456.0,6698.0,949641.0,48068.0,1037939.0,2605.0
2020-06-24,10818.0,3795.0,4819.0,5964.0,955991.0,48008.0,1040247.0,2308.0
2020-06-25,9569.0,3234.0,4138.0,5448.0,958714.0,47665.0,1042162.0,1915.0
2020-06-26,8334.0,2914.0,3653.0,4530.0,960979.0,47522.0,1043950.0,1788.0
2020-06-27,7422.0,2568.0,3160.0,3939.0,964835.0,47239.0,1045470.0,1520.0
2020-06-28,6599.0,2256.0,2766.0,3451.0,966006.0,46867.0,1046798.0,1328.0
2020-06-29,5681.0,1980.0,2442.0,3007.0,967345.0,46352.0,1048001.0,1203.0
2020-06-30,4997.0,1653.0,2106.0,2631.0,969929.0,46166.0,1048975.0,974.0
2020-07-01,4346.0,1489.0,1877.0,2296.0,972023.0,45988.0,1049930.0,955.0
2020-07-02,3878.0,1265.0,1648.0,2024.0,972618.0,45818.0,1050656.0,726.0
2020-07-03,3320.0,1121.0,1422.0,1784.0,973283.0,45923.0,1051317.0,661.0
2020-07-04,2974.0,904.0,1308.0,1591.0,975386.0,45828.0,1051901.0,584.0
2020-07-05,2581.0,874.0,1024.0,1396.0,976904.0,45930.0,1052441.0,540.0
2020-07-06,2177.0,800.0,931.0,1202.0,977437.0,45743.0,1052924.0,483.0
