time,E,I1,I2,I3,R,S,cumI,diffI
2020-03-06,1.0,2.0,1.0,0.0,0.0,970309.0,0.0,0.0
2020-03-07,2.0,0.0,0.0,0.0,0.0,972911.0,0.0,0.0
2020-03-08,2.0,1.0,0.0,0.0,0.0,980042.0,1.0,1.0
2020-03-09,1.0,0.0,1.0,0.0,0.0,988150.0,1.0,0.0
2020-03-10,1.0,1.0,0.0,1.0,0.0,992609.0,2.0,1.0
2020-03-11,2.0,0.0,0.0,0.0,1.0,997124.0,2.0,0.0
2020-03-12,3.0,0.0,0.0,0.0,1.0,999859.0,2.0,0.0
2020-03-13,3.0,0.0,0.0,0.0,1.0,1003620.0,2.0,0.0
2020-03-14,4.0,1.0,0.0,1.0,0.0,1005817.0,3.0,1.0
2020-03-15,8.0,1.0,2.0,0.0,0.0,1006906.0,3.0,0.0
2020-03-16,7.0,2.0,0.0,1.0,0.0,1008187.0,4.0,1.0
2020-03-17,6.0,2.0,3.0,2.0,0.0,1010066.0,7.0,3.0
2020-03-18,6.0,0.0,4.0,0.0,0.0,1011926.0,7.0,0.0
2020-03-19,7.0,0.0,0.0,1.0,3.0,1012987.0,8.0,1.0
2020-03-20,7.0,1.0,0.0,1.0,4.0,1012372.0,10.0,2.0
2020-03-21,10.0,1.0,3.0,1.0,3.0,1012393.0,11.0,1.0
2020-03-22,8.0,0.0,2.0,0.0,3.0,1011398.0,12.0,1.0
2020-03-23,10.0,0.0,0.0,2.0,3.0,1013377.0,13.0,1.0
2020-03-24,11.0,1.0,0.0,2.0,4.0,1013881.0,15.0,2.0
2020-03-25,16.0,2.0,1.0,1.0,4.0,1015124.0,17.0,2.0
2020-03-26,17.0,8.0,0.0,1.0,7.0,1014959.0,23.0,6.0
2020-03-27,22.0,8.0,1.0,2.0,9.0,1014386.0,27.0,4.0
2020-03-28,28.0,7.0,3.0,2.0,12.0,1013869.0,31.0,4.0
2020-03-29,38.0,9.0,4.0,2.0,12.0,1014100.0,36.0,5.0
2020-03-30,42.0,9.0,10.0,2.0,18.0,1014141.0,44.0,8.0
2020-03-31,50.0,11.0,9.0,6.0,17.0,1015896.0,50.0,6.0
2020-04-01,55.0,14.0,8.0,6.0,19.0,1016048.0,64.0,14.0
2020-04-02,62.0,15.0,8.0,1.0,29.0,1016009.0,71.0,7.0
2020-04-03,70.0,12.0,13.0,7.0,25.0,1016384.0,84.0,13.0
2020-04-04,75.0,19.0,13.0,8.0,28.0,1017181.0,98.0,14.0
2020-04-05,83.0,15.0,10.0,8.0,42.0,1017733.0,107.0,9.0
2020-04-06,99.0,17.0,15.0,16.0,56.0,1017404.0,124.0,17.0
2020-04-07,124.0,26.0,25.0,12.0,64.0,1017503.0,148.0,24.0
2020-04-08,125.0,32.0,33.0,21.0,67.0,1017374.0,180.0,32.0
2020-04-09,181.0,44.0,35.0,27.0,77.0,1018544.0,209.0,29.0
2020-04-10,222.0,34.0,43.0,26.0,89.0,1018825.0,240.0,31.0
2020-04-11,268.0,46.0,36.0,42.0,108.0,1018785.0,279.0,39.0
2020-04-12,321.0,56.0,45.0,38.0,145.0,1017895.0,330.0,51.0
2020-04-13,371.0,80.0,65.0,39.0,164.0,1018321.0,393.0,63.0
2020-04-14,428.0,93.0,66.0,60.0,192.0,1017624.0,468.0,75.0
2020-04-15,525.0,103.0,85.0,71.0,237.0,1017476.0,560.0,92.0
2020-04-16,589.0,124.0,94.0,72.0,289.0,1018318.0,665.0,105.0
2020-04-17,742.0,169.0,128.0,83.0,356.0,1018403.0,803.0,138.0
2020-04-18,915.0,216.0,149.0,114.0,391.0,1017845.0,951.0,148.0
2020-04-19,1085.0,265.0,192.0,150.0,477.0,1018028.0,1159.0,208.0
2020-04-20,1353.0,288.0,222.0,189.0,583.0,1018214.0,1367.0,208.0
2020-04-21,1646.0,350.0,280.0,224.0,683.0,1018120.0,1654.0,287.0
2020-04-22,1919.0,418.0,341.0,263.0,878.0,1017586.0,1985.0,331.0
2020-04-23,2431.0,499.0,405.0,311.0,1003.0,1015674.0,2362.0,377.0
2020-04-24,2872.0,640.0,487.0,367.0,1207.0,1014533.0,2880.0,518.0
2020-04-25,3478.0,768.0,583.0,438.0,1439.0,1014497.0,3493.0,613.0
2020-04-26,4071.0,926.0,689.0,560.0,1755.0,1012421.0,4211.0,718.0
2020-04-27,4963.0,1120.0,840.0,642.0,2152.0,1011498.0,5082.0,871.0
2020-04-28,6013.0,1267.0,1011.0,777.0,2567.0,1009400.0,6070.0,988.0
2020-04-29,7155.0,1557.0,1203.0,922.0,3078.0,1008598.0,7277.0,1207.0
2020-04-30,8558.0,1858.0,1342.0,1103.0,3675.0,1006024.0,8688.0,1411.0
2020-05-01,10337.0,2152.0,1657.0,1298.0,4492.0,1003270.0,10400.0,1712.0
2020-05-02,12561.0,2696.0,2065.0,1525.0,5385.0,999030.0,12447.0,2047.0
2020-05-03,14917.0,3200.0,2490.0,1897.0,6505.0,994227.0,14903.0,2456.0
2020-05-04,17984.0,3818.0,2931.0,2285.0,7779.0,989097.0,17838.0,2935.0
2020-05-05,21480.0,4492.0,3533.0,2680.0,9355.0,980912.0,21356.0,3518.0
2020-05-06,25361.0,5477.0,4114.0,3200.0,11358.0,973362.0,25660.0,4304.0
2020-05-07,30166.0,6585.0,5065.0,3787.0,13551.0,962957.0,30864.0,5204.0
2020-05-08,36112.0,7778.0,6109.0,4694.0,16199.0,951663.0,36983.0,6119.0
2020-05-09,42884.0,9133.0,7282.0,5655.0,19491.0,939135.0,44132.0,7149.0
2020-05-10,50674.0,10870.0,8605.0,6738.0,23477.0,923572.0,52587.0,8455.0
2020-05-11,59697.0,13079.0,10181.0,7845.0,28171.0,904748.0,62734.0,10147.0
2020-05-12,70340.0,15374.0,11972.0,9492.0,33703.0,884178.0,74541.0,11807.0
2020-05-13,81407.0,18007.0,14185.0,11118.0,40489.0,859106.0,88597.0,14056.0
2020-05-14,94501.0,20670.0,16869.0,13193.0,48321.0,831112.0,104664.0,16067.0
2020-05-15,108945.0,24408.0,19438.0,15619.0,57533.0,799974.0,123562.0,18898.0
2020-05-16,124076.0,27680.0,22681.0,18244.0,67973.0,764982.0,144826.0,21264.0
2020-05-17,140488.0,32218.0,25798.0,21320.0,80587.0,725228.0,169382.0,24556.0
2020-05-18,157237.0,36307.0,29629.0,24507.0,95324.0,682438.0,196777.0,27395.0
2020-05-19,173768.0,40471.0,33916.0,27676.0,112083.0,638310.0,227154.0,30377.0
2020-05-20,189082.0,44865.0,38126.0,31747.0,131225.0,591986.0,260970.0,33816.0
2020-05-21,203407.0,49292.0,42202.0,35771.0,153114.0,543531.0,297393.0,36423.0
2020-05-22,215746.0,52829.0,46701.0,39752.0,177103.0,494794.0,336301.0,38908.0
2020-05-23,224295.0,56365.0,50629.0,44200.0,204247.0,446615.0,377384.0,41083.0
2020-05-24,231038.0,59228.0,53929.0,47913.0,233718.0,399898.0,419986.0,42602.0
2020-05-25,234654.0,61360.0,57311.0,51463.0,266234.0,355199.0,463558.0,43572.0
2020-05-26,234047.0,62623.0,59988.0,54540.0,300554.0,314485.0,507578.0,44020.0
2020-05-27,230631.0,63057.0,61132.0,57334.0,336341.0,276701.0,551352.0,43774.0
2020-05-28,223703.0,63105.0,61938.0,59549.0,374155.0,243570.0,594218.0,42866.0
2020-05-29,214081.0,61385.0,62292.0,60635.0,412677.0,215062.0,635671.0,41453.0
2020-05-30,203185.0,59169.0,61099.0,60711.0,452379.0,190130.0,675064.0,39393.0
2020-05-31,191079.0,56277.0,59677.0,60020.0,491239.0,168071.0,712144.0,37080.0
2020-06-01,178011.0,53408.0,56997.0,59146.0,529081.0,149347.0,747112.0,34968.0
2020-06-02,163131.0,50570.0,54112.0,57341.0,565754.0,133796.0,779703.0,32591.0
2020-06-03,149152.0,46537.0,51337.0,55383.0,602332.0,120393.0,809389.0,29686.0
2020-06-04,136009.0,43048.0,47818.0,52436.0,638703.0,108806.0,836888.0,27499.0
2020-06-05,123453.0,39434.0,44146.0,49453.0,670632.0,99415.0,861457.0,24569.0
2020-06-06,111528.0,35808.0,40980.0,46174.0,701122.0,91292.0,883709.0,22252.0
2020-06-07,99688.0,32462.0,37903.0,42499.0,729834.0,84295.0,903678.0,19969.0
2020-06-08,89989.0,29021.0,34118.0,39375.0,755966.0,78670.0,921599.0,17921.0
2020-06-09,80068.0,26205.0,30932.0,35658.0,780022.0,73630.0,937683.0,16084.0
2020-06-10,70963.0,23442.0,27770.0,32602.0,802430.0,69827.0,952219.0,14536.0
2020-06-11,62608.0,20883.0,25088.0,29282.0,822671.0,66367.0,965000.0,12781.0
2020-06-12,55769.0,18691.0,22527.0,26401.0,839785.0,63090.0,976250.0,11250.0
2020-06-13,49148.0,16500.0,19963.0,24175.0,857253.0,60636.0,986241.0,9991.0
2020-06-14,43286.0,14679.0,17797.0,21661.0,871718.0,58417.0,995050.0,8809.0
2020-06-15,38111.0,13076.0,15839.0,19258.0,884480.0,56587.0,1002939.0,7889.0
2020-06-16,33734.0,11614.0,14270.0,17140.0,896006.0,55008.0,1009708.0,6769.0
2020-06-17,29758.0,10092.0,12604.0,15395.0,906859.0,53646.0,1015833.0,6125.0
2020-06-18,26095.0,8999.0,10933.0,13702.0,916502.0,52738.0,1021208.0,5375.0
2020-06-19,22898.0,7792.0,9719.0,11987.0,925041.0,51664.0,1025937.0,4729.0
2020-06-20,20224.0,6813.0,8621.0,10652.0,931981.0,50675.0,1029982.0,4045.0
2020-06-21,17713.0,6029.0,7563.0,9361.0,937657.0,49706.0,1033577.0,3595.0
2020-06-22,15582.0,5370.0,6687.0,8323.0,943117.0,49066.0,1036811.0,3234.0
2020-06-23,13826.0,4611.0,5856.0,7385.0,948137.0,48569.0,1039521.0,2710.0
2020-06-24,12127.0,4018.0,5176.0,6435.0,952043.0,48112.0,1042015.0,2494.0
2020-06-25,10691.0,3560.0,4502.0,5612.0,955481.0,47523.0,1044158.0,2143.0
2020-06-26,9346.0,3172.0,3942.0,4891.0,959541.0,47227.0,1046070.0,1912.0
2020-06-27,8136.0,2812.0,3398.0,4259.0,962820.0,47207.0,1047688.0,1618.0
2020-06-28,7173.0,2381.0,2988.0,3788.0,965174.0,46623.0,1049106.0,1418.0
2020-06-29,6203.0,2132.0,2625.0,3288.0,967227.0,46674.0,1050359.0,1253.0
2020-06-30,5420.0,1895.0,2309.0,2833.0,970072.0,46603.0,1051494.0,1135.0
2020-07-01,4763.0,1694.0,1984.0,2604.0,971251.0,46468.0,1052438.0,944.0
2020-07-02,4180.0,1542.0,1772.0,2260.0,973030.0,46641.0,1053323.0,885.0
2020-07-03,3670.0,1267.0,1580.0,1954.0,974633.0,46218.0,1054048.0,725.0
2020-07-04,3250.0,1128.0,1404.0,1682.0,976588.0,46172.0,1054748.0,700.0
2020-07-05,2838.0,994.0,1201.0,1544.0,976852.0,45856.0,1055315.0,567.0
2020-07-06,2469.0,852.0,1041.0,1332.0,977219.0,45876.0,1055804.0,489.0
