time,E,I1,I2,I3,R,S,cumI,diffI
2020-03-06,0.0,2.0,1.0,0.0,0.0,969471.0,0.0,0.0
2020-03-07,0.0,0.0,0.0,0.0,1.0,972318.0,0.0,0.0
2020-03-08,0.0,0.0,0.0,0.0,0.0,978581.0,0.0,0.0
2020-03-09,1.0,0.0,0.0,0.0,0.0,985715.0,0.0,0.0
2020-03-10,1.0,0.0,1.0,0.0,0.0,992276.0,1.0,1.0
2020-03-11,1.0,1.0,1.0,1.0,0.0,997373.0,2.0,1.0
2020-03-12,3.0,0.0,2.0,0.0,2.0,1001301.0,2.0,0.0
2020-03-13,1.0,0.0,0.0,0.0,1.0,1003755.0,2.0,0.0
2020-03-14,3.0,0.0,0.0,0.0,0.0,1005838.0,2.0,0.0
2020-03-15,4.0,1.0,0.0,1.0,2.0,1009034.0,3.0,1.0
2020-03-16,5.0,1.0,1.0,1.0,1.0,1010653.0,3.0,0.0
2020-03-17,5.0,2.0,2.0,0.0,1.0,1010854.0,4.0,1.0
2020-03-18,8.0,3.0,3.0,3.0,3.0,1011185.0,6.0,2.0
2020-03-19,6.0,5.0,0.0,3.0,4.0,1009930.0,10.0,4.0
2020-03-20,6.0,3.0,2.0,1.0,7.0,1011106.0,12.0,2.0
2020-03-21,8.0,2.0,0.0,2.0,5.0,1012181.0,12.0,0.0
2020-03-22,12.0,1.0,1.0,0.0,5.0,1012442.0,13.0,1.0
2020-03-23,11.0,3.0,1.0,0.0,8.0,1013872.0,15.0,2.0
2020-03-24,10.0,2.0,4.0,1.0,6.0,1014301.0,18.0,3.0
2020-03-25,16.0,5.0,5.0,1.0,6.0,1014646.0,20.0,2.0
2020-03-26,21.0,3.0,4.0,4.0,8.0,1014238.0,23.0,3.0
2020-03-27,18.0,4.0,6.0,1.0,8.0,1014922.0,28.0,5.0
2020-03-28,21.0,4.0,2.0,3.0,10.0,1013970.0,30.0,2.0
2020-03-29,23.0,5.0,7.0,5.0,16.0,1014221.0,35.0,5.0
2020-03-30,38.0,6.0,9.0,9.0,19.0,1015563.0,42.0,7.0
2020-03-31,41.0,11.0,6.0,10.0,26.0,1013956.0,52.0,10.0
2020-04-01,43.0,6.0,8.0,10.0,26.0,1014246.0,56.0,4.0
2020-04-02,55.0,10.0,9.0,6.0,32.0,1015020.0,65.0,9.0
2020-04-03,58.0,15.0,6.0,9.0,36.0,1016139.0,75.0,10.0
2020-04-04,66.0,21.0,8.0,8.0,32.0,1016677.0,89.0,14.0
2020-04-05,69.0,20.0,16.0,5.0,37.0,1017254.0,103.0,14.0
2020-04-06,99.0,26.0,15.0,16.0,45.0,1018026.0,123.0,20.0
2020-04-07,105.0,28.0,17.0,17.0,57.0,1018271.0,139.0,16.0
2020-04-08,144.0,36.0,28.0,14.0,73.0,1018807.0,155.0,16.0
2020-04-09,187.0,38.0,40.0,21.0,89.0,1019572.0,183.0,28.0
2020-04-10,229.0,45.0,38.0,31.0,113.0,1018624.0,224.0,41.0
2020-04-11,248.0,54.0,42.0,30.0,128.0,1018954.0,267.0,43.0
2020-04-12,313.0,67.0,65.0,34.0,150.0,1018458.0,317.0,50.0
2020-04-13,366.0,72.0,67.0,55.0,177.0,1017296.0,383.0,66.0
2020-04-14,436.0,94.0,78.0,61.0,184.0,1018050.0,457.0,74.0
2020-04-15,521.0,100.0,81.0,69.0,226.0,1018968.0,535.0,78.0
2020-04-16,661.0,131.0,114.0,68.0,290.0,1019286.0,649.0,114.0
2020-04-17,781.0,178.0,134.0,85.0,338.0,1019770.0,797.0,148.0
2020-04-18,959.0,193.0,167.0,119.0,422.0,1019324.0,947.0,150.0
2020-04-19,1129.0,238.0,178.0,151.0,472.0,1018474.0,1134.0,187.0
2020-04-20,1361.0,313.0,227.0,181.0,590.0,1018744.0,1370.0,236.0
2020-04-21,1719.0,372.0,258.0,224.0,727.0,1018165.0,1637.0,267.0
2020-04-22,2060.0,468.0,305.0,266.0,856.0,1017242.0,1993.0,356.0
2020-04-23,2425.0,538.0,395.0,319.0,1076.0,1017066.0,2411.0,418.0
2020-04-24,2960.0,653.0,487.0,346.0,1285.0,1015998.0,2915.0,504.0
2020-04-25,3528.0,723.0,585.0,451.0,1506.0,1014503.0,3503.0,588.0
2020-04-26,4323.0,968.0,715.0,556.0,1840.0,1013324.0,4264.0,761.0
2020-04-27,5300.0,1166.0,879.0,681.0,2200.0,1011816.0,5148.0,884.0
2020-04-28,6443.0,1324.0,1082.0,750.0,2674.0,1009313.0,6191.0,1043.0
2020-04-29,7925.0,1618.0,1287.0,972.0,3193.0,1007716.0,7456.0,1265.0
2020-04-30,9510.0,2032.0,1513.0,1156.0,3861.0,1004601.0,9035.0,1579.0
2020-05-01,11201.0,2378.0,1913.0,1458.0,4718.0,1000557.0,11007.0,1972.0
2020-05-02,13591.0,2812.0,2328.0,1738.0,5787.0,995955.0,13299.0,2292.0
2020-05-03,16205.0,3413.0,2666.0,2081.0,6938.0,990123.0,16019.0,2720.0
2020-05-04,19286.0,4155.0,3164.0,2426.0,8388.0,984158.0,19331.0,3312.0
2020-05-05,23182.0,4897.0,3943.0,2976.0,10206.0,977540.0,23225.0,3894.0
2020-05-06,27828.0,5951.0,4650.0,3533.0,12372.0,969275.0,27899.0,4674.0
2020-05-07,33460.0,7076.0,5557.0,4348.0,14746.0,957842.0,33533.0,5634.0
2020-05-08,39462.0,8576.0,6613.0,5264.0,17710.0,945290.0,40317.0,6784.0
2020-05-09,47158.0,9986.0,7909.0,6200.0,21285.0,930512.0,48069.0,7752.0
2020-05-10,55851.0,11896.0,9359.0,7224.0,25719.0,911992.0,57417.0,9348.0
2020-05-11,65224.0,14180.0,11134.0,8853.0,30872.0,891620.0,68484.0,11067.0
2020-05-12,76121.0,16660.0,13295.0,10496.0,36843.0,868354.0,81450.0,12966.0
2020-05-13,89014.0,19484.0,15675.0,12350.0,44308.0,841806.0,96563.0,15113.0
2020-05-14,102393.0,22850.0,18366.0,14413.0,52989.0,811397.0,114164.0,17601.0
2020-05-15,117487.0,26356.0,21556.0,17082.0,63221.0,777414.0,134529.0,20365.0
2020-05-16,133447.0,29695.0,24812.0,20137.0,75297.0,740487.0,157554.0,23025.0
2020-05-17,149984.0,34279.0,28382.0,23096.0,89441.0,699479.0,183615.0,26061.0
2020-05-18,166212.0,38596.0,32150.0,26429.0,105514.0,654829.0,212788.0,29173.0
2020-05-19,182847.0,42815.0,36274.0,30362.0,123519.0,607485.0,244671.0,31883.0
2020-05-20,197628.0,47423.0,40718.0,34128.0,144424.0,559516.0,280213.0,35542.0
2020-05-21,210897.0,51883.0,44979.0,38444.0,168394.0,510957.0,318549.0,38336.0
2020-05-22,222045.0,55549.0,49270.0,42657.0,193834.0,461588.0,358930.0,40381.0
2020-05-23,229940.0,58818.0,52665.0,46738.0,222969.0,414088.0,401081.0,42151.0
2020-05-24,234027.0,61296.0,56014.0,50341.0,254572.0,368283.0,444665.0,43584.0
2020-05-25,235047.0,62647.0,58941.0,53703.0,288701.0,326424.0,488679.0,44014.0
2020-05-26,231883.0,63154.0,60987.0,57058.0,324978.0,287497.0,532874.0,44195.0
2020-05-27,226071.0,62862.0,62175.0,58838.0,361536.0,252886.0,576199.0,43325.0
2020-05-28,216895.0,61917.0,61535.0,60379.0,401028.0,222183.0,618239.0,42040.0
2020-05-29,206656.0,60022.0,61399.0,61136.0,440968.0,195271.0,658363.0,40124.0
2020-05-30,194807.0,57363.0,59777.0,60941.0,479664.0,171572.0,696272.0,37909.0
2020-05-31,181505.0,54274.0,58365.0,59779.0,518900.0,152099.0,731859.0,35587.0
2020-06-01,166902.0,50954.0,55186.0,57994.0,557007.0,135238.0,764800.0,32941.0
2020-06-02,152788.0,47306.0,52324.0,55685.0,594994.0,121498.0,795072.0,30272.0
2020-06-03,139235.0,43486.0,48928.0,53264.0,631164.0,109292.0,822572.0,27500.0
2020-06-04,126410.0,40240.0,45476.0,49974.0,665336.0,99173.0,848003.0,25431.0
2020-06-05,113268.0,36354.0,42027.0,46765.0,696786.0,90671.0,870891.0,22888.0
2020-06-06,101183.0,32883.0,38026.0,43786.0,726503.0,83364.0,891316.0,20425.0
2020-06-07,90075.0,29587.0,34609.0,39808.0,753476.0,77855.0,909633.0,18317.0
2020-06-08,79854.0,26612.0,31279.0,36259.0,777746.0,72900.0,925900.0,16267.0
2020-06-09,71431.0,23449.0,28331.0,32951.0,801203.0,68715.0,940183.0,14283.0
2020-06-10,63287.0,20886.0,25140.0,30062.0,821584.0,65345.0,953012.0,12829.0
2020-06-11,55777.0,18660.0,22685.0,27024.0,839400.0,62147.0,964394.0,11382.0
2020-06-12,49295.0,16437.0,20236.0,24165.0,856296.0,59693.0,974305.0,9911.0
2020-06-13,43299.0,14523.0,17675.0,21293.0,871925.0,57451.0,983078.0,8773.0
2020-06-14,38101.0,12997.0,15729.0,19037.0,883980.0,55461.0,990919.0,7841.0
2020-06-15,33409.0,11504.0,14190.0,17072.0,896194.0,53783.0,997934.0,7015.0
2020-06-16,29538.0,10086.0,12381.0,15048.0,907336.0,52264.0,1003929.0,5995.0
2020-06-17,25929.0,8708.0,11139.0,13395.0,916847.0,51070.0,1009180.0,5251.0
2020-06-18,22470.0,7691.0,9521.0,11928.0,925154.0,50132.0,1013780.0,4600.0
2020-06-19,19782.0,6890.0,8440.0,10381.0,932418.0,49118.0,1017870.0,4090.0
2020-06-20,17193.0,6083.0,7565.0,9205.0,938387.0,48493.0,1021528.0,3658.0
2020-06-21,14972.0,5325.0,6666.0,8102.0,944451.0,48144.0,1024626.0,3098.0
2020-06-22,13158.0,4620.0,5789.0,7029.0,949499.0,47564.0,1027298.0,2672.0
2020-06-23,11567.0,3961.0,5158.0,6210.0,953711.0,47279.0,1029723.0,2425.0
2020-06-24,9996.0,3463.0,4386.0,5584.0,957218.0,46626.0,1031778.0,2055.0
2020-06-25,8740.0,3000.0,3753.0,4884.0,960010.0,46308.0,1033589.0,1811.0
2020-06-26,7649.0,2630.0,3291.0,4100.0,962759.0,46055.0,1035142.0,1553.0
2020-06-27,6657.0,2341.0,2899.0,3596.0,965115.0,46085.0,1036547.0,1405.0
2020-06-28,5741.0,1988.0,2553.0,3161.0,967443.0,45805.0,1037695.0,1148.0
2020-06-29,5003.0,1723.0,2297.0,2771.0,970050.0,45585.0,1038747.0,1052.0
2020-06-30,4352.0,1597.0,1920.0,2471.0,972215.0,45528.0,1039669.0,922.0
2020-07-01,3922.0,1361.0,1691.0,2173.0,974280.0,45157.0,1040463.0,794.0
2020-07-02,3350.0,1125.0,1478.0,1864.0,974526.0,44889.0,1041121.0,658.0
2020-07-03,2881.0,1012.0,1229.0,1597.0,975270.0,44670.0,1041712.0,591.0
2020-07-04,2534.0,859.0,1124.0,1381.0,976255.0,44499.0,1042261.0,549.0
2020-07-05,2217.0,736.0,969.0,1244.0,978360.0,44271.0,1042725.0,464.0
2020-07-06,1934.0,623.0,838.0,1089.0,980171.0,44207.0,1043132.0,407.0
