time,E,I1,I2,I3,R,S,cumI,diffI
2020-03-06,0.0,1.0,1.0,0.0,0.0,970718.0,0.0,0.0
2020-03-07,0.0,1.0,1.0,0.0,1.0,973409.0,0.0,0.0
2020-03-08,0.0,0.0,1.0,1.0,0.0,979869.0,0.0,0.0
2020-03-09,0.0,0.0,1.0,0.0,0.0,986573.0,0.0,0.0
2020-03-10,0.0,0.0,1.0,0.0,0.0,991257.0,0.0,0.0
2020-03-11,1.0,0.0,1.0,0.0,0.0,996398.0,0.0,0.0
2020-03-12,2.0,0.0,1.0,0.0,0.0,1000159.0,0.0,0.0
2020-03-13,2.0,0.0,0.0,1.0,0.0,1003113.0,0.0,0.0
2020-03-14,2.0,0.0,0.0,0.0,2.0,1006068.0,0.0,0.0
2020-03-15,1.0,1.0,0.0,0.0,2.0,1007315.0,0.0,0.0
2020-03-16,0.0,0.0,0.0,1.0,2.0,1009202.0,0.0,0.0
2020-03-17,0.0,1.0,0.0,1.0,2.0,1008817.0,1.0,1.0
2020-03-18,2.0,1.0,0.0,1.0,2.0,1010152.0,1.0,0.0
2020-03-19,4.0,1.0,0.0,1.0,2.0,1010528.0,1.0,0.0
2020-03-20,7.0,0.0,1.0,1.0,2.0,1011166.0,1.0,0.0
2020-03-21,3.0,1.0,0.0,1.0,1.0,1011787.0,2.0,1.0
2020-03-22,4.0,0.0,0.0,0.0,1.0,1013253.0,2.0,0.0
2020-03-23,6.0,0.0,0.0,1.0,1.0,1013223.0,2.0,0.0
2020-03-24,8.0,0.0,0.0,2.0,2.0,1013677.0,2.0,0.0
2020-03-25,4.0,1.0,1.0,0.0,3.0,1014572.0,3.0,1.0
2020-03-26,5.0,0.0,2.0,0.0,1.0,1015187.0,4.0,1.0
2020-03-27,9.0,1.0,1.0,0.0,3.0,1016071.0,5.0,1.0
2020-03-28,6.0,1.0,2.0,0.0,5.0,1015940.0,6.0,1.0
2020-03-29,9.0,3.0,2.0,0.0,8.0,1015971.0,8.0,2.0
2020-03-30,13.0,3.0,3.0,0.0,7.0,1015454.0,10.0,2.0
2020-03-31,16.0,3.0,3.0,1.0,6.0,1016003.0,12.0,2.0
2020-04-01,23.0,4.0,3.0,7.0,6.0,1015834.0,15.0,3.0
2020-04-02,31.0,6.0,4.0,3.0,9.0,1017141.0,19.0,4.0
2020-04-03,28.0,5.0,5.0,5.0,7.0,1017664.0,21.0,2.0
2020-04-04,36.0,7.0,4.0,3.0,14.0,1017412.0,27.0,6.0
2020-04-05,46.0,8.0,7.0,4.0,15.0,1017404.0,33.0,6.0
2020-04-06,55.0,10.0,8.0,7.0,16.0,1017525.0,42.0,9.0
2020-04-07,60.0,17.0,11.0,11.0,23.0,1016233.0,54.0,12.0
2020-04-08,82.0,21.0,16.0,12.0,30.0,1016403.0,71.0,17.0
2020-04-09,121.0,31.0,20.0,17.0,40.0,1016270.0,92.0,21.0
2020-04-10,148.0,32.0,27.0,24.0,58.0,1016807.0,117.0,25.0
2020-04-11,171.0,49.0,23.0,26.0,70.0,1017444.0,149.0,32.0
2020-04-12,192.0,48.0,37.0,21.0,85.0,1017642.0,185.0,36.0
2020-04-13,225.0,49.0,38.0,33.0,93.0,1016180.0,224.0,39.0
2020-04-14,278.0,60.0,44.0,36.0,99.0,1016421.0,269.0,45.0
2020-04-15,352.0,68.0,48.0,41.0,134.0,1016183.0,319.0,50.0
2020-04-16,399.0,80.0,65.0,52.0,166.0,1017991.0,391.0,72.0
2020-04-17,473.0,102.0,90.0,64.0,192.0,1017193.0,480.0,89.0
2020-04-18,551.0,122.0,95.0,74.0,246.0,1016988.0,574.0,94.0
2020-04-19,631.0,139.0,103.0,88.0,283.0,1016598.0,670.0,96.0
2020-04-20,777.0,189.0,101.0,108.0,343.0,1015774.0,811.0,141.0
2020-04-21,964.0,202.0,161.0,113.0,433.0,1015506.0,970.0,159.0
2020-04-22,1181.0,240.0,188.0,147.0,505.0,1017125.0,1153.0,183.0
2020-04-23,1435.0,306.0,207.0,152.0,630.0,1018519.0,1382.0,229.0
2020-04-24,1723.0,359.0,275.0,191.0,710.0,1018353.0,1679.0,297.0
2020-04-25,2027.0,394.0,352.0,218.0,861.0,1018119.0,2010.0,331.0
2020-04-26,2402.0,499.0,415.0,275.0,1007.0,1017420.0,2428.0,418.0
2020-04-27,3033.0,627.0,478.0,389.0,1235.0,1015447.0,2941.0,513.0
2020-04-28,3589.0,753.0,607.0,448.0,1536.0,1014352.0,3545.0,604.0
2020-04-29,4300.0,898.0,691.0,526.0,1863.0,1014176.0,4302.0,757.0
2020-04-30,5165.0,1061.0,895.0,642.0,2199.0,1012350.0,5171.0,869.0
2020-05-01,6264.0,1303.0,968.0,762.0,2634.0,1009164.0,6185.0,1014.0
2020-05-02,7493.0,1633.0,1129.0,885.0,3246.0,1008567.0,7404.0,1219.0
2020-05-03,8903.0,1938.0,1493.0,1066.0,3822.0,1006325.0,8947.0,1543.0
2020-05-04,10824.0,2331.0,1808.0,1368.0,4589.0,1001605.0,10732.0,1785.0
2020-05-05,13061.0,2667.0,2231.0,1628.0,5517.0,996533.0,12797.0,2065.0
2020-05-06,15411.0,3255.0,2555.0,2017.0,6724.0,992889.0,15457.0,2660.0
2020-05-07,18562.0,3880.0,3094.0,2379.0,7953.0,985966.0,18493.0,3036.0
2020-05-08,22137.0,4789.0,3624.0,2821.0,9752.0,979819.0,22191.0,3698.0
2020-05-09,26721.0,5704.0,4332.0,3374.0,11608.0,971648.0,26657.0,4466.0
2020-05-10,31722.0,6802.0,5336.0,4127.0,13926.0,960971.0,32022.0,5365.0
2020-05-11,37936.0,7977.0,6299.0,4938.0,16898.0,948428.0,38229.0,6207.0
2020-05-12,45003.0,9589.0,7530.0,5928.0,20509.0,933550.0,45812.0,7583.0
2020-05-13,52793.0,11543.0,8775.0,7128.0,24661.0,918616.0,54918.0,9106.0
2020-05-14,62019.0,13889.0,10388.0,8249.0,29676.0,898541.0,65587.0,10669.0
2020-05-15,72755.0,15937.0,12613.0,9705.0,35166.0,877493.0,77898.0,12311.0
2020-05-16,84508.0,18635.0,14881.0,11686.0,42050.0,852338.0,92385.0,14487.0
2020-05-17,98099.0,21931.0,17380.0,13833.0,50365.0,822861.0,109258.0,16873.0
2020-05-18,112204.0,25438.0,20407.0,16262.0,59965.0,788563.0,128921.0,19663.0
2020-05-19,127707.0,29164.0,23861.0,18890.0,70971.0,753926.0,151148.0,22227.0
2020-05-20,144123.0,33098.0,27334.0,22065.0,83948.0,713241.0,176244.0,25096.0
2020-05-21,160910.0,37171.0,31071.0,25425.0,99333.0,670628.0,204423.0,28179.0
2020-05-22,177584.0,41369.0,35163.0,29144.0,117161.0,625766.0,235499.0,31076.0
2020-05-23,192951.0,45911.0,39112.0,32928.0,136859.0,579294.0,269946.0,34447.0
2020-05-24,206426.0,50145.0,43469.0,37043.0,158858.0,529126.0,307187.0,37241.0
2020-05-25,218192.0,54174.0,47721.0,41196.0,183977.0,479932.0,346623.0,39436.0
2020-05-26,226454.0,57675.0,51498.0,44896.0,211567.0,431803.0,388400.0,41777.0
2020-05-27,232099.0,60140.0,54721.0,49051.0,241281.0,385935.0,431393.0,42993.0
2020-05-28,234405.0,61994.0,57707.0,52497.0,274527.0,343582.0,475131.0,43738.0
2020-05-29,233869.0,63211.0,59749.0,55492.0,309733.0,303957.0,519407.0,44276.0
2020-05-30,228515.0,63464.0,61559.0,57737.0,346150.0,268564.0,562923.0,43516.0
2020-05-31,221052.0,62308.0,61834.0,59801.0,384841.0,237069.0,605044.0,42121.0
2020-06-01,211923.0,60887.0,61318.0,60610.0,423861.0,208993.0,645958.0,40914.0
2020-06-02,200012.0,58782.0,60624.0,60808.0,462321.0,184355.0,685073.0,39115.0
2020-06-03,187153.0,55740.0,58859.0,60015.0,501709.0,163115.0,721739.0,36666.0
2020-06-04,173354.0,52675.0,56502.0,58668.0,539794.0,145251.0,756162.0,34423.0
2020-06-05,159839.0,49174.0,53690.0,56786.0,575922.0,130566.0,787985.0,31823.0
2020-06-06,145912.0,45357.0,50813.0,54385.0,611840.0,117682.0,816759.0,28774.0
2020-06-07,133094.0,41872.0,47439.0,51606.0,645330.0,106661.0,843430.0,26671.0
2020-06-08,120061.0,38489.0,43514.0,48356.0,677927.0,97315.0,867605.0,24175.0
2020-06-09,108253.0,34909.0,40048.0,45199.0,708588.0,90024.0,889216.0,21611.0
2020-06-10,97007.0,31629.0,36484.0,41502.0,736417.0,83280.0,908776.0,19560.0
2020-06-11,86720.0,28635.0,33049.0,38155.0,762786.0,77766.0,926246.0,17470.0
2020-06-12,77600.0,25638.0,29870.0,34914.0,785663.0,73268.0,941754.0,15508.0
2020-06-13,68703.0,22927.0,27028.0,31815.0,806905.0,69575.0,955674.0,13920.0
2020-06-14,61080.0,20295.0,24171.0,28840.0,826271.0,66517.0,968010.0,12336.0
2020-06-15,54090.0,18105.0,21963.0,25832.0,843808.0,63422.0,978846.0,10836.0
2020-06-16,47626.0,16058.0,19633.0,23201.0,859160.0,60936.0,988542.0,9696.0
2020-06-17,42189.0,14280.0,17264.0,21118.0,873137.0,58807.0,997226.0,8684.0
2020-06-18,37111.0,12446.0,15410.0,18746.0,885055.0,57008.0,1004719.0,7493.0
2020-06-19,32818.0,11064.0,13612.0,16733.0,896729.0,55717.0,1011333.0,6614.0
2020-06-20,29048.0,9866.0,11986.0,14971.0,906922.0,54027.0,1017289.0,5956.0
2020-06-21,25374.0,8779.0,10538.0,13090.0,915654.0,52820.0,1022458.0,5169.0
2020-06-22,22455.0,7768.0,9538.0,11550.0,922462.0,51750.0,1027098.0,4640.0
2020-06-23,19819.0,6736.0,8373.0,10411.0,930728.0,51246.0,1031089.0,3991.0
2020-06-24,17488.0,5962.0,7289.0,9170.0,936651.0,50335.0,1034595.0,3506.0
2020-06-25,15448.0,5208.0,6414.0,7869.0,942716.0,49723.0,1037666.0,3071.0
2020-06-26,13442.0,4634.0,5734.0,7100.0,948846.0,49107.0,1040513.0,2847.0
2020-06-27,11730.0,4114.0,5091.0,6248.0,953138.0,48475.0,1042940.0,2427.0
2020-06-28,10258.0,3545.0,4384.0,5588.0,956807.0,48037.0,1044974.0,2034.0
2020-06-29,8956.0,3131.0,3929.0,4888.0,959652.0,47491.0,1046835.0,1861.0
2020-06-30,7937.0,2712.0,3451.0,4249.0,964080.0,47348.0,1048452.0,1617.0
2020-07-01,7100.0,2362.0,2994.0,3748.0,966830.0,47234.0,1049848.0,1396.0
2020-07-02,6091.0,2144.0,2662.0,3152.0,967837.0,47273.0,1051138.0,1290.0
2020-07-03,5291.0,1888.0,2263.0,2870.0,968612.0,46822.0,1052211.0,1073.0
2020-07-04,4529.0,1613.0,2015.0,2516.0,970311.0,46370.0,1053186.0,975.0
2020-07-05,3967.0,1398.0,1759.0,2184.0,971523.0,46195.0,1054010.0,824.0
2020-07-06,3500.0,1235.0,1519.0,1890.0,974235.0,46143.0,1054723.0,713.0
