time,E,I1,I2,I3,R,S,cumI,diffI
2020-03-06,2.0,2.0,1.0,0.0,0.0,969914.0,0.0,0.0
2020-03-07,5.0,3.0,1.0,0.0,0.0,972716.0,2.0,2.0
2020-03-08,4.0,0.0,1.0,0.0,0.0,980355.0,2.0,0.0
2020-03-09,3.0,1.0,1.0,0.0,0.0,986012.0,3.0,1.0
2020-03-10,4.0,1.0,0.0,0.0,1.0,992173.0,3.0,0.0
2020-03-11,5.0,1.0,0.0,0.0,1.0,996311.0,3.0,0.0
2020-03-12,5.0,0.0,0.0,0.0,1.0,1000810.0,3.0,0.0
2020-03-13,4.0,0.0,0.0,0.0,0.0,1003342.0,3.0,0.0
2020-03-14,5.0,3.0,0.0,0.0,1.0,1005731.0,7.0,4.0
2020-03-15,9.0,4.0,0.0,1.0,1.0,1007586.0,8.0,1.0
2020-03-16,11.0,3.0,2.0,4.0,1.0,1008849.0,9.0,1.0
2020-03-17,14.0,1.0,1.0,2.0,3.0,1010882.0,10.0,1.0
2020-03-18,12.0,2.0,2.0,2.0,6.0,1011014.0,13.0,3.0
2020-03-19,10.0,5.0,3.0,1.0,8.0,1011877.0,16.0,3.0
2020-03-20,12.0,1.0,0.0,3.0,9.0,1013017.0,17.0,1.0
2020-03-21,10.0,1.0,0.0,2.0,11.0,1013150.0,18.0,1.0
2020-03-22,14.0,4.0,3.0,1.0,12.0,1012003.0,23.0,5.0
2020-03-23,15.0,5.0,5.0,2.0,11.0,1013654.0,27.0,4.0
2020-03-24,25.0,11.0,3.0,6.0,12.0,1013969.0,31.0,4.0
2020-03-25,23.0,5.0,5.0,4.0,18.0,1015379.0,37.0,6.0
2020-03-26,27.0,2.0,2.0,5.0,19.0,1015216.0,38.0,1.0
2020-03-27,27.0,3.0,2.0,2.0,25.0,1015045.0,40.0,2.0
2020-03-28,37.0,7.0,7.0,2.0,30.0,1015925.0,44.0,4.0
2020-03-29,54.0,12.0,9.0,4.0,29.0,1015699.0,52.0,8.0
2020-03-30,59.0,19.0,11.0,5.0,27.0,1015518.0,66.0,14.0
2020-03-31,81.0,17.0,14.0,7.0,36.0,1015625.0,78.0,12.0
2020-04-01,95.0,21.0,17.0,9.0,42.0,1017180.0,95.0,17.0
2020-04-02,117.0,26.0,21.0,14.0,40.0,1016728.0,119.0,24.0
2020-04-03,152.0,37.0,18.0,19.0,60.0,1017290.0,146.0,27.0
2020-04-04,188.0,36.0,30.0,17.0,84.0,1016762.0,174.0,28.0
2020-04-05,198.0,39.0,38.0,31.0,87.0,1017909.0,204.0,30.0
2020-04-06,227.0,61.0,41.0,32.0,118.0,1017270.0,248.0,44.0
2020-04-07,303.0,60.0,49.0,36.0,134.0,1017721.0,288.0,40.0
2020-04-08,368.0,82.0,56.0,48.0,152.0,1017336.0,346.0,58.0
2020-04-09,415.0,89.0,67.0,58.0,216.0,1017198.0,411.0,65.0
2020-04-10,486.0,108.0,73.0,71.0,227.0,1017692.0,492.0,81.0
2020-04-11,612.0,124.0,108.0,83.0,274.0,1018117.0,590.0,98.0
2020-04-12,732.0,165.0,119.0,92.0,333.0,1017029.0,715.0,125.0
2020-04-13,913.0,192.0,156.0,101.0,399.0,1016140.0,856.0,141.0
2020-04-14,1126.0,216.0,182.0,135.0,469.0,1015802.0,1041.0,185.0
2020-04-15,1389.0,278.0,244.0,171.0,555.0,1015957.0,1278.0,237.0
2020-04-16,1643.0,353.0,262.0,212.0,691.0,1014280.0,1571.0,293.0
2020-04-17,1991.0,408.0,318.0,222.0,794.0,1015221.0,1894.0,323.0
2020-04-18,2354.0,488.0,398.0,286.0,972.0,1015406.0,2275.0,381.0
2020-04-19,2790.0,590.0,464.0,358.0,1175.0,1016363.0,2746.0,471.0
2020-04-20,3356.0,747.0,561.0,436.0,1402.0,1013974.0,3387.0,641.0
2020-04-21,4079.0,882.0,685.0,507.0,1700.0,1013278.0,4082.0,695.0
2020-04-22,4909.0,1031.0,795.0,605.0,1985.0,1013554.0,4912.0,830.0
2020-04-23,6019.0,1261.0,922.0,728.0,2524.0,1011805.0,5891.0,979.0
2020-04-24,7021.0,1523.0,1103.0,840.0,3028.0,1008173.0,7102.0,1211.0
2020-04-25,8303.0,1857.0,1357.0,1029.0,3583.0,1004072.0,8554.0,1452.0
2020-04-26,10082.0,2138.0,1603.0,1283.0,4375.0,1000022.0,10226.0,1672.0
2020-04-27,12258.0,2624.0,2004.0,1502.0,5236.0,997269.0,12252.0,2026.0
2020-04-28,14545.0,3049.0,2393.0,1818.0,6286.0,993712.0,14714.0,2462.0
2020-04-29,17575.0,3678.0,2902.0,2234.0,7622.0,988307.0,17566.0,2852.0
2020-04-30,20899.0,4428.0,3525.0,2658.0,9254.0,982211.0,21019.0,3453.0
2020-05-01,25209.0,5349.0,4135.0,3270.0,11125.0,972539.0,25250.0,4231.0
2020-05-02,30102.0,6434.0,5035.0,3826.0,13263.0,962907.0,30332.0,5082.0
2020-05-03,36173.0,7490.0,6047.0,4722.0,15909.0,951992.0,36150.0,5818.0
2020-05-04,43012.0,9253.0,7113.0,5700.0,19218.0,938466.0,43471.0,7321.0
2020-05-05,50367.0,10947.0,8507.0,6487.0,23330.0,923545.0,52021.0,8550.0
2020-05-06,59277.0,12680.0,10214.0,7978.0,28031.0,903651.0,61996.0,9975.0
2020-05-07,69439.0,15012.0,11984.0,9544.0,33522.0,881993.0,73749.0,11753.0
2020-05-08,80845.0,17807.0,14160.0,11193.0,40217.0,858516.0,87542.0,13793.0
2020-05-09,93628.0,20559.0,16562.0,13129.0,47591.0,830575.0,103502.0,15960.0
2020-05-10,107789.0,23778.0,19296.0,15452.0,56692.0,799612.0,121769.0,18267.0
2020-05-11,122497.0,27844.0,22225.0,18061.0,67595.0,764952.0,143198.0,21429.0
2020-05-12,138934.0,31490.0,25879.0,20994.0,80486.0,726946.0,167113.0,23915.0
2020-05-13,155720.0,35610.0,29616.0,24407.0,95307.0,684039.0,194261.0,27148.0
2020-05-14,172447.0,39939.0,33668.0,28040.0,111789.0,639586.0,224306.0,30045.0
2020-05-15,189007.0,44619.0,37891.0,31627.0,130987.0,592910.0,257756.0,33450.0
2020-05-16,202432.0,49113.0,42324.0,35572.0,152279.0,543829.0,294167.0,36411.0
2020-05-17,214544.0,52962.0,46307.0,39968.0,176359.0,494355.0,333056.0,38889.0
2020-05-18,223710.0,56150.0,50195.0,43952.0,203402.0,446728.0,373820.0,40764.0
2020-05-19,230609.0,59262.0,53827.0,47528.0,232710.0,399942.0,416397.0,42577.0
2020-05-20,234008.0,61702.0,56650.0,51255.0,264344.0,356008.0,459676.0,43279.0
2020-05-21,233183.0,62827.0,59438.0,54865.0,299628.0,315241.0,503608.0,43932.0
2020-05-22,231017.0,63103.0,60849.0,57163.0,336046.0,277656.0,547301.0,43693.0
2020-05-23,223708.0,62904.0,61832.0,59297.0,373158.0,244573.0,590639.0,43338.0
2020-05-24,214351.0,61361.0,61834.0,60730.0,411846.0,214616.0,632266.0,41627.0
2020-05-25,203453.0,59473.0,61114.0,60954.0,451847.0,189222.0,672026.0,39760.0
2020-05-26,190727.0,56493.0,59124.0,60872.0,490377.0,167557.0,709080.0,37054.0
2020-05-27,177709.0,53338.0,56620.0,59501.0,528203.0,149165.0,744230.0,35150.0
2020-05-28,164166.0,50379.0,54388.0,57570.0,566235.0,133064.0,776823.0,32593.0
2020-05-29,150200.0,46627.0,51171.0,54996.0,602345.0,119749.0,806431.0,29608.0
2020-05-30,136075.0,43011.0,48094.0,51750.0,637910.0,108585.0,833685.0,27254.0
2020-05-31,123171.0,39518.0,44417.0,48936.0,670045.0,99398.0,858347.0,24662.0
2020-06-01,111100.0,35730.0,41111.0,45496.0,700888.0,91305.0,880781.0,22434.0
2020-06-02,99698.0,32350.0,37518.0,42662.0,729543.0,84597.0,900770.0,19989.0
2020-06-03,88936.0,29214.0,34118.0,39097.0,756191.0,78864.0,918637.0,17867.0
2020-06-04,79575.0,26160.0,30646.0,36020.0,780637.0,74256.0,934649.0,16012.0
2020-06-05,70606.0,23664.0,27647.0,32695.0,802720.0,70222.0,948994.0,14345.0
2020-06-06,62949.0,20764.0,25035.0,29806.0,822101.0,66985.0,961572.0,12578.0
2020-06-07,55745.0,18441.0,22504.0,26456.0,839508.0,63943.0,972819.0,11247.0
2020-06-08,49217.0,16538.0,20037.0,24110.0,855600.0,61057.0,982864.0,10045.0
2020-06-09,43663.0,14705.0,18068.0,21676.0,872068.0,58895.0,991792.0,8928.0
2020-06-10,38685.0,13039.0,16204.0,19397.0,885825.0,56848.0,999600.0,7808.0
2020-06-11,34080.0,11640.0,13996.0,17407.0,895484.0,55116.0,1006519.0,6919.0
2020-06-12,29740.0,10157.0,12658.0,15113.0,905705.0,53579.0,1012635.0,6116.0
2020-06-13,26197.0,8895.0,10996.0,13557.0,913816.0,52203.0,1017928.0,5293.0
2020-06-14,22944.0,7852.0,9757.0,11852.0,922344.0,51257.0,1022642.0,4714.0
2020-06-15,20181.0,6988.0,8515.0,10427.0,929623.0,50417.0,1026760.0,4118.0
2020-06-16,17745.0,6163.0,7610.0,9228.0,935705.0,49512.0,1030405.0,3645.0
2020-06-17,15442.0,5416.0,6748.0,8179.0,941490.0,48684.0,1033625.0,3220.0
2020-06-18,13721.0,4646.0,5925.0,7190.0,946297.0,48446.0,1036372.0,2747.0
2020-06-19,11930.0,4106.0,5265.0,6335.0,950793.0,48210.0,1038800.0,2428.0
2020-06-20,10435.0,3626.0,4550.0,5621.0,956327.0,47801.0,1040927.0,2127.0
2020-06-21,9096.0,3104.0,3968.0,4979.0,959719.0,47750.0,1042750.0,1823.0
2020-06-22,7942.0,2752.0,3472.0,4441.0,961396.0,47374.0,1044378.0,1628.0
2020-06-23,7073.0,2402.0,3076.0,3800.0,964242.0,47074.0,1045819.0,1441.0
2020-06-24,6096.0,2132.0,2692.0,3367.0,966490.0,46841.0,1047058.0,1239.0
2020-06-25,5315.0,1809.0,2327.0,2922.0,969578.0,46649.0,1048106.0,1048.0
2020-06-26,4612.0,1577.0,1958.0,2600.0,971444.0,46830.0,1049058.0,952.0
2020-06-27,4072.0,1391.0,1750.0,2176.0,973358.0,46508.0,1049886.0,828.0
2020-06-28,3476.0,1226.0,1490.0,1930.0,975184.0,46617.0,1050617.0,731.0
2020-06-29,3034.0,1115.0,1369.0,1688.0,976869.0,46146.0,1051282.0,665.0
2020-06-30,2742.0,918.0,1197.0,1475.0,977384.0,46005.0,1051804.0,522.0
2020-07-01,2358.0,801.0,1053.0,1317.0,978218.0,45594.0,1052310.0,506.0
2020-07-02,2038.0,711.0,967.0,1099.0,978887.0,45608.0,1052759.0,449.0
2020-07-03,1812.0,680.0,810.0,1017.0,978397.0,45771.0,1053146.0,387.0
2020-07-04,1612.0,570.0,720.0,866.0,979347.0,45750.0,1053465.0,319.0
2020-07-05,1368.0,471.0,631.0,737.0,981616.0,45684.0,1053774.0,309.0
2020-07-06,1221.0,404.0,541.0,692.0,980403.0,45630.0,1054024.0,250.0
