time,E,I1,I2,I3,R,S,cumI,diffI
2020-03-06,1.0,3.0,0.0,0.0,0.0,970216.0,0.0,0.0
2020-03-07,1.0,1.0,1.0,1.0,0.0,971950.0,1.0,1.0
2020-03-08,5.0,0.0,2.0,1.0,0.0,978652.0,1.0,0.0
2020-03-09,5.0,0.0,1.0,0.0,2.0,986531.0,2.0,1.0
2020-03-10,3.0,1.0,0.0,1.0,2.0,991890.0,4.0,2.0
2020-03-11,3.0,2.0,1.0,0.0,2.0,996658.0,5.0,1.0
2020-03-12,4.0,1.0,1.0,0.0,1.0,1000424.0,5.0,0.0
2020-03-13,5.0,1.0,0.0,0.0,1.0,1003643.0,6.0,1.0
2020-03-14,3.0,0.0,1.0,0.0,2.0,1005303.0,7.0,1.0
2020-03-15,6.0,0.0,2.0,0.0,2.0,1006254.0,7.0,0.0
2020-03-16,6.0,1.0,1.0,1.0,4.0,1007725.0,9.0,2.0
2020-03-17,6.0,3.0,0.0,1.0,2.0,1009370.0,11.0,2.0
2020-03-18,6.0,2.0,1.0,1.0,3.0,1009449.0,11.0,0.0
2020-03-19,11.0,2.0,2.0,0.0,1.0,1010740.0,12.0,1.0
2020-03-20,12.0,4.0,2.0,2.0,1.0,1011244.0,13.0,1.0
2020-03-21,12.0,6.0,1.0,1.0,3.0,1011618.0,16.0,3.0
2020-03-22,21.0,4.0,4.0,3.0,2.0,1012440.0,18.0,2.0
2020-03-23,25.0,3.0,1.0,4.0,10.0,1013591.0,19.0,1.0
2020-03-24,25.0,5.0,4.0,3.0,10.0,1014704.0,26.0,7.0
2020-03-25,33.0,6.0,3.0,6.0,12.0,1014584.0,30.0,4.0
2020-03-26,34.0,11.0,7.0,2.0,17.0,1015700.0,39.0,9.0
2020-03-27,47.0,11.0,9.0,6.0,18.0,1015401.0,47.0,8.0
2020-03-28,54.0,7.0,6.0,11.0,16.0,1015865.0,53.0,6.0
2020-03-29,66.0,6.0,8.0,13.0,19.0,1015171.0,56.0,3.0
2020-03-30,59.0,10.0,16.0,11.0,34.0,1017383.0,66.0,10.0
2020-03-31,70.0,19.0,16.0,12.0,41.0,1017318.0,80.0,14.0
2020-04-01,89.0,15.0,18.0,10.0,41.0,1016449.0,91.0,11.0
2020-04-02,125.0,21.0,24.0,15.0,45.0,1016458.0,106.0,15.0
2020-04-03,124.0,28.0,24.0,14.0,61.0,1016483.0,136.0,30.0
2020-04-04,141.0,31.0,28.0,16.0,64.0,1016435.0,169.0,33.0
2020-04-05,177.0,37.0,30.0,22.0,73.0,1016984.0,195.0,26.0
2020-04-06,214.0,49.0,37.0,27.0,80.0,1016409.0,224.0,29.0
2020-04-07,301.0,53.0,53.0,38.0,96.0,1017566.0,259.0,35.0
2020-04-08,335.0,75.0,48.0,51.0,128.0,1017495.0,306.0,47.0
2020-04-09,412.0,92.0,56.0,50.0,168.0,1017099.0,376.0,70.0
2020-04-10,482.0,97.0,77.0,56.0,196.0,1018412.0,442.0,66.0
2020-04-11,558.0,118.0,91.0,64.0,227.0,1018680.0,542.0,100.0
2020-04-12,663.0,148.0,101.0,90.0,272.0,1017452.0,659.0,117.0
2020-04-13,829.0,184.0,147.0,111.0,317.0,1018024.0,807.0,148.0
2020-04-14,1048.0,207.0,168.0,130.0,415.0,1018081.0,965.0,158.0
2020-04-15,1209.0,236.0,215.0,171.0,516.0,1016313.0,1151.0,186.0
2020-04-16,1409.0,311.0,241.0,183.0,638.0,1014930.0,1391.0,240.0
2020-04-17,1709.0,354.0,274.0,242.0,723.0,1014663.0,1689.0,298.0
2020-04-18,2034.0,405.0,328.0,254.0,890.0,1014537.0,2030.0,341.0
2020-04-19,2376.0,489.0,398.0,304.0,999.0,1013456.0,2421.0,391.0
2020-04-20,2911.0,599.0,533.0,376.0,1184.0,1012978.0,2933.0,512.0
2020-04-21,3467.0,767.0,552.0,457.0,1510.0,1012753.0,3530.0,597.0
2020-04-22,4155.0,838.0,699.0,560.0,1794.0,1012022.0,4195.0,665.0
2020-04-23,5041.0,1068.0,810.0,680.0,2130.0,1011534.0,5042.0,847.0
2020-04-24,5918.0,1259.0,1032.0,708.0,2544.0,1009360.0,6070.0,1028.0
2020-04-25,7238.0,1518.0,1191.0,968.0,3068.0,1008143.0,7273.0,1203.0
2020-04-26,8620.0,1861.0,1420.0,1126.0,3719.0,1004255.0,8744.0,1471.0
2020-04-27,10414.0,2254.0,1747.0,1400.0,4438.0,999065.0,10550.0,1806.0
2020-04-28,12401.0,2613.0,2060.0,1636.0,5326.0,995687.0,12658.0,2108.0
2020-04-29,14989.0,3176.0,2419.0,1920.0,6511.0,991962.0,15130.0,2472.0
2020-04-30,18067.0,3796.0,2956.0,2258.0,7761.0,985989.0,18104.0,2974.0
2020-05-01,21233.0,4529.0,3549.0,2812.0,9402.0,979484.0,21742.0,3638.0
2020-05-02,25417.0,5385.0,4200.0,3274.0,11306.0,970558.0,25973.0,4231.0
2020-05-03,30457.0,6541.0,5022.0,3905.0,13464.0,962039.0,31178.0,5205.0
2020-05-04,36567.0,7810.0,5937.0,4710.0,16444.0,950271.0,37182.0,6004.0
2020-05-05,43299.0,9214.0,7325.0,5559.0,19793.0,937512.0,44388.0,7206.0
2020-05-06,50835.0,11080.0,8587.0,6796.0,23551.0,921639.0,53060.0,8672.0
2020-05-07,59866.0,12868.0,10163.0,8161.0,28269.0,904600.0,63017.0,9957.0
2020-05-08,70192.0,15137.0,11993.0,9415.0,34117.0,883617.0,74954.0,11937.0
2020-05-09,81453.0,17944.0,14338.0,11046.0,40573.0,859065.0,89102.0,14148.0
2020-05-10,94616.0,20910.0,16832.0,13112.0,48130.0,829808.0,105281.0,16179.0
2020-05-11,108513.0,23968.0,19606.0,15739.0,57437.0,796507.0,123951.0,18670.0
2020-05-12,123476.0,27733.0,22614.0,18309.0,68500.0,761276.0,145355.0,21404.0
2020-05-13,139655.0,31689.0,26279.0,21199.0,80663.0,721082.0,169588.0,24233.0
2020-05-14,155831.0,36485.0,29952.0,24430.0,95486.0,679773.0,197088.0,27500.0
2020-05-15,172494.0,40607.0,34056.0,28237.0,112491.0,635326.0,227445.0,30357.0
2020-05-16,187789.0,44632.0,37998.0,32229.0,131427.0,589158.0,260851.0,33406.0
2020-05-17,202487.0,48631.0,42650.0,35933.0,152936.0,541351.0,296895.0,36044.0
2020-05-18,214349.0,52914.0,46509.0,40194.0,177319.0,492042.0,335789.0,38894.0
2020-05-19,225034.0,56709.0,50455.0,44086.0,204708.0,443657.0,376970.0,41181.0
2020-05-20,230773.0,59357.0,53705.0,47986.0,234682.0,397481.0,419663.0,42693.0
2020-05-21,232993.0,61301.0,57083.0,51269.0,266592.0,354076.0,463301.0,43638.0
2020-05-22,233047.0,62165.0,58931.0,54991.0,300758.0,314205.0,506921.0,43620.0
2020-05-23,229416.0,62827.0,60442.0,56846.0,337316.0,278059.0,550299.0,43378.0
2020-05-24,222933.0,62552.0,61187.0,58845.0,374907.0,244922.0,592912.0,42613.0
2020-05-25,213491.0,61736.0,61480.0,59887.0,413021.0,216142.0,634403.0,41491.0
2020-05-26,202623.0,58849.0,60977.0,60661.0,451623.0,190921.0,673391.0,38988.0
2020-05-27,190501.0,56433.0,59131.0,59798.0,490409.0,169129.0,710516.0,37125.0
2020-05-28,176739.0,53310.0,57178.0,58768.0,528400.0,150177.0,745510.0,34994.0
2020-05-29,163648.0,49634.0,54207.0,57458.0,565936.0,134198.0,777892.0,32382.0
2020-05-30,149169.0,46617.0,51075.0,55051.0,603132.0,121513.0,807877.0,29985.0
2020-05-31,136114.0,42655.0,47740.0,52226.0,637272.0,110172.0,834780.0,26903.0
2020-06-01,123445.0,38999.0,44381.0,49066.0,669694.0,100610.0,859237.0,24457.0
2020-06-02,111497.0,35704.0,41147.0,45911.0,699237.0,92544.0,881729.0,22492.0
2020-06-03,99811.0,32544.0,37294.0,42572.0,727391.0,85824.0,901841.0,20112.0
2020-06-04,89790.0,29561.0,33901.0,39265.0,753319.0,80116.0,919831.0,17990.0
2020-06-05,79957.0,26792.0,30680.0,35819.0,777401.0,74869.0,936147.0,16316.0
2020-06-06,70966.0,23877.0,28178.0,32499.0,798946.0,70929.0,950676.0,14529.0
2020-06-07,62752.0,21137.0,25327.0,29677.0,819345.0,67503.0,963409.0,12733.0
2020-06-08,56122.0,18778.0,22513.0,26930.0,837140.0,64462.0,974594.0,11185.0
2020-06-09,49856.0,16715.0,20131.0,24231.0,852264.0,62144.0,984559.0,9965.0
2020-06-10,43959.0,14787.0,17990.0,21613.0,867716.0,59731.0,993531.0,8972.0
2020-06-11,38721.0,13327.0,15923.0,19266.0,880252.0,57528.0,1001499.0,7968.0
2020-06-12,34385.0,11504.0,14246.0,17295.0,891956.0,55729.0,1008439.0,6940.0
2020-06-13,30186.0,10246.0,12427.0,15281.0,903684.0,54462.0,1014568.0,6129.0
2020-06-14,26628.0,9116.0,11287.0,13562.0,912543.0,53185.0,1020021.0,5453.0
2020-06-15,23425.0,8163.0,10004.0,12173.0,920410.0,52199.0,1024905.0,4884.0
2020-06-16,20555.0,7118.0,8757.0,10877.0,927154.0,51392.0,1029161.0,4256.0
2020-06-17,18046.0,6162.0,7760.0,9555.0,934200.0,50731.0,1032850.0,3689.0
2020-06-18,15972.0,5410.0,6835.0,8455.0,940157.0,50061.0,1036060.0,3210.0
2020-06-19,13906.0,4710.0,5959.0,7443.0,946688.0,49337.0,1038892.0,2832.0
2020-06-20,12072.0,4260.0,5348.0,6526.0,950188.0,48893.0,1041443.0,2551.0
2020-06-21,10650.0,3694.0,4690.0,5731.0,953603.0,48548.0,1043644.0,2201.0
2020-06-22,9304.0,3310.0,4034.0,5160.0,958202.0,48192.0,1045588.0,1944.0
2020-06-23,8199.0,2877.0,3570.0,4555.0,961510.0,48216.0,1047306.0,1718.0
2020-06-24,7255.0,2484.0,3140.0,3968.0,963656.0,47897.0,1048768.0,1462.0
2020-06-25,6413.0,2128.0,2648.0,3436.0,965664.0,47670.0,1050016.0,1248.0
2020-06-26,5472.0,1827.0,2336.0,3000.0,966993.0,47234.0,1051142.0,1126.0
2020-06-27,4799.0,1621.0,2044.0,2645.0,968758.0,47339.0,1052143.0,1001.0
2020-06-28,4178.0,1435.0,1766.0,2258.0,969624.0,46946.0,1052978.0,835.0
2020-06-29,3719.0,1291.0,1576.0,2040.0,971233.0,46718.0,1053738.0,760.0
2020-06-30,3221.0,1090.0,1373.0,1746.0,973791.0,46565.0,1054398.0,660.0
2020-07-01,2862.0,966.0,1194.0,1489.0,974481.0,46816.0,1054952.0,554.0
2020-07-02,2500.0,871.0,1110.0,1360.0,974462.0,46612.0,1055489.0,537.0
2020-07-03,2217.0,776.0,931.0,1134.0,974817.0,46562.0,1055934.0,445.0
2020-07-04,1926.0,676.0,794.0,1037.0,976739.0,46248.0,1056352.0,418.0
2020-07-05,1669.0,637.0,720.0,879.0,977342.0,46015.0,1056716.0,364.0
2020-07-06,1473.0,535.0,646.0,777.0,978137.0,45918.0,1057013.0,297.0
