time,E,I1,I2,I3,R,S,cumI,diffI
2020-03-06,2.0,3.0,0.0,0.0,0.0,969980.0,0.0,0.0
2020-03-07,2.0,0.0,1.0,1.0,0.0,972932.0,0.0,0.0
2020-03-08,3.0,1.0,0.0,1.0,1.0,979425.0,1.0,1.0
2020-03-09,2.0,0.0,0.0,0.0,1.0,988309.0,1.0,0.0
2020-03-10,0.0,0.0,0.0,0.0,1.0,993200.0,1.0,0.0
2020-03-11,0.0,0.0,0.0,0.0,1.0,996497.0,1.0,0.0
2020-03-12,1.0,0.0,0.0,0.0,0.0,1000607.0,1.0,0.0
2020-03-13,1.0,0.0,0.0,0.0,1.0,1003237.0,1.0,0.0
2020-03-14,2.0,0.0,0.0,0.0,2.0,1003210.0,1.0,0.0
2020-03-15,2.0,0.0,0.0,0.0,2.0,1006156.0,1.0,0.0
2020-03-16,1.0,0.0,0.0,0.0,2.0,1006808.0,1.0,0.0
2020-03-17,2.0,0.0,0.0,0.0,0.0,1008524.0,1.0,0.0
2020-03-18,1.0,0.0,1.0,0.0,0.0,1010456.0,2.0,1.0
2020-03-19,2.0,0.0,0.0,1.0,0.0,1010345.0,2.0,0.0
2020-03-20,3.0,0.0,1.0,0.0,1.0,1011931.0,2.0,0.0
2020-03-21,2.0,1.0,0.0,0.0,2.0,1012015.0,2.0,0.0
2020-03-22,2.0,1.0,0.0,0.0,2.0,1012393.0,2.0,0.0
2020-03-23,3.0,3.0,0.0,0.0,2.0,1013949.0,3.0,1.0
2020-03-24,2.0,3.0,0.0,0.0,2.0,1014870.0,5.0,2.0
2020-03-25,2.0,3.0,1.0,0.0,4.0,1015601.0,6.0,1.0
2020-03-26,5.0,3.0,1.0,1.0,3.0,1015315.0,7.0,1.0
2020-03-27,8.0,2.0,2.0,1.0,2.0,1014880.0,8.0,1.0
2020-03-28,10.0,3.0,2.0,1.0,2.0,1016272.0,10.0,2.0
2020-03-29,15.0,2.0,3.0,4.0,3.0,1015939.0,12.0,2.0
2020-03-30,18.0,4.0,2.0,2.0,8.0,1016695.0,15.0,3.0
2020-03-31,22.0,6.0,0.0,2.0,6.0,1016359.0,18.0,3.0
2020-04-01,25.0,4.0,2.0,1.0,6.0,1015914.0,20.0,2.0
2020-04-02,22.0,6.0,5.0,1.0,7.0,1015689.0,29.0,9.0
2020-04-03,30.0,4.0,7.0,3.0,6.0,1015449.0,33.0,4.0
2020-04-04,33.0,8.0,3.0,5.0,11.0,1015698.0,38.0,5.0
2020-04-05,32.0,14.0,7.0,4.0,20.0,1016774.0,51.0,13.0
2020-04-06,40.0,13.0,9.0,12.0,20.0,1017778.0,58.0,7.0
2020-04-07,54.0,10.0,10.0,13.0,21.0,1019077.0,66.0,8.0
2020-04-08,77.0,15.0,9.0,16.0,28.0,1019351.0,73.0,7.0
2020-04-09,87.0,21.0,18.0,14.0,29.0,1017767.0,93.0,20.0
2020-04-10,117.0,21.0,16.0,13.0,47.0,1016218.0,109.0,16.0
2020-04-11,116.0,28.0,20.0,7.0,48.0,1017422.0,132.0,23.0
2020-04-12,120.0,30.0,23.0,9.0,56.0,1017388.0,154.0,22.0
2020-04-13,167.0,31.0,29.0,19.0,67.0,1018040.0,174.0,20.0
2020-04-14,208.0,38.0,37.0,27.0,89.0,1017752.0,214.0,40.0
2020-04-15,275.0,54.0,41.0,30.0,108.0,1017929.0,257.0,43.0
2020-04-16,321.0,71.0,46.0,45.0,137.0,1018771.0,315.0,58.0
2020-04-17,412.0,79.0,56.0,39.0,162.0,1019962.0,382.0,67.0
2020-04-18,477.0,109.0,54.0,66.0,188.0,1021060.0,468.0,86.0
2020-04-19,594.0,101.0,75.0,67.0,232.0,1019696.0,537.0,69.0
2020-04-20,692.0,142.0,101.0,83.0,265.0,1019358.0,656.0,119.0
2020-04-21,805.0,166.0,127.0,92.0,317.0,1019051.0,792.0,136.0
2020-04-22,962.0,211.0,150.0,122.0,369.0,1018832.0,962.0,170.0
2020-04-23,1147.0,230.0,210.0,127.0,469.0,1017440.0,1141.0,179.0
2020-04-24,1334.0,299.0,213.0,163.0,553.0,1017752.0,1385.0,244.0
2020-04-25,1615.0,311.0,264.0,219.0,681.0,1017468.0,1626.0,241.0
2020-04-26,1929.0,411.0,317.0,252.0,885.0,1017501.0,1931.0,305.0
2020-04-27,2317.0,484.0,357.0,292.0,1025.0,1016873.0,2323.0,392.0
2020-04-28,2733.0,606.0,454.0,338.0,1230.0,1015728.0,2822.0,499.0
2020-04-29,3412.0,707.0,583.0,438.0,1499.0,1014794.0,3388.0,566.0
2020-04-30,4164.0,817.0,662.0,547.0,1841.0,1012837.0,4039.0,651.0
2020-05-01,5107.0,1084.0,775.0,661.0,2152.0,1011535.0,4891.0,852.0
2020-05-02,6184.0,1313.0,1000.0,763.0,2588.0,1010567.0,5916.0,1025.0
2020-05-03,7443.0,1572.0,1217.0,928.0,3092.0,1006974.0,7154.0,1238.0
2020-05-04,9005.0,1913.0,1392.0,1148.0,3790.0,1004370.0,8625.0,1471.0
2020-05-05,10759.0,2354.0,1835.0,1326.0,4607.0,1001714.0,10511.0,1886.0
2020-05-06,13035.0,2805.0,2228.0,1670.0,5581.0,998294.0,12678.0,2167.0
2020-05-07,15633.0,3373.0,2569.0,2098.0,6712.0,992680.0,15288.0,2610.0
2020-05-08,18890.0,4039.0,3117.0,2332.0,8231.0,986195.0,18391.0,3103.0
2020-05-09,22468.0,4851.0,3762.0,2873.0,9804.0,978379.0,22240.0,3849.0
2020-05-10,26939.0,5765.0,4415.0,3546.0,11807.0,970294.0,26742.0,4502.0
2020-05-11,32168.0,6915.0,5350.0,4059.0,14205.0,959750.0,32257.0,5515.0
2020-05-12,38453.0,8338.0,6382.0,4961.0,17036.0,948481.0,38729.0,6472.0
2020-05-13,45708.0,9829.0,7771.0,6024.0,20569.0,932807.0,46488.0,7759.0
2020-05-14,54087.0,11639.0,9119.0,7108.0,25044.0,917309.0,55593.0,9105.0
2020-05-15,63435.0,13787.0,10745.0,8607.0,29899.0,897310.0,66315.0,10722.0
2020-05-16,74275.0,16188.0,12765.0,10326.0,35767.0,876235.0,78995.0,12680.0
2020-05-17,86162.0,18888.0,15332.0,11878.0,42797.0,848938.0,93756.0,14761.0
2020-05-18,100543.0,21810.0,17647.0,14121.0,51238.0,819291.0,110585.0,16829.0
2020-05-19,114825.0,25419.0,20482.0,16363.0,61011.0,786142.0,130067.0,19482.0
2020-05-20,130353.0,29406.0,23751.0,19350.0,72633.0,749159.0,152796.0,22729.0
2020-05-21,146881.0,33381.0,27605.0,22470.0,86095.0,707946.0,178180.0,25384.0
2020-05-22,162699.0,38088.0,31674.0,25840.0,101802.0,663880.0,206989.0,28809.0
2020-05-23,179123.0,42335.0,35823.0,29662.0,119713.0,617183.0,238587.0,31598.0
2020-05-24,194712.0,46867.0,40228.0,33501.0,140477.0,568087.0,273454.0,34867.0
2020-05-25,208964.0,50801.0,44456.0,37620.0,163533.0,519877.0,311051.0,37597.0
2020-05-26,220306.0,54756.0,48285.0,42281.0,189768.0,469976.0,351061.0,40010.0
2020-05-27,229181.0,57783.0,52645.0,46135.0,217977.0,421645.0,392657.0,41596.0
2020-05-28,233559.0,60567.0,56029.0,50143.0,249799.0,375986.0,436320.0,43663.0
2020-05-29,234984.0,62513.0,58543.0,53761.0,283067.0,332694.0,480414.0,44094.0
2020-05-30,233199.0,63470.0,60977.0,56636.0,319122.0,293469.0,524674.0,44260.0
2020-05-31,227610.0,62929.0,62008.0,58660.0,356622.0,257815.0,568062.0,43388.0
2020-06-01,219728.0,61839.0,61726.0,60722.0,395292.0,226176.0,610098.0,42036.0
2020-06-02,208955.0,59877.0,61500.0,60972.0,434424.0,198809.0,650686.0,40588.0
2020-06-03,196401.0,58070.0,60121.0,60585.0,474157.0,175754.0,689081.0,38395.0
2020-06-04,183740.0,55248.0,58157.0,59917.0,514738.0,155074.0,724940.0,35859.0
2020-06-05,169029.0,52065.0,55810.0,58398.0,553373.0,138128.0,758762.0,33822.0
2020-06-06,154815.0,48148.0,53046.0,56604.0,591679.0,123303.0,789520.0,30758.0
2020-06-07,140465.0,44564.0,49903.0,53334.0,627184.0,111357.0,817856.0,28336.0
2020-06-08,126963.0,40757.0,45810.0,50811.0,662511.0,100943.0,843282.0,25426.0
2020-06-09,114353.0,36823.0,42251.0,47432.0,693792.0,92399.0,866235.0,22953.0
2020-06-10,102551.0,33582.0,38904.0,43738.0,723923.0,85265.0,887075.0,20840.0
2020-06-11,91903.0,30243.0,35196.0,40373.0,751233.0,79122.0,905364.0,18289.0
2020-06-12,81898.0,26982.0,31681.0,37205.0,776765.0,73702.0,921805.0,16441.0
2020-06-13,72594.0,23973.0,28795.0,33705.0,800325.0,68963.0,936537.0,14732.0
2020-06-14,64362.0,21237.0,25939.0,30634.0,820556.0,65827.0,949456.0,12919.0
2020-06-15,56896.0,18935.0,22865.0,27439.0,839922.0,62931.0,961090.0,11634.0
2020-06-16,50196.0,16740.0,20485.0,24780.0,856833.0,60238.0,971288.0,10198.0
2020-06-17,43913.0,14833.0,18182.0,22072.0,872255.0,58000.0,980306.0,9018.0
2020-06-18,38646.0,12995.0,16058.0,19466.0,885238.0,55989.0,988217.0,7911.0
2020-06-19,34136.0,11362.0,14164.0,17275.0,896018.0,54631.0,995122.0,6905.0
2020-06-20,29948.0,10285.0,12579.0,15378.0,906348.0,53263.0,1001339.0,6217.0
2020-06-21,26297.0,9106.0,11191.0,13390.0,916210.0,51862.0,1006735.0,5396.0
2020-06-22,23156.0,7911.0,9938.0,11995.0,923260.0,50619.0,1011438.0,4703.0
2020-06-23,20307.0,6871.0,8657.0,10714.0,930864.0,49613.0,1015516.0,4078.0
2020-06-24,17671.0,6122.0,7671.0,9457.0,937872.0,48953.0,1019207.0,3691.0
2020-06-25,15408.0,5419.0,6676.0,8198.0,942908.0,48344.0,1022386.0,3179.0
2020-06-26,13402.0,4680.0,5858.0,7227.0,948931.0,47946.0,1025074.0,2688.0
2020-06-27,11780.0,4089.0,5190.0,6307.0,953596.0,47346.0,1027482.0,2408.0
2020-06-28,10269.0,3510.0,4471.0,5607.0,957340.0,46634.0,1029603.0,2121.0
2020-06-29,8997.0,3093.0,3844.0,4852.0,959929.0,46435.0,1031419.0,1816.0
2020-06-30,7799.0,2654.0,3343.0,4160.0,963864.0,46128.0,1033036.0,1617.0
2020-07-01,6888.0,2331.0,2992.0,3583.0,965910.0,46287.0,1034404.0,1368.0
2020-07-02,5972.0,2036.0,2607.0,3224.0,969854.0,46121.0,1035579.0,1175.0
2020-07-03,5296.0,1841.0,2304.0,2749.0,971619.0,45773.0,1036624.0,1045.0
2020-07-04,4577.0,1616.0,2006.0,2464.0,974091.0,45559.0,1037598.0,974.0
2020-07-05,3942.0,1425.0,1721.0,2252.0,974136.0,45492.0,1038436.0,838.0
2020-07-06,3469.0,1200.0,1562.0,1946.0,974780.0,45236.0,1039130.0,694.0
