time,E,I1,I2,I3,R,S,cumI,diffI
2020-03-06,0.0,1.0,2.0,0.0,0.0,970221.0,0.0,0.0
2020-03-07,0.0,0.0,1.0,1.0,0.0,972315.0,0.0,0.0
2020-03-08,2.0,0.0,1.0,0.0,0.0,979622.0,0.0,0.0
2020-03-09,3.0,0.0,1.0,0.0,0.0,987552.0,0.0,0.0
2020-03-10,3.0,0.0,0.0,1.0,0.0,993937.0,0.0,0.0
2020-03-11,1.0,0.0,0.0,0.0,0.0,997123.0,0.0,0.0
2020-03-12,0.0,1.0,0.0,0.0,0.0,1000483.0,1.0,1.0
2020-03-13,2.0,0.0,0.0,0.0,0.0,1004063.0,1.0,0.0
2020-03-14,1.0,0.0,0.0,0.0,0.0,1005244.0,1.0,0.0
2020-03-15,2.0,0.0,0.0,0.0,0.0,1007458.0,1.0,0.0
2020-03-16,1.0,0.0,0.0,0.0,0.0,1009068.0,1.0,0.0
2020-03-17,1.0,0.0,0.0,0.0,0.0,1011200.0,1.0,0.0
2020-03-18,1.0,0.0,0.0,0.0,0.0,1010680.0,1.0,0.0
2020-03-19,1.0,0.0,0.0,0.0,0.0,1011416.0,1.0,0.0
2020-03-20,3.0,0.0,0.0,0.0,1.0,1011857.0,1.0,0.0
2020-03-21,3.0,1.0,0.0,0.0,0.0,1012572.0,1.0,0.0
2020-03-22,2.0,3.0,1.0,0.0,0.0,1012629.0,3.0,2.0
2020-03-23,6.0,3.0,2.0,1.0,1.0,1012779.0,5.0,2.0
2020-03-24,5.0,3.0,1.0,2.0,2.0,1013132.0,6.0,1.0
2020-03-25,9.0,2.0,1.0,2.0,4.0,1011949.0,6.0,0.0
2020-03-26,9.0,5.0,0.0,1.0,3.0,1012710.0,9.0,3.0
2020-03-27,10.0,2.0,3.0,1.0,4.0,1013908.0,9.0,0.0
2020-03-28,9.0,1.0,3.0,2.0,5.0,1014491.0,10.0,1.0
2020-03-29,14.0,2.0,1.0,2.0,5.0,1015084.0,11.0,1.0
2020-03-30,11.0,6.0,1.0,3.0,5.0,1015837.0,17.0,6.0
2020-03-31,15.0,8.0,1.0,4.0,6.0,1015518.0,21.0,4.0
2020-04-01,23.0,4.0,3.0,3.0,10.0,1014468.0,24.0,3.0
2020-04-02,29.0,8.0,8.0,5.0,11.0,1015788.0,29.0,5.0
2020-04-03,36.0,8.0,11.0,6.0,16.0,1015942.0,36.0,7.0
2020-04-04,48.0,5.0,3.0,6.0,14.0,1015722.0,39.0,3.0
2020-04-05,43.0,6.0,4.0,4.0,20.0,1017086.0,46.0,7.0
2020-04-06,35.0,14.0,10.0,8.0,24.0,1018557.0,59.0,13.0
2020-04-07,51.0,12.0,12.0,12.0,25.0,1018305.0,69.0,10.0
2020-04-08,78.0,10.0,9.0,9.0,29.0,1018091.0,76.0,7.0
2020-04-09,101.0,25.0,12.0,14.0,41.0,1017880.0,94.0,18.0
2020-04-10,132.0,22.0,14.0,14.0,49.0,1018029.0,109.0,15.0
2020-04-11,146.0,37.0,20.0,14.0,71.0,1018395.0,145.0,36.0
2020-04-12,164.0,44.0,30.0,18.0,88.0,1017732.0,180.0,35.0
2020-04-13,209.0,45.0,39.0,29.0,108.0,1017881.0,218.0,38.0
2020-04-14,266.0,66.0,38.0,44.0,122.0,1018533.0,270.0,52.0
2020-04-15,302.0,82.0,51.0,38.0,147.0,1019494.0,333.0,63.0
2020-04-16,368.0,87.0,73.0,56.0,165.0,1018201.0,398.0,65.0
2020-04-17,441.0,96.0,70.0,72.0,188.0,1017995.0,473.0,75.0
2020-04-18,545.0,129.0,67.0,67.0,228.0,1018608.0,567.0,94.0
2020-04-19,628.0,145.0,108.0,63.0,279.0,1018976.0,683.0,116.0
2020-04-20,815.0,182.0,126.0,93.0,315.0,1018067.0,812.0,129.0
2020-04-21,978.0,223.0,166.0,115.0,411.0,1018250.0,1001.0,189.0
2020-04-22,1214.0,259.0,201.0,147.0,494.0,1017840.0,1188.0,187.0
2020-04-23,1421.0,341.0,234.0,185.0,603.0,1017512.0,1467.0,279.0
2020-04-24,1623.0,385.0,288.0,223.0,724.0,1017355.0,1762.0,295.0
2020-04-25,2051.0,415.0,313.0,234.0,860.0,1016590.0,2059.0,297.0
2020-04-26,2384.0,517.0,384.0,272.0,1030.0,1016188.0,2492.0,433.0
2020-04-27,2821.0,612.0,443.0,340.0,1250.0,1015470.0,3010.0,518.0
2020-04-28,3487.0,661.0,552.0,452.0,1489.0,1014465.0,3535.0,525.0
2020-04-29,4192.0,848.0,674.0,512.0,1742.0,1013795.0,4244.0,709.0
2020-04-30,4980.0,1114.0,800.0,619.0,2149.0,1011432.0,5148.0,904.0
2020-05-01,5993.0,1302.0,989.0,741.0,2528.0,1009224.0,6151.0,1003.0
2020-05-02,7262.0,1468.0,1217.0,962.0,3062.0,1006061.0,7296.0,1145.0
2020-05-03,8625.0,1836.0,1367.0,1119.0,3688.0,1005136.0,8712.0,1416.0
2020-05-04,10425.0,2198.0,1706.0,1312.0,4449.0,1001758.0,10407.0,1695.0
2020-05-05,12414.0,2593.0,2075.0,1578.0,5398.0,997261.0,12494.0,2087.0
2020-05-06,14595.0,3147.0,2435.0,1901.0,6352.0,993220.0,15005.0,2511.0
2020-05-07,17594.0,3663.0,2854.0,2210.0,7663.0,987193.0,17820.0,2815.0
2020-05-08,20925.0,4496.0,3331.0,2678.0,9304.0,980117.0,21399.0,3579.0
2020-05-09,25056.0,5326.0,4068.0,3205.0,11156.0,973999.0,25507.0,4108.0
2020-05-10,29506.0,6438.0,5031.0,3854.0,13548.0,964225.0,30628.0,5121.0
2020-05-11,35524.0,7567.0,5911.0,4590.0,16272.0,952905.0,36456.0,5828.0
2020-05-12,42215.0,8969.0,6990.0,5465.0,19295.0,939259.0,43429.0,6973.0
2020-05-13,49604.0,10904.0,8375.0,6674.0,23191.0,924453.0,51942.0,8513.0
2020-05-14,59039.0,12791.0,10090.0,7991.0,27804.0,905520.0,61906.0,9964.0
2020-05-15,69568.0,15229.0,12000.0,9504.0,33364.0,884012.0,73759.0,11853.0
2020-05-16,81290.0,17788.0,14269.0,11185.0,39742.0,858936.0,87509.0,13750.0
2020-05-17,94411.0,20755.0,16478.0,13273.0,47723.0,831297.0,103526.0,16017.0
2020-05-18,108550.0,24294.0,19359.0,15533.0,56802.0,798480.0,122189.0,18663.0
2020-05-19,123499.0,27713.0,22401.0,18190.0,67425.0,763235.0,143328.0,21139.0
2020-05-20,139210.0,31750.0,26126.0,21051.0,80063.0,724428.0,167596.0,24268.0
2020-05-21,155676.0,35871.0,29637.0,24566.0,94986.0,682996.0,194753.0,27157.0
2020-05-22,172678.0,40183.0,33790.0,28085.0,111821.0,638122.0,225015.0,30262.0
2020-05-23,188041.0,44782.0,37952.0,31727.0,130990.0,590736.0,258516.0,33501.0
2020-05-24,202629.0,49078.0,42399.0,35597.0,152557.0,542889.0,294989.0,36473.0
2020-05-25,215061.0,52773.0,45993.0,39725.0,176606.0,495274.0,333486.0,38497.0
2020-05-26,224721.0,56560.0,50272.0,43930.0,203135.0,446645.0,374678.0,41192.0
2020-05-27,232064.0,59349.0,54006.0,47732.0,232533.0,400026.0,417421.0,42743.0
2020-05-28,234775.0,61528.0,56787.0,51493.0,264312.0,356257.0,460991.0,43570.0
2020-05-29,234228.0,62994.0,59409.0,54799.0,298390.0,315315.0,505356.0,44365.0
2020-05-30,230709.0,62934.0,61511.0,56986.0,334654.0,278469.0,548970.0,43614.0
2020-05-31,224317.0,62782.0,61956.0,59035.0,372320.0,245937.0,591949.0,42979.0
2020-06-01,214872.0,61088.0,61964.0,60351.0,411216.0,217224.0,633389.0,41440.0
2020-06-02,203728.0,59063.0,60705.0,60734.0,450869.0,191966.0,672956.0,39567.0
2020-06-03,191418.0,56563.0,58740.0,60104.0,489372.0,170407.0,710308.0,37352.0
2020-06-04,178527.0,53607.0,56912.0,58909.0,527971.0,151441.0,745304.0,34996.0
2020-06-05,164746.0,49990.0,54214.0,57190.0,565905.0,135700.0,777570.0,32266.0
2020-06-06,150498.0,46679.0,51507.0,55124.0,601912.0,122118.0,807799.0,30229.0
2020-06-07,137325.0,43050.0,48111.0,52264.0,635987.0,110064.0,835047.0,27248.0
2020-06-08,124178.0,39455.0,44599.0,49476.0,667256.0,100719.0,859824.0,24777.0
2020-06-09,111721.0,35892.0,41142.0,46322.0,698196.0,92357.0,882342.0,22518.0
2020-06-10,100226.0,32590.0,37663.0,42866.0,727331.0,85691.0,902917.0,20575.0
2020-06-11,89818.0,29868.0,34195.0,39258.0,753508.0,80101.0,921200.0,18283.0
2020-06-12,80172.0,26658.0,31312.0,36020.0,777324.0,75358.0,937295.0,16095.0
2020-06-13,71272.0,23611.0,28361.0,32967.0,799284.0,71238.0,951766.0,14471.0
2020-06-14,63582.0,21095.0,25297.0,29986.0,819095.0,67612.0,964553.0,12787.0
2020-06-15,56426.0,18669.0,22776.0,27038.0,837499.0,64207.0,975980.0,11427.0
2020-06-16,49878.0,16848.0,20388.0,24141.0,854505.0,61518.0,986299.0,10319.0
2020-06-17,43995.0,15188.0,17992.0,21987.0,868712.0,59699.0,995401.0,9102.0
2020-06-18,38967.0,13195.0,16119.0,19513.0,881827.0,57773.0,1003247.0,7846.0
2020-06-19,34364.0,11564.0,14343.0,17358.0,893203.0,55948.0,1010264.0,7017.0
2020-06-20,30378.0,10325.0,12707.0,15556.0,904080.0,54697.0,1016445.0,6181.0
2020-06-21,26897.0,9241.0,11304.0,13871.0,913813.0,53652.0,1022009.0,5564.0
2020-06-22,23743.0,7983.0,10071.0,12304.0,921135.0,52509.0,1026747.0,4738.0
2020-06-23,20800.0,7167.0,8740.0,11119.0,928200.0,51621.0,1031065.0,4318.0
2020-06-24,18360.0,6260.0,7747.0,9671.0,934950.0,50934.0,1034682.0,3617.0
2020-06-25,16005.0,5630.0,6836.0,8359.0,941349.0,50191.0,1038030.0,3348.0
2020-06-26,14004.0,4851.0,5988.0,7421.0,945823.0,49707.0,1040950.0,2920.0
2020-06-27,12317.0,4228.0,5325.0,6637.0,950384.0,49112.0,1043437.0,2487.0
2020-06-28,10912.0,3671.0,4707.0,5768.0,953521.0,48614.0,1045595.0,2158.0
2020-06-29,9591.0,3265.0,3985.0,5121.0,958341.0,48086.0,1047479.0,1884.0
2020-06-30,8278.0,2912.0,3541.0,4479.0,960368.0,47778.0,1049201.0,1722.0
2020-07-01,7259.0,2507.0,3023.0,4016.0,960598.0,47355.0,1050675.0,1474.0
2020-07-02,6227.0,2229.0,2774.0,3408.0,964501.0,47065.0,1051977.0,1302.0
2020-07-03,5533.0,1947.0,2485.0,3081.0,966486.0,46750.0,1053149.0,1172.0
2020-07-04,4771.0,1727.0,2173.0,2667.0,968778.0,46615.0,1054164.0,1015.0
2020-07-05,4148.0,1534.0,1863.0,2386.0,970864.0,46745.0,1055016.0,852.0
2020-07-06,3753.0,1312.0,1619.0,2074.0,972938.0,46579.0,1055783.0,767.0
