time,E,I1,I2,I3,R,S,cumI,diffI
2020-03-06,1.0,2.0,0.0,0.0,0.0,970179.0,0.0,0.0
2020-03-07,3.0,1.0,1.0,0.0,0.0,972083.0,0.0,0.0
2020-03-08,4.0,1.0,0.0,0.0,0.0,978146.0,0.0,0.0
2020-03-09,3.0,1.0,0.0,0.0,0.0,985956.0,0.0,0.0
2020-03-10,4.0,0.0,1.0,0.0,0.0,991545.0,0.0,0.0
2020-03-11,4.0,0.0,1.0,0.0,1.0,997031.0,0.0,0.0
2020-03-12,2.0,3.0,1.0,0.0,1.0,1000776.0,4.0,4.0
2020-03-13,1.0,1.0,0.0,2.0,0.0,1004075.0,4.0,0.0
2020-03-14,2.0,1.0,0.0,1.0,1.0,1004679.0,5.0,1.0
2020-03-15,2.0,0.0,0.0,0.0,3.0,1006872.0,5.0,0.0
2020-03-16,1.0,0.0,0.0,0.0,3.0,1008318.0,5.0,0.0
2020-03-17,2.0,0.0,0.0,0.0,3.0,1009327.0,5.0,0.0
2020-03-18,4.0,0.0,0.0,0.0,4.0,1009935.0,5.0,0.0
2020-03-19,2.0,1.0,0.0,0.0,4.0,1011521.0,6.0,1.0
2020-03-20,5.0,0.0,0.0,0.0,3.0,1012722.0,6.0,0.0
2020-03-21,1.0,2.0,0.0,1.0,6.0,1012174.0,8.0,2.0
2020-03-22,3.0,0.0,1.0,2.0,6.0,1012901.0,9.0,1.0
2020-03-23,8.0,0.0,0.0,2.0,8.0,1012058.0,10.0,1.0
2020-03-24,5.0,1.0,0.0,1.0,9.0,1012855.0,11.0,1.0
2020-03-25,8.0,1.0,1.0,0.0,10.0,1014226.0,12.0,1.0
2020-03-26,7.0,3.0,1.0,2.0,11.0,1013112.0,15.0,3.0
2020-03-27,6.0,7.0,0.0,4.0,6.0,1013517.0,19.0,4.0
2020-03-28,15.0,4.0,5.0,4.0,9.0,1013459.0,23.0,4.0
2020-03-29,21.0,5.0,4.0,3.0,11.0,1013738.0,25.0,2.0
2020-03-30,34.0,9.0,3.0,6.0,11.0,1013872.0,29.0,4.0
2020-03-31,36.0,11.0,7.0,6.0,12.0,1015979.0,36.0,7.0
2020-04-01,40.0,12.0,8.0,3.0,15.0,1016334.0,45.0,9.0
2020-04-02,43.0,9.0,11.0,10.0,17.0,1016398.0,57.0,12.0
2020-04-03,49.0,12.0,6.0,15.0,18.0,1016462.0,68.0,11.0
2020-04-04,64.0,11.0,12.0,16.0,26.0,1016809.0,73.0,5.0
2020-04-05,70.0,14.0,15.0,12.0,28.0,1015129.0,86.0,13.0
2020-04-06,92.0,13.0,16.0,19.0,42.0,1015947.0,99.0,13.0
2020-04-07,115.0,19.0,19.0,12.0,52.0,1016301.0,115.0,16.0
2020-04-08,124.0,33.0,23.0,10.0,55.0,1017326.0,141.0,26.0
2020-04-09,157.0,47.0,24.0,24.0,56.0,1018554.0,172.0,31.0
2020-04-10,187.0,44.0,29.0,28.0,73.0,1019329.0,201.0,29.0
2020-04-11,191.0,48.0,42.0,34.0,87.0,1018878.0,241.0,40.0
2020-04-12,273.0,63.0,49.0,53.0,104.0,1018754.0,286.0,45.0
2020-04-13,357.0,63.0,52.0,50.0,151.0,1018894.0,326.0,40.0
2020-04-14,407.0,83.0,69.0,52.0,193.0,1017695.0,397.0,71.0
2020-04-15,519.0,91.0,89.0,69.0,229.0,1018047.0,473.0,76.0
2020-04-16,640.0,111.0,103.0,78.0,292.0,1017022.0,561.0,88.0
2020-04-17,779.0,151.0,116.0,94.0,339.0,1017102.0,688.0,127.0
2020-04-18,913.0,202.0,146.0,97.0,408.0,1017698.0,837.0,149.0
2020-04-19,1047.0,221.0,183.0,119.0,491.0,1018524.0,1003.0,166.0
2020-04-20,1271.0,282.0,213.0,152.0,596.0,1017365.0,1217.0,214.0
2020-04-21,1522.0,314.0,276.0,208.0,695.0,1017146.0,1469.0,252.0
2020-04-22,1949.0,384.0,297.0,232.0,836.0,1016815.0,1760.0,291.0
2020-04-23,2292.0,520.0,386.0,312.0,1042.0,1015848.0,2162.0,402.0
2020-04-24,2800.0,602.0,446.0,330.0,1227.0,1015339.0,2611.0,449.0
2020-04-25,3390.0,664.0,525.0,428.0,1433.0,1014204.0,3146.0,535.0
2020-04-26,3972.0,811.0,678.0,511.0,1747.0,1013424.0,3817.0,671.0
2020-04-27,4771.0,958.0,779.0,610.0,2102.0,1012270.0,4566.0,749.0
2020-04-28,5704.0,1160.0,949.0,737.0,2511.0,1010725.0,5496.0,930.0
2020-04-29,6935.0,1406.0,1115.0,888.0,3018.0,1008188.0,6619.0,1123.0
2020-04-30,8310.0,1758.0,1333.0,1046.0,3643.0,1005086.0,8091.0,1472.0
2020-05-01,10122.0,2066.0,1651.0,1278.0,4346.0,1002273.0,9800.0,1709.0
2020-05-02,12246.0,2526.0,2017.0,1552.0,5221.0,999466.0,11801.0,2001.0
2020-05-03,14879.0,3100.0,2466.0,1918.0,6331.0,993941.0,14299.0,2498.0
2020-05-04,17881.0,3833.0,2930.0,2307.0,7784.0,988488.0,17345.0,3046.0
2020-05-05,21422.0,4562.0,3570.0,2801.0,9558.0,981863.0,20993.0,3648.0
2020-05-06,25676.0,5475.0,4203.0,3393.0,11516.0,972870.0,25198.0,4205.0
2020-05-07,30769.0,6495.0,5001.0,4021.0,13787.0,962450.0,30370.0,5172.0
2020-05-08,36673.0,7938.0,6028.0,4759.0,16426.0,950844.0,36561.0,6191.0
2020-05-09,43168.0,9389.0,7353.0,5642.0,19924.0,937096.0,43830.0,7269.0
2020-05-10,50911.0,11080.0,8620.0,6812.0,23782.0,921642.0,52487.0,8657.0
2020-05-11,60416.0,13019.0,10323.0,8241.0,28550.0,902288.0,62581.0,10094.0
2020-05-12,70961.0,15510.0,12229.0,9673.0,34046.0,881227.0,74599.0,12018.0
2020-05-13,83028.0,18147.0,14343.0,11302.0,40945.0,857056.0,88700.0,14101.0
2020-05-14,96808.0,21354.0,16903.0,13496.0,48581.0,827671.0,105153.0,16453.0
2020-05-15,110474.0,24654.0,19674.0,15743.0,58078.0,796500.0,124082.0,18929.0
2020-05-16,126098.0,28655.0,23154.0,18360.0,69478.0,759779.0,145972.0,21890.0
2020-05-17,142118.0,32544.0,26613.0,21533.0,82251.0,718571.0,170881.0,24909.0
2020-05-18,158805.0,36788.0,30553.0,24967.0,97188.0,675114.0,198640.0,27759.0
2020-05-19,175193.0,41559.0,34697.0,28312.0,114448.0,629038.0,229942.0,31302.0
2020-05-20,191051.0,45662.0,39002.0,32747.0,134399.0,581255.0,264047.0,34105.0
2020-05-21,205596.0,49621.0,43106.0,36609.0,157126.0,533976.0,300904.0,36857.0
2020-05-22,217648.0,53764.0,47079.0,40936.0,181836.0,484928.0,340461.0,39557.0
2020-05-23,227157.0,57602.0,51143.0,44799.0,209869.0,436569.0,381941.0,41480.0
2020-05-24,233637.0,60229.0,54492.0,49237.0,240077.0,389519.0,424914.0,42973.0
2020-05-25,235366.0,61987.0,57474.0,52775.0,273129.0,346164.0,468747.0,43833.0
2020-05-26,234326.0,63020.0,59806.0,55600.0,308763.0,305862.0,513000.0,44253.0
2020-05-27,229420.0,63351.0,61594.0,58402.0,345984.0,269564.0,556803.0,43803.0
2020-05-28,221477.0,62778.0,62094.0,60344.0,383218.0,236969.0,599703.0,42900.0
2020-05-29,212147.0,61175.0,61433.0,61144.0,422555.0,208567.0,640663.0,40960.0
2020-05-30,200690.0,58983.0,60572.0,61103.0,462129.0,183678.0,679853.0,39190.0
2020-05-31,188188.0,55896.0,59032.0,59822.0,502204.0,162671.0,716580.0,36727.0
2020-06-01,174014.0,52959.0,56393.0,58871.0,540207.0,144493.0,751058.0,34478.0
2020-06-02,159982.0,49449.0,53582.0,56956.0,577800.0,128986.0,782811.0,31753.0
2020-06-03,145910.0,45957.0,50588.0,54571.0,613457.0,115959.0,812088.0,29277.0
2020-06-04,132932.0,42216.0,47079.0,51770.0,647967.0,105137.0,838396.0,26308.0
2020-06-05,120107.0,38079.0,43666.0,48383.0,680131.0,95920.0,862220.0,23824.0
2020-06-06,107594.0,35039.0,39669.0,45324.0,711513.0,88216.0,884121.0,21901.0
2020-06-07,96108.0,31495.0,36367.0,41794.0,740042.0,81691.0,903555.0,19434.0
2020-06-08,85537.0,28079.0,33148.0,38047.0,764975.0,76570.0,920894.0,17339.0
2020-06-09,76509.0,24850.0,29664.0,34636.0,789001.0,71605.0,936116.0,15222.0
2020-06-10,67964.0,22442.0,26474.0,31444.0,810807.0,67858.0,950028.0,13912.0
2020-06-11,60093.0,20046.0,24014.0,28196.0,830151.0,64607.0,962283.0,12255.0
2020-06-12,52995.0,17770.0,21486.0,25850.0,846905.0,62090.0,972939.0,10656.0
2020-06-13,47182.0,15761.0,19033.0,23026.0,862411.0,59483.0,982443.0,9504.0
2020-06-14,41308.0,14217.0,16764.0,20359.0,877365.0,57837.0,991035.0,8592.0
2020-06-15,36401.0,12519.0,15207.0,18216.0,889976.0,56019.0,998481.0,7446.0
2020-06-16,32118.0,10975.0,13306.0,16465.0,900297.0,54398.0,1005027.0,6546.0
2020-06-17,28130.0,9766.0,11827.0,14643.0,910779.0,52903.0,1010848.0,5821.0
2020-06-18,24884.0,8514.0,10482.0,12862.0,920519.0,51917.0,1015937.0,5089.0
2020-06-19,21847.0,7517.0,9178.0,11465.0,928799.0,51271.0,1020402.0,4465.0
2020-06-20,19202.0,6537.0,8163.0,9983.0,934810.0,50337.0,1024352.0,3950.0
2020-06-21,16839.0,5917.0,7092.0,8962.0,940101.0,49338.0,1027905.0,3553.0
2020-06-22,14821.0,5050.0,6342.0,7687.0,945020.0,48706.0,1030837.0,2932.0
2020-06-23,13050.0,4378.0,5531.0,6895.0,949783.0,48236.0,1033440.0,2603.0
2020-06-24,11286.0,3977.0,4788.0,5995.0,954936.0,47974.0,1035816.0,2376.0
2020-06-25,9786.0,3482.0,4310.0,5235.0,958697.0,47666.0,1037864.0,2048.0
2020-06-26,8660.0,2998.0,3727.0,4508.0,961183.0,47092.0,1039571.0,1707.0
2020-06-27,7637.0,2609.0,3302.0,4066.0,962785.0,46847.0,1041100.0,1529.0
2020-06-28,6715.0,2286.0,2848.0,3585.0,965670.0,46768.0,1042417.0,1317.0
2020-06-29,5806.0,1918.0,2498.0,3216.0,966651.0,46589.0,1043572.0,1155.0
2020-06-30,4989.0,1806.0,2214.0,2835.0,968103.0,46470.0,1044639.0,1067.0
2020-07-01,4510.0,1488.0,1878.0,2557.0,971311.0,46104.0,1045490.0,851.0
2020-07-02,3892.0,1306.0,1704.0,2119.0,973096.0,46114.0,1046276.0,786.0
2020-07-03,3385.0,1199.0,1457.0,1834.0,974010.0,46201.0,1046989.0,713.0
2020-07-04,2929.0,1007.0,1230.0,1629.0,975756.0,46178.0,1047566.0,577.0
2020-07-05,2544.0,875.0,1122.0,1362.0,976820.0,46166.0,1048094.0,528.0
2020-07-06,2231.0,752.0,988.0,1227.0,976883.0,45926.0,1048592.0,498.0
