time,E,I1,I2,I3,R,S,cumI,diffI
2020-03-06,0.0,3.0,0.0,0.0,0.0,970079.0,0.0,0.0
2020-03-07,0.0,0.0,0.0,1.0,0.0,973055.0,0.0,0.0
2020-03-08,0.0,0.0,0.0,0.0,1.0,980250.0,0.0,0.0
2020-03-09,1.0,0.0,0.0,0.0,0.0,987175.0,0.0,0.0
2020-03-10,0.0,0.0,1.0,0.0,0.0,992734.0,1.0,1.0
2020-03-11,2.0,0.0,0.0,0.0,1.0,997118.0,1.0,0.0
2020-03-12,2.0,0.0,0.0,0.0,1.0,1000100.0,1.0,0.0
2020-03-13,2.0,0.0,0.0,0.0,1.0,1002299.0,1.0,0.0
2020-03-14,3.0,0.0,0.0,0.0,2.0,1005159.0,1.0,0.0
2020-03-15,5.0,0.0,1.0,0.0,1.0,1006498.0,1.0,0.0
2020-03-16,3.0,2.0,1.0,1.0,1.0,1007208.0,4.0,3.0
2020-03-17,5.0,1.0,0.0,2.0,2.0,1008692.0,5.0,1.0
2020-03-18,5.0,2.0,0.0,2.0,1.0,1010310.0,8.0,3.0
2020-03-19,10.0,2.0,3.0,0.0,3.0,1011465.0,12.0,4.0
2020-03-20,16.0,2.0,1.0,1.0,2.0,1013078.0,13.0,1.0
2020-03-21,15.0,3.0,1.0,1.0,3.0,1012602.0,15.0,2.0
2020-03-22,13.0,4.0,2.0,0.0,5.0,1012244.0,17.0,2.0
2020-03-23,13.0,2.0,2.0,1.0,4.0,1011921.0,18.0,1.0
2020-03-24,14.0,4.0,0.0,2.0,4.0,1012962.0,20.0,2.0
2020-03-25,21.0,0.0,1.0,3.0,2.0,1012487.0,20.0,0.0
2020-03-26,22.0,2.0,0.0,3.0,7.0,1013328.0,22.0,2.0
2020-03-27,29.0,7.0,4.0,2.0,9.0,1014420.0,27.0,5.0
2020-03-28,37.0,5.0,4.0,6.0,11.0,1015587.0,30.0,3.0
2020-03-29,44.0,9.0,8.0,5.0,16.0,1016752.0,37.0,7.0
2020-03-30,53.0,11.0,7.0,7.0,18.0,1015953.0,42.0,5.0
2020-03-31,61.0,11.0,8.0,11.0,22.0,1015836.0,52.0,10.0
2020-04-01,52.0,11.0,14.0,3.0,29.0,1015493.0,64.0,12.0
2020-04-02,70.0,19.0,6.0,14.0,40.0,1014891.0,78.0,14.0
2020-04-03,103.0,15.0,20.0,15.0,40.0,1015243.0,90.0,12.0
2020-04-04,111.0,21.0,18.0,13.0,42.0,1016016.0,108.0,18.0
2020-04-05,127.0,33.0,20.0,12.0,45.0,1016048.0,134.0,26.0
2020-04-06,183.0,39.0,33.0,23.0,57.0,1016111.0,164.0,30.0
2020-04-07,202.0,44.0,27.0,24.0,81.0,1016166.0,197.0,33.0
2020-04-08,227.0,48.0,43.0,30.0,99.0,1016970.0,235.0,38.0
2020-04-09,272.0,63.0,47.0,44.0,130.0,1018062.0,281.0,46.0
2020-04-10,341.0,73.0,54.0,56.0,157.0,1018147.0,332.0,51.0
2020-04-11,430.0,95.0,66.0,63.0,172.0,1017465.0,413.0,81.0
2020-04-12,494.0,116.0,93.0,52.0,200.0,1017775.0,513.0,100.0
2020-04-13,588.0,120.0,90.0,87.0,235.0,1018895.0,602.0,89.0
2020-04-14,759.0,134.0,107.0,82.0,317.0,1018221.0,705.0,103.0
2020-04-15,888.0,216.0,139.0,84.0,367.0,1016703.0,866.0,161.0
2020-04-16,1071.0,226.0,166.0,124.0,438.0,1015787.0,1025.0,159.0
2020-04-17,1268.0,292.0,189.0,134.0,504.0,1015650.0,1248.0,223.0
2020-04-18,1597.0,310.0,243.0,180.0,624.0,1017060.0,1487.0,239.0
2020-04-19,1907.0,398.0,274.0,219.0,777.0,1015938.0,1809.0,322.0
2020-04-20,2264.0,461.0,357.0,287.0,949.0,1015759.0,2192.0,383.0
2020-04-21,2636.0,579.0,410.0,328.0,1214.0,1014323.0,2638.0,446.0
2020-04-22,3272.0,714.0,527.0,398.0,1406.0,1013434.0,3221.0,583.0
2020-04-23,3924.0,843.0,660.0,481.0,1734.0,1012103.0,3893.0,672.0
2020-04-24,4796.0,951.0,779.0,567.0,2088.0,1009861.0,4654.0,761.0
2020-04-25,5625.0,1150.0,956.0,695.0,2498.0,1009163.0,5602.0,948.0
2020-04-26,6656.0,1402.0,1065.0,835.0,2987.0,1007190.0,6697.0,1095.0
2020-04-27,8155.0,1735.0,1292.0,1044.0,3610.0,1005618.0,8074.0,1377.0
2020-04-28,9904.0,2087.0,1661.0,1236.0,4423.0,1003161.0,9753.0,1679.0
2020-04-29,11931.0,2514.0,1968.0,1440.0,5278.0,998543.0,11773.0,2020.0
2020-04-30,14328.0,2991.0,2389.0,1767.0,6256.0,994973.0,14167.0,2394.0
2020-05-01,17132.0,3607.0,2773.0,2145.0,7459.0,988525.0,16999.0,2832.0
2020-05-02,20390.0,4341.0,3430.0,2554.0,8909.0,982554.0,20418.0,3419.0
2020-05-03,24452.0,5177.0,4117.0,3121.0,10819.0,974810.0,24507.0,4089.0
2020-05-04,29460.0,6161.0,4720.0,3758.0,13082.0,965723.0,29273.0,4766.0
2020-05-05,34766.0,7566.0,5697.0,4523.0,15678.0,954915.0,35243.0,5970.0
2020-05-06,41070.0,8919.0,6970.0,5391.0,18741.0,941862.0,42243.0,7000.0
2020-05-07,48939.0,10455.0,8409.0,6524.0,22359.0,927052.0,50442.0,8199.0
2020-05-08,57553.0,12591.0,9941.0,7755.0,26941.0,908193.0,60324.0,9882.0
2020-05-09,68032.0,14664.0,11647.0,9216.0,32461.0,886477.0,71697.0,11373.0
2020-05-10,79486.0,17297.0,13827.0,10962.0,38937.0,863944.0,85180.0,13483.0
2020-05-11,92231.0,20359.0,16455.0,12917.0,46286.0,836221.0,101264.0,16084.0
2020-05-12,106585.0,23345.0,18884.0,15374.0,54916.0,805014.0,119203.0,17939.0
2020-05-13,122142.0,27399.0,21829.0,17801.0,65641.0,770947.0,140204.0,21001.0
2020-05-14,137613.0,31414.0,25365.0,20591.0,77575.0,731881.0,164228.0,24024.0
2020-05-15,153500.0,35380.0,29209.0,23970.0,91489.0,689774.0,191015.0,26787.0
2020-05-16,169964.0,39880.0,32985.0,27285.0,108197.0,645169.0,221025.0,30010.0
2020-05-17,185597.0,44341.0,37345.0,30719.0,126919.0,599527.0,253980.0,32955.0
2020-05-18,199777.0,48168.0,41489.0,34912.0,148187.0,551955.0,289751.0,35771.0
2020-05-19,212146.0,52520.0,45561.0,38920.0,171840.0,503578.0,328319.0,38568.0
2020-05-20,223456.0,56406.0,49403.0,43074.0,197672.0,455460.0,369136.0,40817.0
2020-05-21,230617.0,59333.0,53284.0,47227.0,226712.0,407820.0,411626.0,42490.0
2020-05-22,233795.0,60839.0,56753.0,50776.0,258748.0,364312.0,455166.0,43540.0
2020-05-23,233833.0,62379.0,58803.0,54123.0,291564.0,323052.0,499221.0,44055.0
2020-05-24,231300.0,62982.0,60522.0,56489.0,327697.0,284696.0,542699.0,43478.0
2020-05-25,224491.0,62820.0,61498.0,58619.0,365712.0,250737.0,585933.0,43234.0
2020-05-26,216260.0,60982.0,61769.0,59937.0,403320.0,221184.0,627250.0,41317.0
2020-05-27,205441.0,59253.0,60972.0,60550.0,441924.0,195587.0,666968.0,39718.0
2020-05-28,193836.0,56416.0,59491.0,60496.0,480374.0,173413.0,704369.0,37401.0
2020-05-29,180694.0,53655.0,57435.0,59058.0,519116.0,154211.0,739636.0,35267.0
2020-05-30,166523.0,50688.0,54935.0,57708.0,556608.0,137938.0,772686.0,33050.0
2020-05-31,153265.0,47310.0,51947.0,55308.0,592705.0,124078.0,802939.0,30253.0
2020-06-01,139995.0,43805.0,48711.0,52550.0,628103.0,112202.0,830951.0,28012.0
2020-06-02,126495.0,40092.0,45271.0,49724.0,660707.0,102548.0,856393.0,25442.0
2020-06-03,113662.0,36814.0,41922.0,46550.0,691102.0,94362.0,879561.0,23168.0
2020-06-04,102239.0,33274.0,38116.0,43412.0,720145.0,87521.0,899823.0,20262.0
2020-06-05,91476.0,30105.0,34766.0,40021.0,747004.0,81548.0,918346.0,18523.0
2020-06-06,82275.0,27004.0,31512.0,36821.0,771893.0,76584.0,934909.0,16563.0
2020-06-07,73588.0,24234.0,28717.0,33579.0,794873.0,72130.0,949725.0,14816.0
2020-06-08,65193.0,21620.0,25829.0,30324.0,816026.0,68640.0,962941.0,13216.0
2020-06-09,57747.0,19415.0,23210.0,27346.0,834578.0,65240.0,974792.0,11851.0
2020-06-10,51056.0,17245.0,20681.0,24686.0,851340.0,62659.0,985233.0,10441.0
2020-06-11,45149.0,15296.0,18639.0,22208.0,865217.0,60208.0,994361.0,9128.0
2020-06-12,39766.0,13681.0,16453.0,20095.0,877906.0,58132.0,1002608.0,8247.0
2020-06-13,35268.0,11862.0,14807.0,17838.0,891674.0,56646.0,1009758.0,7150.0
2020-06-14,31165.0,10630.0,13053.0,15809.0,902762.0,55288.0,1016127.0,6369.0
2020-06-15,27200.0,9464.0,11492.0,14171.0,912863.0,53684.0,1021821.0,5694.0
2020-06-16,24074.0,8293.0,10113.0,12713.0,919676.0,52574.0,1026696.0,4875.0
2020-06-17,21128.0,7293.0,8927.0,11212.0,927270.0,51796.0,1031064.0,4368.0
2020-06-18,18647.0,6439.0,7945.0,9831.0,932694.0,51029.0,1034895.0,3831.0
2020-06-19,16321.0,5638.0,7058.0,8765.0,940121.0,50319.0,1038222.0,3327.0
2020-06-20,14457.0,4829.0,6205.0,7744.0,944548.0,49911.0,1041064.0,2842.0
2020-06-21,12675.0,4422.0,5502.0,6693.0,950053.0,49368.0,1043711.0,2647.0
2020-06-22,11071.0,3842.0,4870.0,5939.0,953053.0,48815.0,1045999.0,2288.0
2020-06-23,9741.0,3251.0,4315.0,5204.0,957036.0,48405.0,1047916.0,1917.0
2020-06-24,8456.0,2960.0,3728.0,4644.0,960166.0,47894.0,1049731.0,1815.0
2020-06-25,7390.0,2546.0,3183.0,4050.0,963441.0,47504.0,1051236.0,1505.0
2020-06-26,6421.0,2234.0,2865.0,3547.0,965675.0,47402.0,1052537.0,1301.0
2020-06-27,5669.0,2034.0,2511.0,3060.0,968429.0,47246.0,1053713.0,1176.0
2020-06-28,4923.0,1750.0,2253.0,2673.0,970055.0,47058.0,1054731.0,1018.0
2020-06-29,4349.0,1507.0,1994.0,2478.0,970688.0,46721.0,1055611.0,880.0
2020-06-30,3731.0,1302.0,1696.0,2179.0,972387.0,46134.0,1056423.0,812.0
2020-07-01,3295.0,1140.0,1487.0,1779.0,974556.0,46068.0,1057113.0,690.0
2020-07-02,2913.0,984.0,1322.0,1574.0,975851.0,46015.0,1057689.0,576.0
2020-07-03,2630.0,855.0,1141.0,1379.0,977042.0,46274.0,1058185.0,496.0
2020-07-04,2316.0,765.0,1004.0,1204.0,977102.0,46454.0,1058655.0,470.0
2020-07-05,2020.0,673.0,849.0,1130.0,979347.0,46303.0,1059056.0,401.0
2020-07-06,1732.0,597.0,780.0,884.0,979131.0,45911.0,1059428.0,372.0
