time,E,I1,I2,I3,R,S,cumI,diffI
2020-03-06,0.0,2.0,1.0,0.0,0.0,970256.0,0.0,0.0
2020-03-07,3.0,0.0,1.0,0.0,0.0,972785.0,0.0,0.0
2020-03-08,0.0,0.0,0.0,0.0,0.0,979210.0,0.0,0.0
2020-03-09,1.0,0.0,0.0,0.0,0.0,986743.0,0.0,0.0
2020-03-10,1.0,0.0,0.0,0.0,0.0,992044.0,0.0,0.0
2020-03-11,1.0,1.0,0.0,0.0,0.0,996941.0,0.0,0.0
2020-03-12,2.0,0.0,1.0,0.0,1.0,999855.0,0.0,0.0
2020-03-13,1.0,1.0,0.0,0.0,1.0,1003696.0,1.0,1.0
2020-03-14,3.0,0.0,0.0,0.0,1.0,1006277.0,1.0,0.0
2020-03-15,4.0,0.0,0.0,0.0,1.0,1008024.0,1.0,0.0
2020-03-16,5.0,1.0,1.0,0.0,1.0,1008465.0,1.0,0.0
2020-03-17,8.0,0.0,2.0,0.0,1.0,1009885.0,1.0,0.0
2020-03-18,7.0,1.0,1.0,1.0,3.0,1010344.0,3.0,2.0
2020-03-19,7.0,1.0,0.0,2.0,4.0,1010803.0,4.0,1.0
2020-03-20,6.0,2.0,2.0,2.0,3.0,1011863.0,5.0,1.0
2020-03-21,9.0,1.0,2.0,2.0,2.0,1012807.0,5.0,0.0
2020-03-22,10.0,1.0,3.0,2.0,3.0,1013832.0,6.0,1.0
2020-03-23,17.0,3.0,2.0,3.0,6.0,1014724.0,7.0,1.0
2020-03-24,15.0,8.0,3.0,2.0,2.0,1014215.0,13.0,6.0
2020-03-25,16.0,6.0,5.0,4.0,5.0,1013547.0,20.0,7.0
2020-03-26,28.0,6.0,8.0,4.0,13.0,1013897.0,25.0,5.0
2020-03-27,34.0,10.0,4.0,3.0,17.0,1015019.0,29.0,4.0
2020-03-28,50.0,7.0,9.0,5.0,19.0,1013711.0,34.0,5.0
2020-03-29,61.0,6.0,9.0,9.0,24.0,1013907.0,39.0,5.0
2020-03-30,63.0,15.0,4.0,8.0,28.0,1012912.0,51.0,12.0
2020-03-31,77.0,16.0,12.0,7.0,28.0,1014394.0,65.0,14.0
2020-04-01,86.0,16.0,8.0,14.0,36.0,1015045.0,80.0,15.0
2020-04-02,94.0,16.0,16.0,9.0,42.0,1015432.0,95.0,15.0
2020-04-03,105.0,19.0,15.0,10.0,46.0,1016325.0,119.0,24.0
2020-04-04,121.0,27.0,21.0,13.0,57.0,1015562.0,142.0,23.0
2020-04-05,140.0,34.0,21.0,19.0,76.0,1017053.0,169.0,27.0
2020-04-06,192.0,39.0,28.0,21.0,90.0,1016904.0,199.0,30.0
2020-04-07,203.0,48.0,35.0,29.0,105.0,1018137.0,234.0,35.0
2020-04-08,251.0,56.0,50.0,32.0,126.0,1016392.0,277.0,43.0
2020-04-09,312.0,77.0,59.0,50.0,150.0,1017445.0,344.0,67.0
2020-04-10,399.0,80.0,69.0,46.0,196.0,1015259.0,421.0,77.0
2020-04-11,497.0,89.0,89.0,62.0,215.0,1016198.0,506.0,85.0
2020-04-12,589.0,126.0,100.0,77.0,259.0,1017584.0,619.0,113.0
2020-04-13,691.0,157.0,122.0,85.0,298.0,1016908.0,748.0,129.0
2020-04-14,842.0,204.0,148.0,107.0,340.0,1017255.0,905.0,157.0
2020-04-15,1004.0,225.0,169.0,123.0,413.0,1018410.0,1087.0,182.0
2020-04-16,1229.0,235.0,219.0,160.0,521.0,1017920.0,1279.0,192.0
2020-04-17,1527.0,314.0,249.0,200.0,648.0,1016215.0,1525.0,246.0
2020-04-18,1798.0,395.0,279.0,232.0,786.0,1015882.0,1841.0,316.0
2020-04-19,2178.0,456.0,336.0,260.0,955.0,1017222.0,2173.0,332.0
2020-04-20,2675.0,549.0,405.0,334.0,1106.0,1016375.0,2579.0,406.0
2020-04-21,3272.0,668.0,531.0,368.0,1339.0,1015144.0,3091.0,512.0
2020-04-22,3969.0,823.0,623.0,490.0,1676.0,1013593.0,3738.0,647.0
2020-04-23,4768.0,992.0,774.0,554.0,2024.0,1011504.0,4514.0,776.0
2020-04-24,5661.0,1187.0,911.0,693.0,2455.0,1009298.0,5474.0,960.0
2020-04-25,6849.0,1404.0,1136.0,847.0,2877.0,1008300.0,6588.0,1114.0
2020-04-26,8328.0,1751.0,1299.0,1069.0,3500.0,1004850.0,7928.0,1340.0
2020-04-27,9929.0,2154.0,1601.0,1240.0,4290.0,1002409.0,9610.0,1682.0
2020-04-28,11880.0,2464.0,2006.0,1537.0,5158.0,998806.0,11578.0,1968.0
2020-04-29,14325.0,3081.0,2332.0,1827.0,6211.0,994296.0,14029.0,2451.0
2020-04-30,17035.0,3595.0,2762.0,2153.0,7457.0,989356.0,16836.0,2807.0
2020-05-01,20415.0,4345.0,3289.0,2620.0,8897.0,982269.0,20233.0,3397.0
2020-05-02,24521.0,5079.0,4099.0,3115.0,10790.0,973388.0,24205.0,3972.0
2020-05-03,29409.0,6197.0,4952.0,3646.0,13022.0,963808.0,29096.0,4891.0
2020-05-04,35285.0,7453.0,5953.0,4636.0,15567.0,953290.0,35097.0,6001.0
2020-05-05,41759.0,9066.0,6940.0,5535.0,18701.0,940398.0,42231.0,7134.0
2020-05-06,49463.0,10759.0,8331.0,6525.0,22778.0,924588.0,50668.0,8437.0
2020-05-07,58222.0,12670.0,9884.0,7871.0,27309.0,906675.0,60465.0,9797.0
2020-05-08,68391.0,14804.0,11560.0,9273.0,32749.0,885132.0,72018.0,11553.0
2020-05-09,79850.0,17368.0,13778.0,10985.0,39014.0,861373.0,85552.0,13534.0
2020-05-10,92140.0,20565.0,16177.0,12876.0,46827.0,834180.0,101396.0,15844.0
2020-05-11,106193.0,23783.0,18825.0,15181.0,55814.0,804006.0,119601.0,18205.0
2020-05-12,121004.0,27232.0,22123.0,17700.0,66410.0,769244.0,140467.0,20866.0
2020-05-13,136756.0,31218.0,25634.0,20879.0,78829.0,731222.0,164333.0,23866.0
2020-05-14,153650.0,35518.0,29214.0,24054.0,93171.0,688978.0,191085.0,26752.0
2020-05-15,170089.0,40199.0,33208.0,27670.0,109722.0,643781.0,220930.0,29845.0
2020-05-16,186237.0,44455.0,37225.0,31463.0,128945.0,596557.0,253766.0,32836.0
2020-05-17,201131.0,48383.0,41889.0,35172.0,150210.0,548147.0,289456.0,35690.0
2020-05-18,213761.0,52374.0,45914.0,38992.0,174055.0,500135.0,327965.0,38509.0
2020-05-19,223402.0,56439.0,49526.0,43290.0,200482.0,452864.0,368543.0,40578.0
2020-05-20,230695.0,59000.0,53156.0,47505.0,229693.0,405602.0,410833.0,42290.0
2020-05-21,234175.0,61441.0,56483.0,51139.0,261799.0,360832.0,454368.0,43535.0
2020-05-22,234586.0,62379.0,59222.0,54497.0,296288.0,319143.0,498109.0,43741.0
2020-05-23,230731.0,63047.0,60742.0,57160.0,332672.0,281707.0,541916.0,43807.0
2020-05-24,224425.0,62560.0,61236.0,58840.0,369738.0,247863.0,584607.0,42691.0
2020-05-25,215209.0,61323.0,61420.0,60206.0,408469.0,218434.0,626021.0,41414.0
2020-05-26,204339.0,58930.0,60871.0,60537.0,446681.0,192361.0,665105.0,39084.0
2020-05-27,192251.0,56628.0,59253.0,60314.0,486540.0,170851.0,702536.0,37431.0
2020-05-28,178975.0,53968.0,57024.0,59128.0,525207.0,151484.0,737717.0,35181.0
2020-05-29,165362.0,50651.0,54784.0,57397.0,562460.0,135599.0,770166.0,32449.0
2020-05-30,151451.0,46760.0,51411.0,55037.0,599600.0,122070.0,800116.0,29950.0
2020-05-31,137551.0,43171.0,48074.0,52653.0,634330.0,110690.0,827608.0,27492.0
2020-06-01,124520.0,39773.0,44567.0,49596.0,667586.0,100851.0,852622.0,25014.0
2020-06-02,112117.0,36375.0,41144.0,46489.0,698026.0,92473.0,875151.0,22529.0
2020-06-03,100791.0,32991.0,37876.0,42817.0,728056.0,85426.0,895670.0,20519.0
2020-06-04,89923.0,29631.0,34561.0,39521.0,754574.0,79694.0,913986.0,18316.0
2020-06-05,79942.0,26767.0,31226.0,36227.0,779502.0,74774.0,930331.0,16345.0
2020-06-06,71440.0,23701.0,28152.0,32917.0,801098.0,70648.0,944686.0,14355.0
2020-06-07,63217.0,20850.0,25258.0,29907.0,820789.0,66974.0,957335.0,12649.0
2020-06-08,55890.0,18968.0,22411.0,26747.0,837968.0,63901.0,968895.0,11560.0
2020-06-09,49397.0,16915.0,20106.0,24308.0,855382.0,61332.0,978920.0,10025.0
2020-06-10,43893.0,14707.0,18088.0,21549.0,870308.0,58969.0,987965.0,9045.0
2020-06-11,38549.0,13178.0,16043.0,19308.0,883100.0,57026.0,995874.0,7909.0
2020-06-12,34022.0,11691.0,14112.0,17292.0,894448.0,55673.0,1002820.0,6946.0
2020-06-13,30161.0,10201.0,12710.0,15352.0,904805.0,54088.0,1008844.0,6024.0
2020-06-14,26555.0,8878.0,11326.0,13761.0,914596.0,52963.0,1014098.0,5254.0
2020-06-15,23296.0,7995.0,9940.0,12149.0,924040.0,52064.0,1018916.0,4818.0
2020-06-16,20632.0,6960.0,8695.0,10787.0,930513.0,51078.0,1023078.0,4162.0
2020-06-17,18270.0,6109.0,7683.0,9497.0,936997.0,50345.0,1026676.0,3598.0
2020-06-18,15822.0,5520.0,6702.0,8368.0,941997.0,49768.0,1030017.0,3341.0
2020-06-19,13733.0,4724.0,5905.0,7239.0,947028.0,49160.0,1032871.0,2854.0
2020-06-20,12065.0,4063.0,5218.0,6474.0,951705.0,48924.0,1035345.0,2474.0
2020-06-21,10562.0,3622.0,4512.0,5633.0,954879.0,48390.0,1037522.0,2177.0
2020-06-22,9330.0,3158.0,4008.0,5006.0,959098.0,48098.0,1039381.0,1859.0
2020-06-23,8216.0,2866.0,3446.0,4435.0,961691.0,47479.0,1041081.0,1700.0
2020-06-24,7186.0,2532.0,3076.0,3857.0,963409.0,47219.0,1042559.0,1478.0
2020-06-25,6284.0,2238.0,2699.0,3389.0,965705.0,46781.0,1043908.0,1349.0
2020-06-26,5463.0,1941.0,2321.0,2908.0,967972.0,46651.0,1045065.0,1157.0
2020-06-27,4835.0,1682.0,2041.0,2644.0,970317.0,46607.0,1046061.0,996.0
2020-06-28,4178.0,1496.0,1785.0,2212.0,972505.0,46465.0,1046922.0,861.0
2020-06-29,3619.0,1305.0,1559.0,1949.0,973217.0,46273.0,1047679.0,757.0
2020-06-30,3214.0,1069.0,1360.0,1771.0,973733.0,46014.0,1048328.0,649.0
2020-07-01,2833.0,962.0,1219.0,1498.0,974133.0,45887.0,1048903.0,575.0
2020-07-02,2396.0,852.0,1072.0,1300.0,975674.0,45853.0,1049415.0,512.0
2020-07-03,2131.0,714.0,955.0,1191.0,977301.0,46285.0,1049825.0,410.0
2020-07-04,1808.0,646.0,820.0,1048.0,978055.0,46204.0,1050231.0,406.0
2020-07-05,1600.0,558.0,679.0,911.0,978830.0,45891.0,1050566.0,335.0
2020-07-06,1419.0,454.0,633.0,816.0,978792.0,45834.0,1050854.0,288.0
