time,E,I1,I2,I3,R,S,cumI,diffI
2020-03-06,0.0,3.0,0.0,0.0,0.0,969950.0,0.0,0.0
2020-03-07,1.0,0.0,2.0,0.0,0.0,971822.0,0.0,0.0
2020-03-08,4.0,0.0,2.0,0.0,0.0,977917.0,0.0,0.0
2020-03-09,3.0,1.0,0.0,2.0,0.0,984859.0,1.0,1.0
2020-03-10,5.0,0.0,0.0,1.0,1.0,990427.0,1.0,0.0
2020-03-11,1.0,0.0,0.0,0.0,1.0,995750.0,2.0,1.0
2020-03-12,2.0,0.0,1.0,0.0,1.0,999684.0,3.0,1.0
2020-03-13,3.0,0.0,0.0,1.0,0.0,1002195.0,3.0,0.0
2020-03-14,2.0,0.0,0.0,1.0,1.0,1005068.0,3.0,0.0
2020-03-15,1.0,0.0,0.0,1.0,2.0,1005466.0,3.0,0.0
2020-03-16,1.0,0.0,0.0,0.0,1.0,1007839.0,3.0,0.0
2020-03-17,1.0,0.0,0.0,0.0,1.0,1008919.0,3.0,0.0
2020-03-18,1.0,0.0,0.0,0.0,3.0,1010614.0,3.0,0.0
2020-03-19,1.0,0.0,0.0,0.0,3.0,1009876.0,3.0,0.0
2020-03-20,0.0,1.0,0.0,1.0,3.0,1010706.0,4.0,1.0
2020-03-21,1.0,1.0,0.0,1.0,2.0,1010596.0,4.0,0.0
2020-03-22,3.0,1.0,0.0,1.0,2.0,1010854.0,4.0,0.0
2020-03-23,4.0,1.0,1.0,0.0,3.0,1010688.0,4.0,0.0
2020-03-24,2.0,1.0,0.0,1.0,4.0,1010725.0,4.0,0.0
2020-03-25,4.0,0.0,0.0,1.0,3.0,1012991.0,4.0,0.0
2020-03-26,3.0,0.0,0.0,0.0,4.0,1013340.0,4.0,0.0
2020-03-27,3.0,0.0,0.0,0.0,2.0,1012760.0,4.0,0.0
2020-03-28,4.0,0.0,0.0,0.0,2.0,1013588.0,4.0,0.0
2020-03-29,4.0,1.0,0.0,0.0,1.0,1013704.0,5.0,1.0
2020-03-30,5.0,0.0,0.0,0.0,5.0,1013697.0,5.0,0.0
2020-03-31,6.0,2.0,0.0,0.0,6.0,1013555.0,7.0,2.0
2020-04-01,7.0,2.0,1.0,0.0,5.0,1013355.0,8.0,1.0
2020-04-02,11.0,2.0,4.0,0.0,8.0,1013884.0,9.0,1.0
2020-04-03,18.0,2.0,6.0,3.0,7.0,1015339.0,11.0,2.0
2020-04-04,24.0,7.0,2.0,4.0,13.0,1015507.0,16.0,5.0
2020-04-05,31.0,8.0,2.0,5.0,12.0,1016532.0,22.0,6.0
2020-04-06,30.0,9.0,8.0,3.0,14.0,1017308.0,33.0,11.0
2020-04-07,45.0,9.0,10.0,4.0,15.0,1016877.0,38.0,5.0
2020-04-08,52.0,10.0,6.0,11.0,23.0,1017863.0,43.0,5.0
2020-04-09,72.0,15.0,7.0,10.0,29.0,1017804.0,54.0,11.0
2020-04-10,85.0,10.0,9.0,10.0,36.0,1017039.0,60.0,6.0
2020-04-11,92.0,17.0,9.0,8.0,45.0,1017905.0,73.0,13.0
2020-04-12,115.0,27.0,15.0,11.0,49.0,1017337.0,95.0,22.0
2020-04-13,139.0,33.0,17.0,19.0,61.0,1017636.0,123.0,28.0
2020-04-14,160.0,32.0,31.0,13.0,68.0,1019544.0,147.0,24.0
2020-04-15,206.0,36.0,31.0,27.0,72.0,1018085.0,182.0,35.0
2020-04-16,250.0,61.0,43.0,32.0,94.0,1018639.0,225.0,43.0
2020-04-17,298.0,71.0,54.0,41.0,113.0,1017465.0,287.0,62.0
2020-04-18,357.0,68.0,54.0,43.0,141.0,1017575.0,338.0,51.0
2020-04-19,392.0,99.0,58.0,44.0,178.0,1018666.0,417.0,79.0
2020-04-20,463.0,116.0,65.0,55.0,193.0,1018350.0,498.0,81.0
2020-04-21,577.0,115.0,102.0,58.0,241.0,1017171.0,589.0,91.0
2020-04-22,684.0,140.0,99.0,92.0,289.0,1016707.0,696.0,107.0
2020-04-23,840.0,179.0,116.0,101.0,352.0,1017162.0,833.0,137.0
2020-04-24,974.0,215.0,194.0,111.0,408.0,1017701.0,1013.0,180.0
2020-04-25,1156.0,241.0,211.0,140.0,506.0,1017071.0,1198.0,185.0
2020-04-26,1455.0,310.0,246.0,185.0,580.0,1017038.0,1448.0,250.0
2020-04-27,1749.0,364.0,287.0,224.0,724.0,1017201.0,1744.0,296.0
2020-04-28,2056.0,445.0,315.0,249.0,864.0,1015869.0,2104.0,360.0
2020-04-29,2508.0,519.0,394.0,284.0,1062.0,1016676.0,2532.0,428.0
2020-04-30,3046.0,643.0,495.0,360.0,1277.0,1016729.0,3039.0,507.0
2020-05-01,3633.0,737.0,593.0,466.0,1516.0,1015663.0,3619.0,580.0
2020-05-02,4375.0,877.0,669.0,613.0,1816.0,1014441.0,4321.0,702.0
2020-05-03,5231.0,1119.0,869.0,673.0,2199.0,1012885.0,5224.0,903.0
2020-05-04,6341.0,1251.0,1089.0,780.0,2659.0,1011069.0,6250.0,1026.0
2020-05-05,7532.0,1576.0,1232.0,936.0,3272.0,1008260.0,7536.0,1286.0
2020-05-06,9045.0,1900.0,1481.0,1115.0,4002.0,1004432.0,9074.0,1538.0
2020-05-07,10900.0,2312.0,1726.0,1369.0,4780.0,1001452.0,10895.0,1821.0
2020-05-08,13061.0,2702.0,2131.0,1616.0,5714.0,997395.0,13058.0,2163.0
2020-05-09,15623.0,3328.0,2561.0,2005.0,6725.0,994456.0,15688.0,2630.0
2020-05-10,18729.0,3917.0,3059.0,2386.0,8071.0,988969.0,18790.0,3102.0
2020-05-11,22427.0,4741.0,3695.0,2811.0,9780.0,981008.0,22516.0,3726.0
2020-05-12,26779.0,5736.0,4443.0,3342.0,11753.0,972094.0,27032.0,4516.0
2020-05-13,31630.0,6809.0,5277.0,4140.0,14288.0,962053.0,32357.0,5325.0
2020-05-14,37719.0,8172.0,6245.0,4980.0,17172.0,949666.0,38747.0,6390.0
2020-05-15,44649.0,9605.0,7572.0,5855.0,20560.0,935356.0,46233.0,7486.0
2020-05-16,52754.0,11544.0,8953.0,6993.0,24841.0,918845.0,55267.0,9034.0
2020-05-17,62024.0,13585.0,10630.0,8386.0,29586.0,899370.0,65816.0,10549.0
2020-05-18,73193.0,15899.0,12585.0,9985.0,35451.0,877198.0,78084.0,12268.0
2020-05-19,85251.0,18423.0,14766.0,11615.0,42256.0,852386.0,92379.0,14295.0
2020-05-20,98525.0,21661.0,17486.0,13663.0,50155.0,824065.0,109171.0,16792.0
2020-05-21,112737.0,25243.0,20453.0,16321.0,60145.0,790899.0,128596.0,19425.0
2020-05-22,128052.0,29190.0,23505.0,18895.0,71379.0,754044.0,150955.0,22359.0
2020-05-23,144005.0,32934.0,27106.0,22112.0,84370.0,714264.0,176104.0,25149.0
2020-05-24,160974.0,37152.0,31433.0,25307.0,99357.0,671110.0,204474.0,28370.0
2020-05-25,177531.0,41280.0,35343.0,29034.0,116788.0,625012.0,235650.0,31176.0
2020-05-26,193526.0,45781.0,38951.0,33314.0,137083.0,577843.0,269640.0,33990.0
2020-05-27,207209.0,50281.0,43344.0,36983.0,159980.0,529128.0,306638.0,36998.0
2020-05-28,217853.0,54229.0,47284.0,41170.0,185360.0,480989.0,346457.0,39819.0
2020-05-29,226619.0,57237.0,51217.0,45309.0,212954.0,433364.0,387797.0,41340.0
2020-05-30,232480.0,59919.0,54533.0,48934.0,242966.0,386575.0,430642.0,42845.0
2020-05-31,234605.0,61394.0,57593.0,52264.0,274787.0,344585.0,474260.0,43618.0
2020-06-01,233321.0,63062.0,59954.0,54963.0,308970.0,304468.0,518454.0,44194.0
2020-06-02,229033.0,63295.0,61204.0,57498.0,345571.0,268674.0,562057.0,43603.0
2020-06-03,221173.0,62429.0,61936.0,59535.0,383714.0,236637.0,604358.0,42301.0
2020-06-04,210907.0,61012.0,61968.0,60584.0,422095.0,208767.0,645463.0,41105.0
2020-06-05,199769.0,58318.0,60555.0,60625.0,461492.0,183545.0,684167.0,38704.0
2020-06-06,186920.0,55657.0,58926.0,60163.0,501105.0,163243.0,720763.0,36596.0
2020-06-07,173570.0,52608.0,56153.0,58679.0,539365.0,145500.0,755076.0,34313.0
2020-06-08,160019.0,49160.0,53118.0,56754.0,577128.0,130427.0,786549.0,31473.0
2020-06-09,146262.0,45904.0,50610.0,54319.0,612630.0,118018.0,815945.0,29396.0
2020-06-10,132371.0,42355.0,47142.0,51538.0,646516.0,106938.0,842679.0,26734.0
2020-06-11,119783.0,38216.0,43689.0,48643.0,678946.0,98078.0,866501.0,23822.0
2020-06-12,108473.0,34526.0,39986.0,45448.0,707378.0,90347.0,887969.0,21468.0
2020-06-13,97254.0,31434.0,36510.0,41586.0,735602.0,83915.0,907543.0,19574.0
2020-06-14,86878.0,28617.0,33357.0,38326.0,760159.0,78250.0,924990.0,17447.0
2020-06-15,77611.0,25416.0,30182.0,35122.0,784897.0,73688.0,940612.0,15622.0
2020-06-16,68842.0,22681.0,27282.0,32023.0,806357.0,69599.0,954415.0,13803.0
2020-06-17,61175.0,20282.0,24343.0,28965.0,824540.0,66047.0,966808.0,12393.0
2020-06-18,54260.0,18189.0,21682.0,26178.0,841890.0,62853.0,977775.0,10967.0
2020-06-19,48146.0,16185.0,19508.0,23328.0,858760.0,60522.0,987543.0,9768.0
2020-06-20,42660.0,14332.0,17411.0,20855.0,871975.0,58589.0,996122.0,8579.0
2020-06-21,37564.0,12810.0,15669.0,18593.0,885372.0,56642.0,1003723.0,7601.0
2020-06-22,32969.0,11313.0,13860.0,16737.0,897707.0,55140.0,1010502.0,6779.0
2020-06-23,29221.0,10012.0,12237.0,15046.0,907140.0,54139.0,1016430.0,5928.0
2020-06-24,25611.0,8745.0,10701.0,13141.0,916557.0,53218.0,1021613.0,5183.0
2020-06-25,22701.0,7675.0,9469.0,11628.0,924915.0,52191.0,1026089.0,4476.0
2020-06-26,19883.0,6662.0,8303.0,10425.0,933775.0,51353.0,1030090.0,4001.0
2020-06-27,17439.0,5805.0,7402.0,9120.0,939700.0,50427.0,1033577.0,3487.0
2020-06-28,15408.0,5205.0,6422.0,8027.0,943728.0,49816.0,1036660.0,3083.0
2020-06-29,13341.0,4780.0,5651.0,7127.0,947587.0,49402.0,1039580.0,2920.0
2020-06-30,11808.0,4099.0,5032.0,6141.0,951424.0,48876.0,1041926.0,2346.0
2020-07-01,10370.0,3623.0,4470.0,5451.0,955573.0,48345.0,1044074.0,2148.0
2020-07-02,9065.0,3250.0,3958.0,4776.0,958453.0,47893.0,1045973.0,1899.0
2020-07-03,7874.0,2745.0,3496.0,4241.0,961197.0,47754.0,1047627.0,1654.0
2020-07-04,6866.0,2464.0,2956.0,3676.0,964090.0,47329.0,1049045.0,1418.0
2020-07-05,6049.0,2063.0,2601.0,3348.0,966857.0,47042.0,1050273.0,1228.0
2020-07-06,5380.0,1843.0,2287.0,2868.0,967898.0,46879.0,1051324.0,1051.0
