time,E,I1,I2,I3,R,S,cumI,diffI
2020-03-06,0.0,2.0,1.0,0.0,0.0,970183.0,0.0,0.0
2020-03-07,1.0,0.0,1.0,1.0,0.0,973761.0,0.0,0.0
2020-03-08,2.0,0.0,1.0,0.0,1.0,981210.0,0.0,0.0
2020-03-09,0.0,0.0,0.0,0.0,1.0,987868.0,0.0,0.0
2020-03-10,0.0,0.0,0.0,1.0,1.0,993647.0,0.0,0.0
2020-03-11,1.0,0.0,0.0,1.0,1.0,997314.0,0.0,0.0
2020-03-12,1.0,1.0,0.0,0.0,2.0,1000685.0,1.0,1.0
2020-03-13,1.0,1.0,0.0,0.0,3.0,1004162.0,1.0,0.0
2020-03-14,1.0,1.0,0.0,0.0,3.0,1005619.0,2.0,1.0
2020-03-15,1.0,0.0,0.0,0.0,2.0,1008063.0,2.0,0.0
2020-03-16,1.0,0.0,0.0,0.0,0.0,1009939.0,2.0,0.0
2020-03-17,3.0,0.0,2.0,0.0,2.0,1010225.0,3.0,1.0
2020-03-18,2.0,2.0,1.0,1.0,1.0,1011490.0,5.0,2.0
2020-03-19,4.0,3.0,0.0,3.0,1.0,1010736.0,7.0,2.0
2020-03-20,3.0,2.0,1.0,3.0,4.0,1012298.0,9.0,2.0
2020-03-21,6.0,4.0,0.0,1.0,4.0,1012821.0,11.0,2.0
2020-03-22,7.0,3.0,0.0,2.0,2.0,1012507.0,12.0,1.0
2020-03-23,7.0,1.0,2.0,0.0,7.0,1014070.0,12.0,0.0
2020-03-24,4.0,4.0,0.0,1.0,7.0,1012572.0,14.0,2.0
2020-03-25,7.0,2.0,0.0,0.0,10.0,1014121.0,14.0,0.0
2020-03-26,10.0,5.0,0.0,1.0,5.0,1013687.0,18.0,4.0
2020-03-27,8.0,3.0,3.0,1.0,7.0,1015657.0,18.0,0.0
2020-03-28,12.0,5.0,2.0,1.0,7.0,1015872.0,20.0,2.0
2020-03-29,23.0,5.0,3.0,3.0,9.0,1014448.0,24.0,4.0
2020-03-30,29.0,3.0,2.0,4.0,13.0,1014715.0,27.0,3.0
2020-03-31,28.0,7.0,3.0,1.0,18.0,1014813.0,31.0,4.0
2020-04-01,29.0,8.0,4.0,2.0,17.0,1013837.0,38.0,7.0
2020-04-02,23.0,7.0,6.0,2.0,18.0,1014165.0,43.0,5.0
2020-04-03,28.0,6.0,12.0,2.0,21.0,1014757.0,50.0,7.0
2020-04-04,42.0,8.0,6.0,8.0,22.0,1016395.0,54.0,4.0
2020-04-05,57.0,7.0,7.0,10.0,28.0,1015968.0,60.0,6.0
2020-04-06,65.0,20.0,8.0,12.0,33.0,1016290.0,75.0,15.0
2020-04-07,78.0,17.0,19.0,12.0,32.0,1017444.0,91.0,16.0
2020-04-08,102.0,22.0,20.0,18.0,52.0,1017518.0,110.0,19.0
2020-04-09,139.0,27.0,17.0,8.0,64.0,1016523.0,132.0,22.0
2020-04-10,147.0,33.0,26.0,12.0,74.0,1017715.0,154.0,22.0
2020-04-11,169.0,29.0,36.0,19.0,87.0,1018947.0,179.0,25.0
2020-04-12,208.0,38.0,33.0,22.0,90.0,1019939.0,203.0,24.0
2020-04-13,240.0,51.0,37.0,27.0,106.0,1019504.0,235.0,32.0
2020-04-14,296.0,55.0,50.0,33.0,128.0,1019970.0,279.0,44.0
2020-04-15,376.0,66.0,52.0,33.0,146.0,1019028.0,333.0,54.0
2020-04-16,436.0,78.0,53.0,59.0,164.0,1019896.0,399.0,66.0
2020-04-17,534.0,102.0,71.0,55.0,225.0,1020402.0,479.0,80.0
2020-04-18,604.0,127.0,89.0,74.0,254.0,1019623.0,576.0,97.0
2020-04-19,747.0,143.0,130.0,90.0,311.0,1020694.0,683.0,107.0
2020-04-20,911.0,196.0,161.0,122.0,382.0,1019071.0,849.0,166.0
2020-04-21,1124.0,221.0,191.0,148.0,485.0,1018102.0,1031.0,182.0
2020-04-22,1379.0,291.0,222.0,186.0,601.0,1017902.0,1266.0,235.0
2020-04-23,1718.0,371.0,303.0,200.0,749.0,1019019.0,1565.0,299.0
2020-04-24,2019.0,433.0,352.0,264.0,863.0,1018780.0,1911.0,346.0
2020-04-25,2451.0,525.0,431.0,307.0,1001.0,1018037.0,2341.0,430.0
2020-04-26,2997.0,646.0,505.0,393.0,1240.0,1017167.0,2856.0,515.0
2020-04-27,3582.0,776.0,609.0,471.0,1504.0,1015255.0,3495.0,639.0
2020-04-28,4378.0,920.0,734.0,562.0,1866.0,1013382.0,4226.0,731.0
2020-04-29,5333.0,1142.0,880.0,672.0,2226.0,1013292.0,5096.0,870.0
2020-04-30,6496.0,1402.0,1063.0,821.0,2723.0,1011702.0,6189.0,1093.0
2020-05-01,7783.0,1650.0,1284.0,987.0,3252.0,1007685.0,7504.0,1315.0
2020-05-02,9394.0,2003.0,1554.0,1219.0,3871.0,1004687.0,9063.0,1559.0
2020-05-03,11339.0,2363.0,1785.0,1444.0,4802.0,1001786.0,10899.0,1836.0
2020-05-04,13332.0,2852.0,2140.0,1730.0,5647.0,996916.0,13171.0,2272.0
2020-05-05,16048.0,3359.0,2583.0,2046.0,6875.0,992953.0,15854.0,2683.0
2020-05-06,19196.0,4101.0,3078.0,2451.0,8278.0,985785.0,19068.0,3214.0
2020-05-07,23059.0,4960.0,3707.0,2875.0,9895.0,977430.0,22896.0,3828.0
2020-05-08,27491.0,5754.0,4537.0,3476.0,11956.0,969625.0,27455.0,4559.0
2020-05-09,32607.0,6976.0,5320.0,4201.0,14286.0,959225.0,33005.0,5550.0
2020-05-10,39086.0,8429.0,6548.0,5124.0,17319.0,946267.0,39617.0,6612.0
2020-05-11,45879.0,10129.0,7832.0,5930.0,20849.0,933853.0,47494.0,7877.0
2020-05-12,54258.0,11853.0,9215.0,7257.0,25057.0,916371.0,56724.0,9230.0
2020-05-13,63714.0,13836.0,10947.0,8526.0,30057.0,896746.0,67506.0,10782.0
2020-05-14,74977.0,16397.0,12920.0,10279.0,36177.0,872663.0,80273.0,12767.0
2020-05-15,86679.0,19044.0,15164.0,12029.0,43317.0,847092.0,94981.0,14708.0
2020-05-16,100386.0,22245.0,17759.0,14114.0,51770.0,817927.0,112265.0,17284.0
2020-05-17,114847.0,25673.0,20893.0,16586.0,61394.0,784383.0,131952.0,19687.0
2020-05-18,130799.0,29849.0,24458.0,19457.0,72575.0,746618.0,154794.0,22842.0
2020-05-19,147020.0,33818.0,27557.0,22540.0,86513.0,706106.0,180610.0,25816.0
2020-05-20,163133.0,37800.0,31691.0,26022.0,101753.0,663307.0,209224.0,28614.0
2020-05-21,180016.0,42331.0,35699.0,29743.0,119295.0,617491.0,241047.0,31823.0
2020-05-22,195401.0,47331.0,40049.0,33437.0,140216.0,570131.0,276431.0,35384.0
2020-05-23,208106.0,51235.0,44417.0,37514.0,163178.0,521195.0,314329.0,37898.0
2020-05-24,220052.0,54754.0,48506.0,42171.0,188495.0,472438.0,353978.0,39649.0
2020-05-25,228428.0,57559.0,52004.0,45925.0,216253.0,424984.0,395591.0,41613.0
2020-05-26,233515.0,60314.0,54994.0,49893.0,246431.0,379634.0,438765.0,43174.0
2020-05-27,234572.0,62504.0,57809.0,52959.0,280129.0,336937.0,482652.0,43887.0
2020-05-28,233139.0,63010.0,60367.0,55898.0,315118.0,297907.0,526114.0,43462.0
2020-05-29,228185.0,63170.0,61363.0,58476.0,352444.0,262314.0,569371.0,43257.0
2020-05-30,220272.0,62429.0,61837.0,59999.0,390704.0,230414.0,611569.0,42198.0
2020-05-31,209754.0,60485.0,61450.0,60678.0,429925.0,203716.0,652295.0,40726.0
2020-06-01,197970.0,58557.0,60652.0,60670.0,469441.0,179795.0,691265.0,38970.0
2020-06-02,184514.0,55084.0,58788.0,59916.0,508491.0,159220.0,727495.0,36230.0
2020-06-03,170771.0,51967.0,56037.0,58829.0,545698.0,141975.0,761179.0,33684.0
2020-06-04,157483.0,48487.0,53214.0,56647.0,583277.0,127024.0,792626.0,31447.0
2020-06-05,144183.0,44754.0,50122.0,53580.0,617729.0,114977.0,821037.0,28411.0
2020-06-06,130618.0,41039.0,46309.0,51133.0,651786.0,104835.0,847009.0,25972.0
2020-06-07,117579.0,37839.0,43171.0,47911.0,682563.0,96252.0,870831.0,23822.0
2020-06-08,105765.0,34215.0,39570.0,44470.0,712983.0,88478.0,892061.0,21230.0
2020-06-09,94980.0,31054.0,36048.0,41233.0,740706.0,81915.0,911068.0,19007.0
2020-06-10,85215.0,27672.0,32787.0,38132.0,766495.0,76720.0,928076.0,17008.0
2020-06-11,75996.0,25221.0,29483.0,34624.0,789588.0,71974.0,943668.0,15592.0
2020-06-12,67269.0,22414.0,26858.0,31270.0,810293.0,68257.0,957323.0,13655.0
2020-06-13,59333.0,19992.0,23819.0,28371.0,829919.0,64982.0,969435.0,12112.0
2020-06-14,52566.0,17881.0,21308.0,25677.0,847628.0,62385.0,980263.0,10828.0
2020-06-15,46509.0,15728.0,18861.0,22929.0,863055.0,60060.0,989715.0,9452.0
2020-06-16,41162.0,13904.0,16844.0,20306.0,877872.0,57738.0,998069.0,8354.0
2020-06-17,36363.0,12379.0,15098.0,18098.0,889488.0,56045.0,1005340.0,7271.0
2020-06-18,32045.0,10791.0,13368.0,16294.0,900350.0,54786.0,1011827.0,6487.0
2020-06-19,28211.0,9533.0,11903.0,14338.0,909946.0,53434.0,1017551.0,5724.0
2020-06-20,24854.0,8517.0,10513.0,12752.0,918577.0,52311.0,1022607.0,5056.0
2020-06-21,21795.0,7488.0,9234.0,11262.0,926652.0,51153.0,1027070.0,4463.0
2020-06-22,19176.0,6488.0,8190.0,9964.0,932385.0,50607.0,1030914.0,3844.0
2020-06-23,16692.0,5654.0,7225.0,8888.0,936793.0,49538.0,1034281.0,3367.0
2020-06-24,14617.0,4858.0,6365.0,7897.0,942513.0,49002.0,1037246.0,2965.0
2020-06-25,13015.0,4307.0,5567.0,6829.0,947362.0,48690.0,1039825.0,2579.0
2020-06-26,11428.0,3761.0,4836.0,5992.0,952468.0,48038.0,1042105.0,2280.0
2020-06-27,9968.0,3402.0,4242.0,5220.0,955662.0,47654.0,1044139.0,2034.0
2020-06-28,8678.0,2922.0,3794.0,4654.0,959776.0,47396.0,1045927.0,1788.0
2020-06-29,7634.0,2509.0,3228.0,4062.0,962648.0,46925.0,1047383.0,1456.0
2020-06-30,6649.0,2179.0,2859.0,3565.0,965272.0,46524.0,1048754.0,1371.0
2020-07-01,5801.0,1971.0,2448.0,3232.0,969093.0,46529.0,1049977.0,1223.0
2020-07-02,5007.0,1755.0,2136.0,2731.0,971233.0,46478.0,1051001.0,1024.0
2020-07-03,4424.0,1457.0,1954.0,2410.0,972021.0,46036.0,1051885.0,884.0
2020-07-04,3912.0,1332.0,1628.0,2092.0,972645.0,45913.0,1052661.0,776.0
2020-07-05,3445.0,1170.0,1492.0,1848.0,974469.0,45671.0,1053318.0,657.0
2020-07-06,2905.0,1012.0,1339.0,1664.0,975829.0,45516.0,1053946.0,628.0
