time,E,I1,I2,I3,R,S,cumI,diffI
2020-03-06,0.0,2.0,0.0,0.0,0.0,970797.0,0.0,0.0
2020-03-07,1.0,1.0,1.0,0.0,0.0,972561.0,1.0,1.0
2020-03-08,1.0,1.0,1.0,0.0,0.0,980224.0,2.0,1.0
2020-03-09,3.0,1.0,1.0,0.0,0.0,987776.0,3.0,1.0
2020-03-10,2.0,0.0,1.0,0.0,0.0,993766.0,3.0,0.0
2020-03-11,2.0,0.0,0.0,0.0,1.0,998147.0,3.0,0.0
2020-03-12,3.0,1.0,0.0,0.0,1.0,1000206.0,4.0,1.0
2020-03-13,2.0,0.0,1.0,0.0,1.0,1003628.0,5.0,1.0
2020-03-14,3.0,0.0,1.0,0.0,1.0,1006924.0,5.0,0.0
2020-03-15,4.0,0.0,1.0,0.0,1.0,1008210.0,5.0,0.0
2020-03-16,6.0,0.0,0.0,1.0,0.0,1007838.0,5.0,0.0
2020-03-17,4.0,1.0,0.0,1.0,3.0,1007917.0,6.0,1.0
2020-03-18,6.0,1.0,2.0,0.0,2.0,1008709.0,8.0,2.0
2020-03-19,5.0,0.0,1.0,1.0,3.0,1009891.0,8.0,0.0
2020-03-20,7.0,2.0,1.0,1.0,2.0,1010794.0,11.0,3.0
2020-03-21,10.0,3.0,0.0,1.0,2.0,1011886.0,12.0,1.0
2020-03-22,9.0,1.0,3.0,1.0,2.0,1012059.0,14.0,2.0
2020-03-23,10.0,0.0,3.0,2.0,4.0,1011414.0,14.0,0.0
2020-03-24,11.0,1.0,2.0,1.0,7.0,1012186.0,15.0,1.0
2020-03-25,18.0,1.0,1.0,1.0,6.0,1013133.0,15.0,0.0
2020-03-26,27.0,4.0,3.0,1.0,9.0,1014798.0,18.0,3.0
2020-03-27,24.0,4.0,6.0,1.0,10.0,1014331.0,24.0,6.0
2020-03-28,34.0,9.0,9.0,4.0,10.0,1015886.0,31.0,7.0
2020-03-29,42.0,13.0,8.0,6.0,15.0,1015038.0,37.0,6.0
2020-03-30,64.0,16.0,12.0,5.0,20.0,1016595.0,46.0,9.0
2020-03-31,80.0,17.0,16.0,12.0,28.0,1015727.0,62.0,16.0
2020-04-01,84.0,15.0,20.0,12.0,38.0,1015457.0,79.0,17.0
2020-04-02,107.0,19.0,17.0,16.0,39.0,1015494.0,95.0,16.0
2020-04-03,123.0,21.0,18.0,15.0,43.0,1016511.0,114.0,19.0
2020-04-04,148.0,31.0,26.0,18.0,51.0,1015414.0,136.0,22.0
2020-04-05,167.0,37.0,29.0,19.0,63.0,1017077.0,163.0,27.0
2020-04-06,203.0,46.0,28.0,32.0,83.0,1017478.0,192.0,29.0
2020-04-07,224.0,43.0,36.0,35.0,97.0,1018546.0,224.0,32.0
2020-04-08,276.0,53.0,46.0,31.0,140.0,1018036.0,267.0,43.0
2020-04-09,321.0,68.0,57.0,32.0,152.0,1018617.0,319.0,52.0
2020-04-10,383.0,80.0,64.0,44.0,179.0,1018070.0,391.0,72.0
2020-04-11,462.0,105.0,76.0,61.0,216.0,1018199.0,473.0,82.0
2020-04-12,543.0,140.0,91.0,69.0,248.0,1017775.0,580.0,107.0
2020-04-13,679.0,169.0,116.0,94.0,313.0,1019080.0,708.0,128.0
2020-04-14,863.0,201.0,128.0,118.0,370.0,1017353.0,848.0,140.0
2020-04-15,1028.0,227.0,179.0,138.0,459.0,1016148.0,1039.0,191.0
2020-04-16,1272.0,273.0,206.0,155.0,569.0,1015203.0,1252.0,213.0
2020-04-17,1560.0,333.0,245.0,184.0,685.0,1015731.0,1509.0,257.0
2020-04-18,1895.0,395.0,297.0,210.0,807.0,1016652.0,1809.0,300.0
2020-04-19,2226.0,476.0,347.0,263.0,919.0,1015627.0,2152.0,343.0
2020-04-20,2642.0,570.0,427.0,368.0,1082.0,1014896.0,2605.0,453.0
2020-04-21,3197.0,680.0,498.0,420.0,1337.0,1012962.0,3115.0,510.0
2020-04-22,3828.0,812.0,613.0,482.0,1599.0,1011595.0,3750.0,635.0
2020-04-23,4539.0,1010.0,761.0,570.0,1926.0,1013492.0,4536.0,786.0
2020-04-24,5499.0,1227.0,923.0,697.0,2390.0,1011392.0,5498.0,962.0
2020-04-25,6774.0,1388.0,1125.0,839.0,2817.0,1008669.0,6555.0,1057.0
2020-04-26,8111.0,1738.0,1258.0,1006.0,3510.0,1005365.0,7925.0,1370.0
2020-04-27,9553.0,2087.0,1605.0,1228.0,4177.0,1001282.0,9600.0,1675.0
2020-04-28,11693.0,2429.0,1959.0,1490.0,5085.0,997517.0,11520.0,1920.0
2020-04-29,14155.0,2934.0,2285.0,1790.0,6167.0,993329.0,13821.0,2301.0
2020-04-30,17055.0,3621.0,2746.0,2176.0,7336.0,988577.0,16671.0,2850.0
2020-05-01,20366.0,4398.0,3365.0,2570.0,8979.0,982091.0,20134.0,3463.0
2020-05-02,24313.0,5325.0,4083.0,3108.0,10773.0,976098.0,24210.0,4076.0
2020-05-03,29374.0,6258.0,4858.0,3744.0,13086.0,965117.0,29094.0,4884.0
2020-05-04,35082.0,7617.0,5937.0,4482.0,15653.0,954877.0,35124.0,6030.0
2020-05-05,41745.0,8926.0,7051.0,5559.0,18952.0,940594.0,42056.0,6932.0
2020-05-06,49351.0,10631.0,8327.0,6575.0,22782.0,923737.0,50362.0,8306.0
2020-05-07,58476.0,12613.0,9992.0,7734.0,27268.0,906293.0,60161.0,9799.0
2020-05-08,68502.0,15012.0,11885.0,9155.0,32604.0,885686.0,71850.0,11689.0
2020-05-09,79992.0,17677.0,14089.0,10924.0,39424.0,862034.0,85537.0,13687.0
2020-05-10,92623.0,20336.0,16428.0,13109.0,47165.0,834821.0,101426.0,15889.0
2020-05-11,106869.0,23956.0,19224.0,15292.0,56473.0,803594.0,119954.0,18528.0
2020-05-12,122255.0,27572.0,22077.0,17878.0,66914.0,767900.0,140899.0,20945.0
2020-05-13,137922.0,31358.0,25952.0,20469.0,79176.0,729694.0,164970.0,24071.0
2020-05-14,154044.0,35479.0,29720.0,23702.0,93414.0,687006.0,192043.0,27073.0
2020-05-15,171213.0,39920.0,33683.0,27360.0,109586.0,641275.0,222013.0,29970.0
2020-05-16,187212.0,44530.0,37827.0,31288.0,128540.0,593797.0,255209.0,33196.0
2020-05-17,201626.0,48664.0,42178.0,35703.0,150998.0,546053.0,291224.0,36015.0
2020-05-18,213791.0,52672.0,45956.0,40050.0,174690.0,496879.0,329863.0,38639.0
2020-05-19,223822.0,56706.0,50101.0,43411.0,201568.0,448012.0,370935.0,41072.0
2020-05-20,230769.0,59372.0,54338.0,47549.0,231111.0,400986.0,413617.0,42682.0
2020-05-21,233968.0,61440.0,57742.0,51514.0,263014.0,356730.0,457570.0,43953.0
2020-05-22,234146.0,62648.0,59635.0,54885.0,297418.0,315401.0,501568.0,43998.0
2020-05-23,230256.0,63201.0,61225.0,57395.0,334308.0,278703.0,544899.0,43331.0
2020-05-24,223806.0,62270.0,62000.0,59167.0,371897.0,244850.0,587315.0,42416.0
2020-05-25,214425.0,61336.0,61756.0,60448.0,410181.0,215900.0,628957.0,41642.0
2020-05-26,204160.0,59348.0,60468.0,60784.0,449672.0,190402.0,668224.0,39267.0
2020-05-27,191450.0,56864.0,58827.0,60097.0,489057.0,168578.0,705720.0,37496.0
2020-05-28,177922.0,53804.0,57205.0,59094.0,528619.0,150036.0,740786.0,35066.0
2020-05-29,163686.0,50401.0,54404.0,57603.0,566239.0,133315.0,773352.0,32566.0
2020-05-30,149920.0,46420.0,51651.0,55007.0,601993.0,120289.0,803187.0,29835.0
2020-05-31,136452.0,42947.0,48498.0,52057.0,636518.0,108514.0,830429.0,27242.0
2020-06-01,123380.0,39328.0,44172.0,49537.0,668979.0,98797.0,855042.0,24613.0
2020-06-02,110597.0,35920.0,40896.0,45562.0,699622.0,90765.0,877320.0,22278.0
2020-06-03,99059.0,32677.0,37771.0,42848.0,728695.0,84266.0,897442.0,20122.0
2020-06-04,88786.0,28879.0,34468.0,39331.0,755608.0,78033.0,915101.0,17659.0
2020-06-05,78972.0,25835.0,30951.0,36256.0,780371.0,73274.0,931075.0,15974.0
2020-06-06,70553.0,23297.0,27905.0,32827.0,803457.0,69217.0,945284.0,14209.0
2020-06-07,62264.0,20914.0,24892.0,29819.0,823856.0,65748.0,958107.0,12823.0
2020-06-08,54881.0,18722.0,22110.0,26953.0,842419.0,63231.0,969561.0,11454.0
2020-06-09,48604.0,16424.0,20147.0,24005.0,859921.0,60340.0,979505.0,9944.0
2020-06-10,42890.0,14539.0,17504.0,21624.0,873422.0,57806.0,988323.0,8818.0
2020-06-11,37881.0,12766.0,16009.0,19019.0,885948.0,55934.0,996071.0,7748.0
2020-06-12,33176.0,11257.0,14087.0,17084.0,897647.0,54111.0,1002905.0,6834.0
2020-06-13,29396.0,9966.0,12426.0,15072.0,908536.0,52784.0,1008738.0,5833.0
2020-06-14,25533.0,8708.0,10749.0,13315.0,917602.0,51906.0,1013995.0,5257.0
2020-06-15,22594.0,7587.0,9443.0,11648.0,926993.0,50801.0,1018475.0,4480.0
2020-06-16,19882.0,6635.0,8497.0,10197.0,933681.0,49775.0,1022528.0,4053.0
2020-06-17,17667.0,5886.0,7306.0,9108.0,939801.0,49099.0,1026070.0,3542.0
2020-06-18,15467.0,5155.0,6407.0,8067.0,945335.0,48415.0,1029232.0,3162.0
2020-06-19,13554.0,4573.0,5744.0,7118.0,950316.0,47835.0,1032022.0,2790.0
2020-06-20,11687.0,4018.0,5172.0,6183.0,953600.0,47601.0,1034485.0,2463.0
2020-06-21,10120.0,3458.0,4476.0,5582.0,957688.0,47195.0,1036583.0,2098.0
2020-06-22,8833.0,3104.0,3888.0,4882.0,961089.0,46996.0,1038455.0,1872.0
2020-06-23,7823.0,2699.0,3397.0,4207.0,964535.0,46522.0,1040018.0,1563.0
2020-06-24,6817.0,2327.0,3072.0,3660.0,966624.0,46115.0,1041430.0,1412.0
2020-06-25,6031.0,2052.0,2700.0,3232.0,967700.0,46058.0,1042648.0,1218.0
2020-06-26,5220.0,1741.0,2185.0,2912.0,969126.0,46020.0,1043677.0,1029.0
2020-06-27,4603.0,1581.0,1941.0,2493.0,971290.0,45838.0,1044621.0,944.0
2020-06-28,4053.0,1379.0,1765.0,2168.0,972217.0,46143.0,1045427.0,806.0
2020-06-29,3527.0,1214.0,1512.0,1916.0,975328.0,45862.0,1046150.0,723.0
2020-06-30,3039.0,1049.0,1362.0,1679.0,976143.0,45754.0,1046799.0,649.0
2020-07-01,2698.0,868.0,1218.0,1422.0,976638.0,45430.0,1047343.0,544.0
2020-07-02,2305.0,777.0,1057.0,1272.0,976960.0,45350.0,1047832.0,489.0
2020-07-03,2010.0,693.0,854.0,1163.0,978706.0,45332.0,1048246.0,414.0
2020-07-04,1722.0,652.0,770.0,962.0,979581.0,45502.0,1048609.0,363.0
2020-07-05,1495.0,557.0,701.0,823.0,979408.0,45433.0,1048926.0,317.0
2020-07-06,1365.0,492.0,634.0,692.0,980173.0,45349.0,1049179.0,253.0
