time,E,I1,I2,I3,R,S,cumI,diffI
2020-03-06,1.0,3.0,0.0,0.0,0.0,970207.0,0.0,0.0
2020-03-07,2.0,2.0,1.0,1.0,0.0,972644.0,1.0,1.0
2020-03-08,2.0,1.0,0.0,3.0,0.0,980372.0,1.0,0.0
2020-03-09,1.0,1.0,0.0,2.0,2.0,987936.0,2.0,1.0
2020-03-10,3.0,1.0,1.0,0.0,2.0,993542.0,3.0,1.0
2020-03-11,3.0,0.0,1.0,0.0,2.0,997382.0,3.0,0.0
2020-03-12,2.0,0.0,0.0,1.0,2.0,1000771.0,4.0,1.0
2020-03-13,3.0,1.0,1.0,0.0,3.0,1003383.0,6.0,2.0
2020-03-14,4.0,1.0,0.0,2.0,4.0,1006167.0,7.0,1.0
2020-03-15,3.0,1.0,1.0,0.0,2.0,1008492.0,8.0,1.0
2020-03-16,1.0,1.0,1.0,1.0,0.0,1009133.0,9.0,1.0
2020-03-17,4.0,0.0,0.0,3.0,0.0,1008847.0,9.0,0.0
2020-03-18,3.0,2.0,0.0,2.0,2.0,1010954.0,11.0,2.0
2020-03-19,6.0,2.0,1.0,1.0,2.0,1011568.0,13.0,2.0
2020-03-20,10.0,3.0,2.0,1.0,2.0,1011746.0,15.0,2.0
2020-03-21,7.0,3.0,2.0,4.0,1.0,1012755.0,19.0,4.0
2020-03-22,16.0,3.0,2.0,1.0,3.0,1013861.0,21.0,2.0
2020-03-23,13.0,2.0,0.0,1.0,0.0,1013709.0,24.0,3.0
2020-03-24,9.0,4.0,1.0,1.0,0.0,1012945.0,26.0,2.0
2020-03-25,13.0,2.0,1.0,2.0,3.0,1013489.0,27.0,1.0
2020-03-26,14.0,2.0,2.0,1.0,8.0,1014363.0,28.0,1.0
2020-03-27,13.0,4.0,2.0,1.0,10.0,1015796.0,30.0,2.0
2020-03-28,19.0,3.0,3.0,2.0,13.0,1016585.0,34.0,4.0
2020-03-29,32.0,3.0,2.0,3.0,12.0,1017249.0,36.0,2.0
2020-03-30,31.0,3.0,2.0,5.0,16.0,1016468.0,40.0,4.0
2020-03-31,42.0,4.0,6.0,4.0,17.0,1016054.0,42.0,2.0
2020-04-01,48.0,3.0,3.0,4.0,20.0,1016292.0,46.0,4.0
2020-04-02,50.0,7.0,9.0,10.0,21.0,1016128.0,57.0,11.0
2020-04-03,69.0,12.0,14.0,8.0,31.0,1017283.0,70.0,13.0
2020-04-04,90.0,17.0,17.0,12.0,37.0,1017390.0,82.0,12.0
2020-04-05,116.0,25.0,20.0,17.0,46.0,1016481.0,103.0,21.0
2020-04-06,129.0,29.0,16.0,18.0,49.0,1016170.0,128.0,25.0
2020-04-07,151.0,37.0,21.0,22.0,62.0,1016626.0,153.0,25.0
2020-04-08,177.0,35.0,30.0,19.0,81.0,1015452.0,181.0,28.0
2020-04-09,203.0,48.0,31.0,30.0,101.0,1017273.0,215.0,34.0
2020-04-10,271.0,55.0,44.0,30.0,125.0,1018992.0,262.0,47.0
2020-04-11,337.0,55.0,51.0,53.0,135.0,1018789.0,304.0,42.0
2020-04-12,422.0,79.0,66.0,60.0,178.0,1019112.0,372.0,68.0
2020-04-13,511.0,95.0,81.0,67.0,218.0,1018021.0,450.0,78.0
2020-04-14,604.0,110.0,107.0,82.0,260.0,1017827.0,560.0,110.0
2020-04-15,722.0,145.0,103.0,94.0,314.0,1017515.0,676.0,116.0
2020-04-16,864.0,192.0,125.0,105.0,388.0,1018720.0,814.0,138.0
2020-04-17,1026.0,202.0,182.0,124.0,448.0,1018951.0,982.0,168.0
2020-04-18,1281.0,237.0,222.0,135.0,547.0,1016787.0,1168.0,186.0
2020-04-19,1530.0,332.0,255.0,173.0,662.0,1016414.0,1437.0,269.0
2020-04-20,1927.0,387.0,291.0,233.0,809.0,1017338.0,1710.0,273.0
2020-04-21,2284.0,472.0,375.0,275.0,986.0,1017192.0,2084.0,374.0
2020-04-22,2763.0,585.0,445.0,356.0,1212.0,1016726.0,2576.0,492.0
2020-04-23,3382.0,718.0,529.0,438.0,1450.0,1015772.0,3139.0,563.0
2020-04-24,4053.0,875.0,656.0,531.0,1756.0,1013301.0,3798.0,659.0
2020-04-25,4945.0,1029.0,845.0,614.0,2160.0,1011987.0,4622.0,824.0
2020-04-26,5957.0,1234.0,979.0,738.0,2555.0,1010324.0,5583.0,961.0
2020-04-27,7208.0,1534.0,1139.0,883.0,3086.0,1007931.0,6801.0,1218.0
2020-04-28,8571.0,1764.0,1393.0,1049.0,3716.0,1006629.0,8211.0,1410.0
2020-04-29,10303.0,2191.0,1690.0,1268.0,4401.0,1003559.0,9908.0,1697.0
2020-04-30,12441.0,2663.0,2058.0,1561.0,5326.0,997590.0,12014.0,2106.0
2020-05-01,14789.0,3096.0,2395.0,1880.0,6350.0,992563.0,14441.0,2427.0
2020-05-02,17551.0,3783.0,2891.0,2235.0,7661.0,987615.0,17403.0,2962.0
2020-05-03,21088.0,4483.0,3536.0,2644.0,9147.0,981575.0,20973.0,3570.0
2020-05-04,25321.0,5385.0,4237.0,3222.0,11068.0,974339.0,25213.0,4240.0
2020-05-05,30331.0,6607.0,5073.0,3913.0,13421.0,962970.0,30438.0,5225.0
2020-05-06,35753.0,7643.0,6057.0,4626.0,16132.0,951913.0,36452.0,6014.0
2020-05-07,42536.0,9109.0,7257.0,5492.0,19515.0,938621.0,43582.0,7130.0
2020-05-08,50233.0,10838.0,8504.0,6794.0,23236.0,922679.0,52086.0,8504.0
2020-05-09,59294.0,12862.0,10010.0,7850.0,27780.0,905120.0,62166.0,10080.0
2020-05-10,69155.0,15101.0,11826.0,9376.0,33333.0,884825.0,73796.0,11630.0
2020-05-11,80801.0,17722.0,14137.0,11128.0,39887.0,860199.0,87648.0,13852.0
2020-05-12,94029.0,20730.0,16407.0,13118.0,47884.0,831676.0,103620.0,15972.0
2020-05-13,108232.0,23875.0,19289.0,15198.0,56710.0,799187.0,121925.0,18305.0
2020-05-14,123003.0,27792.0,22447.0,17770.0,67401.0,764302.0,143493.0,21568.0
2020-05-15,138100.0,31801.0,26117.0,21015.0,79813.0,725890.0,167806.0,24313.0
2020-05-16,155451.0,35869.0,29713.0,24307.0,94714.0,683704.0,195061.0,27255.0
2020-05-17,171209.0,40369.0,33640.0,27881.0,110954.0,638750.0,225219.0,30158.0
2020-05-18,187071.0,44256.0,37995.0,31855.0,130135.0,592287.0,258378.0,33159.0
2020-05-19,201337.0,48902.0,42020.0,35709.0,151601.0,543589.0,294510.0,36132.0
2020-05-20,214482.0,52789.0,46236.0,39729.0,175781.0,495518.0,333083.0,38573.0
2020-05-21,224495.0,56115.0,49825.0,43924.0,202793.0,447504.0,373996.0,40913.0
2020-05-22,231199.0,59127.0,53836.0,47544.0,231997.0,401740.0,416508.0,42512.0
2020-05-23,234483.0,61481.0,56983.0,51640.0,264190.0,358216.0,460307.0,43799.0
2020-05-24,234564.0,62826.0,59281.0,54858.0,298536.0,317572.0,504372.0,44065.0
2020-05-25,230928.0,63295.0,60876.0,57394.0,334118.0,280707.0,548291.0,43919.0
2020-05-26,224353.0,62770.0,61853.0,58633.0,371720.0,247523.0,591157.0,42866.0
2020-05-27,214585.0,61119.0,62008.0,60037.0,409987.0,218195.0,632638.0,41481.0
2020-05-28,203785.0,59435.0,60692.0,60250.0,449036.0,192696.0,672179.0,39541.0
2020-05-29,190753.0,56760.0,59103.0,60258.0,488889.0,170771.0,709537.0,37358.0
2020-05-30,177528.0,53637.0,57229.0,58899.0,526043.0,151655.0,744497.0,34960.0
2020-05-31,163845.0,50367.0,54658.0,57035.0,563856.0,135448.0,777136.0,32639.0
2020-06-01,150375.0,46728.0,51437.0,55361.0,599493.0,122209.0,806933.0,29797.0
2020-06-02,137181.0,42975.0,48254.0,52189.0,634820.0,110562.0,834004.0,27071.0
2020-06-03,124628.0,39715.0,44924.0,49538.0,667349.0,100811.0,858865.0,24861.0
2020-06-04,112840.0,35819.0,41374.0,46085.0,698387.0,92795.0,881188.0,22323.0
2020-06-05,100769.0,32705.0,37811.0,42906.0,727322.0,86609.0,901700.0,20512.0
2020-06-06,90528.0,29220.0,34600.0,39572.0,753953.0,80319.0,919734.0,18034.0
2020-06-07,80685.0,26293.0,31592.0,36372.0,777773.0,75442.0,935952.0,16218.0
2020-06-08,71938.0,23561.0,28240.0,32783.0,799647.0,70879.0,950534.0,14582.0
2020-06-09,64147.0,21221.0,25665.0,29929.0,819279.0,67283.0,963612.0,13078.0
2020-06-10,56654.0,18962.0,22907.0,27293.0,836224.0,64162.0,975317.0,11705.0
2020-06-11,50194.0,16819.0,20491.0,24222.0,854160.0,62056.0,985480.0,10163.0
2020-06-12,44584.0,14715.0,18241.0,21788.0,869348.0,59792.0,994390.0,8910.0
2020-06-13,39129.0,13207.0,16038.0,19613.0,881134.0,57570.0,1002359.0,7969.0
2020-06-14,34724.0,11679.0,14145.0,17535.0,892063.0,55984.0,1009369.0,7010.0
2020-06-15,30661.0,10408.0,12527.0,15365.0,902650.0,54612.0,1015603.0,6234.0
2020-06-16,26877.0,9178.0,11225.0,13875.0,912309.0,53163.0,1021181.0,5578.0
2020-06-17,23513.0,8092.0,10096.0,12417.0,920720.0,52248.0,1026118.0,4937.0
2020-06-18,20586.0,7022.0,8763.0,11055.0,927408.0,51384.0,1030276.0,4158.0
2020-06-19,18330.0,6212.0,7656.0,9638.0,934012.0,50659.0,1033886.0,3610.0
2020-06-20,16132.0,5607.0,6812.0,8431.0,940043.0,50019.0,1037193.0,3307.0
2020-06-21,14081.0,4939.0,6017.0,7280.0,944090.0,49560.0,1040087.0,2894.0
2020-06-22,12384.0,4299.0,5333.0,6532.0,948839.0,49071.0,1042612.0,2525.0
2020-06-23,10955.0,3753.0,4761.0,5823.0,953729.0,48267.0,1044787.0,2175.0
2020-06-24,9421.0,3235.0,4154.0,5169.0,957017.0,47832.0,1046773.0,1986.0
2020-06-25,8428.0,2825.0,3571.0,4564.0,959338.0,47364.0,1048493.0,1720.0
2020-06-26,7402.0,2557.0,3062.0,4062.0,961157.0,47289.0,1050030.0,1537.0
2020-06-27,6479.0,2225.0,2734.0,3495.0,965076.0,46966.0,1051339.0,1309.0
2020-06-28,5603.0,1953.0,2438.0,3053.0,966488.0,46735.0,1052517.0,1178.0
2020-06-29,4952.0,1616.0,2166.0,2653.0,968163.0,46644.0,1053543.0,1026.0
2020-06-30,4384.0,1512.0,1843.0,2272.0,969604.0,46627.0,1054408.0,865.0
2020-07-01,3850.0,1302.0,1618.0,2050.0,971448.0,46659.0,1055177.0,769.0
2020-07-02,3275.0,1216.0,1446.0,1796.0,973044.0,46258.0,1055949.0,772.0
2020-07-03,2908.0,984.0,1305.0,1614.0,975041.0,46081.0,1056538.0,589.0
2020-07-04,2516.0,882.0,1132.0,1353.0,976142.0,46401.0,1057073.0,535.0
2020-07-05,2163.0,760.0,978.0,1256.0,976227.0,46118.0,1057545.0,472.0
2020-07-06,1935.0,670.0,850.0,1096.0,976662.0,45945.0,1057934.0,389.0
