time,E,I1,I2,I3,R,S,cumI,diffI
2020-03-06,0.0,3.0,0.0,0.0,0.0,969668.0,0.0,0.0
2020-03-07,0.0,1.0,2.0,0.0,0.0,973168.0,1.0,1.0
2020-03-08,0.0,0.0,1.0,0.0,1.0,980370.0,1.0,0.0
2020-03-09,4.0,0.0,0.0,1.0,1.0,986974.0,1.0,0.0
2020-03-10,1.0,1.0,1.0,0.0,1.0,992980.0,3.0,2.0
2020-03-11,3.0,0.0,2.0,0.0,0.0,996390.0,3.0,0.0
2020-03-12,4.0,0.0,2.0,1.0,0.0,1001605.0,4.0,1.0
2020-03-13,4.0,1.0,1.0,1.0,1.0,1002946.0,5.0,1.0
2020-03-14,5.0,1.0,1.0,0.0,1.0,1005373.0,6.0,1.0
2020-03-15,5.0,1.0,0.0,0.0,2.0,1005335.0,7.0,1.0
2020-03-16,5.0,1.0,0.0,0.0,3.0,1007228.0,7.0,0.0
2020-03-17,5.0,3.0,1.0,0.0,4.0,1007638.0,9.0,2.0
2020-03-18,7.0,3.0,3.0,0.0,3.0,1008596.0,11.0,2.0
2020-03-19,12.0,2.0,1.0,1.0,4.0,1009775.0,11.0,0.0
2020-03-20,6.0,1.0,2.0,0.0,6.0,1011402.0,12.0,1.0
2020-03-21,10.0,1.0,4.0,0.0,4.0,1013203.0,14.0,2.0
2020-03-22,11.0,0.0,2.0,2.0,4.0,1014156.0,14.0,0.0
2020-03-23,16.0,2.0,2.0,1.0,4.0,1013558.0,16.0,2.0
2020-03-24,12.0,1.0,1.0,2.0,7.0,1013253.0,16.0,0.0
2020-03-25,15.0,1.0,1.0,1.0,7.0,1012360.0,17.0,1.0
2020-03-26,17.0,4.0,1.0,1.0,9.0,1013936.0,20.0,3.0
2020-03-27,21.0,2.0,5.0,1.0,14.0,1013623.0,22.0,2.0
2020-03-28,21.0,3.0,4.0,0.0,12.0,1014300.0,25.0,3.0
2020-03-29,21.0,4.0,2.0,0.0,14.0,1015944.0,29.0,4.0
2020-03-30,25.0,4.0,3.0,2.0,12.0,1016597.0,32.0,3.0
2020-03-31,30.0,4.0,7.0,1.0,14.0,1015985.0,34.0,2.0
2020-04-01,26.0,5.0,6.0,8.0,17.0,1016499.0,40.0,6.0
2020-04-02,49.0,3.0,10.0,5.0,24.0,1017514.0,43.0,3.0
2020-04-03,64.0,13.0,6.0,3.0,22.0,1016967.0,54.0,11.0
2020-04-04,73.0,14.0,7.0,6.0,24.0,1016491.0,65.0,11.0
2020-04-05,81.0,12.0,13.0,6.0,32.0,1018226.0,78.0,13.0
2020-04-06,94.0,21.0,13.0,10.0,42.0,1017988.0,96.0,18.0
2020-04-07,95.0,23.0,22.0,16.0,48.0,1017977.0,118.0,22.0
2020-04-08,121.0,22.0,15.0,16.0,64.0,1018646.0,135.0,17.0
2020-04-09,146.0,32.0,16.0,19.0,80.0,1017780.0,156.0,21.0
2020-04-10,182.0,32.0,29.0,18.0,89.0,1018537.0,177.0,21.0
2020-04-11,235.0,49.0,40.0,18.0,99.0,1017632.0,218.0,41.0
2020-04-12,268.0,58.0,38.0,31.0,111.0,1017931.0,275.0,57.0
2020-04-13,306.0,67.0,39.0,44.0,131.0,1018380.0,333.0,58.0
2020-04-14,348.0,78.0,52.0,48.0,154.0,1017763.0,397.0,64.0
2020-04-15,440.0,98.0,77.0,59.0,170.0,1017687.0,472.0,75.0
2020-04-16,557.0,143.0,83.0,73.0,209.0,1019081.0,571.0,99.0
2020-04-17,682.0,149.0,120.0,93.0,288.0,1018210.0,673.0,102.0
2020-04-18,845.0,177.0,146.0,109.0,362.0,1017801.0,825.0,152.0
2020-04-19,1060.0,185.0,171.0,130.0,420.0,1017315.0,982.0,157.0
2020-04-20,1242.0,233.0,217.0,150.0,529.0,1017033.0,1178.0,196.0
2020-04-21,1471.0,311.0,217.0,181.0,616.0,1016481.0,1408.0,230.0
2020-04-22,1767.0,409.0,304.0,225.0,732.0,1014420.0,1746.0,338.0
2020-04-23,2193.0,472.0,366.0,281.0,903.0,1015307.0,2117.0,371.0
2020-04-24,2723.0,611.0,440.0,318.0,1148.0,1015206.0,2593.0,476.0
2020-04-25,3277.0,689.0,556.0,415.0,1364.0,1013344.0,3136.0,543.0
2020-04-26,4032.0,844.0,682.0,480.0,1630.0,1012122.0,3771.0,635.0
2020-04-27,4888.0,980.0,847.0,612.0,1963.0,1010744.0,4585.0,814.0
2020-04-28,5751.0,1218.0,943.0,757.0,2343.0,1009737.0,5562.0,977.0
2020-04-29,6812.0,1376.0,1186.0,844.0,2793.0,1008063.0,6721.0,1159.0
2020-04-30,8098.0,1729.0,1297.0,1036.0,3395.0,1005258.0,8087.0,1366.0
2020-05-01,9699.0,2111.0,1555.0,1289.0,4101.0,1002661.0,9732.0,1645.0
2020-05-02,11846.0,2501.0,1884.0,1503.0,5052.0,998621.0,11678.0,1946.0
2020-05-03,14107.0,2986.0,2392.0,1772.0,6117.0,994920.0,14043.0,2365.0
2020-05-04,17071.0,3455.0,2893.0,2134.0,7394.0,989691.0,16758.0,2715.0
2020-05-05,20512.0,4240.0,3384.0,2566.0,8918.0,983071.0,20069.0,3311.0
2020-05-06,24339.0,5190.0,4001.0,3029.0,10707.0,975382.0,24223.0,4154.0
2020-05-07,28715.0,6197.0,4868.0,3591.0,12849.0,966354.0,29153.0,4930.0
2020-05-08,34374.0,7258.0,5803.0,4468.0,15400.0,954703.0,34870.0,5717.0
2020-05-09,40752.0,8919.0,6791.0,5232.0,18595.0,943389.0,41856.0,6986.0
2020-05-10,48284.0,10460.0,8205.0,6141.0,22167.0,928466.0,49857.0,8001.0
2020-05-11,57271.0,12222.0,9604.0,7577.0,26693.0,910335.0,59397.0,9540.0
2020-05-12,66882.0,14681.0,11413.0,8894.0,32056.0,888729.0,70806.0,11409.0
2020-05-13,78594.0,17170.0,13845.0,10663.0,38672.0,865337.0,84208.0,13402.0
2020-05-14,91154.0,20023.0,16180.0,12735.0,46256.0,837918.0,99713.0,15505.0
2020-05-15,105875.0,23529.0,18838.0,14944.0,55332.0,806527.0,117764.0,18051.0
2020-05-16,121120.0,27329.0,21879.0,17643.0,65653.0,771373.0,138713.0,20949.0
2020-05-17,136781.0,31315.0,25139.0,20581.0,78071.0,732028.0,162536.0,23823.0
2020-05-18,153651.0,35570.0,29197.0,23558.0,91961.0,690923.0,189382.0,26846.0
2020-05-19,169624.0,39615.0,32952.0,27300.0,108177.0,646620.0,218971.0,29589.0
2020-05-20,185639.0,44258.0,37685.0,31097.0,127009.0,597887.0,252286.0,33315.0
2020-05-21,200844.0,48222.0,41830.0,35288.0,148350.0,548880.0,287997.0,35711.0
2020-05-22,212674.0,52190.0,46001.0,39516.0,172613.0,500240.0,326541.0,38544.0
2020-05-23,222786.0,55966.0,49720.0,43280.0,199287.0,452908.0,367141.0,40600.0
2020-05-24,230084.0,59151.0,53386.0,47404.0,228680.0,404883.0,409658.0,42517.0
2020-05-25,233825.0,61174.0,56878.0,50879.0,260682.0,360955.0,453310.0,43652.0
2020-05-26,234168.0,62734.0,59012.0,54765.0,294627.0,319752.0,497275.0,43965.0
2020-05-27,230887.0,63072.0,61130.0,56879.0,330650.0,281630.0,540961.0,43686.0
2020-05-28,224361.0,62623.0,61824.0,58615.0,368983.0,248240.0,584131.0,43170.0
2020-05-29,215338.0,61530.0,61705.0,59926.0,408717.0,217989.0,625529.0,41398.0
2020-05-30,204346.0,59549.0,61175.0,60740.0,447336.0,192173.0,665304.0,39775.0
2020-05-31,192234.0,56602.0,59352.0,60911.0,486827.0,169343.0,702861.0,37557.0
2020-06-01,178608.0,53868.0,57423.0,59167.0,526157.0,150288.0,738072.0,35211.0
2020-06-02,164429.0,50929.0,54486.0,57636.0,563057.0,133834.0,770748.0,32676.0
2020-06-03,150444.0,47213.0,51511.0,55691.0,599248.0,119908.0,801014.0,30266.0
2020-06-04,137099.0,43417.0,48640.0,52644.0,635417.0,108369.0,828700.0,27686.0
2020-06-05,123895.0,39612.0,44634.0,49677.0,669071.0,98790.0,853357.0,24657.0
2020-06-06,112342.0,35866.0,41337.0,45880.0,700291.0,90603.0,875781.0,22424.0
2020-06-07,100689.0,32729.0,37421.0,43087.0,729534.0,83672.0,896089.0,20308.0
2020-06-08,90181.0,29632.0,34456.0,39239.0,755793.0,77780.0,914548.0,18459.0
2020-06-09,80071.0,26394.0,30993.0,35940.0,779738.0,73273.0,930629.0,16081.0
2020-06-10,71239.0,23304.0,27931.0,32852.0,804146.0,69200.0,944928.0,14299.0
2020-06-11,62933.0,21087.0,25027.0,29915.0,824686.0,65722.0,957726.0,12798.0
2020-06-12,55663.0,18741.0,22531.0,26844.0,842544.0,62430.0,969145.0,11419.0
2020-06-13,48697.0,16663.0,19884.0,24023.0,858826.0,59742.0,979231.0,10086.0
2020-06-14,42916.0,14580.0,17695.0,21653.0,871817.0,57440.0,988003.0,8772.0
2020-06-15,37951.0,12860.0,15712.0,19113.0,885526.0,55552.0,995669.0,7666.0
2020-06-16,33388.0,11358.0,13866.0,16985.0,898718.0,54395.0,1002406.0,6737.0
2020-06-17,29446.0,10017.0,12237.0,15162.0,909141.0,52921.0,1008391.0,5985.0
2020-06-18,25835.0,8883.0,10905.0,13369.0,917899.0,51756.0,1013703.0,5312.0
2020-06-19,22706.0,7777.0,9695.0,11839.0,925749.0,50882.0,1018326.0,4623.0
2020-06-20,19859.0,6895.0,8435.0,10403.0,932633.0,49983.0,1022404.0,4078.0
2020-06-21,17377.0,5878.0,7387.0,9190.0,937933.0,49550.0,1025868.0,3464.0
2020-06-22,15386.0,5224.0,6502.0,8083.0,944463.0,48834.0,1028987.0,3119.0
2020-06-23,13399.0,4498.0,5673.0,7134.0,948139.0,48161.0,1031672.0,2685.0
2020-06-24,11701.0,3952.0,4997.0,6346.0,952027.0,47856.0,1034043.0,2371.0
2020-06-25,10237.0,3510.0,4410.0,5524.0,955025.0,47194.0,1036085.0,2042.0
2020-06-26,8930.0,3117.0,3837.0,4826.0,959391.0,46597.0,1037979.0,1894.0
2020-06-27,7857.0,2592.0,3315.0,4158.0,963135.0,46381.0,1039476.0,1497.0
2020-06-28,6774.0,2383.0,2941.0,3740.0,965993.0,45937.0,1040914.0,1438.0
2020-06-29,5919.0,1998.0,2599.0,3216.0,967666.0,45732.0,1042064.0,1150.0
2020-06-30,5196.0,1768.0,2252.0,2945.0,969680.0,45642.0,1043131.0,1067.0
2020-07-01,4493.0,1545.0,2018.0,2446.0,972309.0,45677.0,1044081.0,950.0
2020-07-02,3924.0,1332.0,1715.0,2156.0,973110.0,45629.0,1044875.0,794.0
2020-07-03,3404.0,1211.0,1504.0,1869.0,976123.0,45495.0,1045592.0,717.0
2020-07-04,2978.0,1056.0,1335.0,1639.0,976993.0,45381.0,1046237.0,645.0
2020-07-05,2638.0,898.0,1169.0,1420.0,977464.0,45273.0,1046760.0,523.0
2020-07-06,2311.0,783.0,990.0,1205.0,979020.0,45141.0,1047225.0,465.0
