time,E,I1,I2,I3,R,S,cumI,diffI
2020-03-06,1.0,1.0,2.0,0.0,0.0,970282.0,0.0,0.0
2020-03-07,1.0,1.0,2.0,0.0,0.0,973646.0,0.0,0.0
2020-03-08,4.0,1.0,1.0,0.0,0.0,979272.0,0.0,0.0
2020-03-09,4.0,0.0,1.0,0.0,0.0,986818.0,0.0,0.0
2020-03-10,3.0,0.0,1.0,1.0,0.0,993559.0,1.0,1.0
2020-03-11,3.0,0.0,1.0,1.0,0.0,998224.0,1.0,0.0
2020-03-12,4.0,2.0,0.0,0.0,0.0,1000728.0,2.0,1.0
2020-03-13,7.0,3.0,1.0,0.0,0.0,1002797.0,3.0,1.0
2020-03-14,7.0,1.0,2.0,1.0,1.0,1005412.0,4.0,1.0
2020-03-15,10.0,1.0,3.0,1.0,1.0,1007039.0,7.0,3.0
2020-03-16,11.0,1.0,2.0,1.0,3.0,1007982.0,8.0,1.0
2020-03-17,11.0,2.0,1.0,1.0,3.0,1008655.0,12.0,4.0
2020-03-18,6.0,2.0,0.0,1.0,4.0,1010126.0,12.0,0.0
2020-03-19,6.0,3.0,1.0,2.0,5.0,1011949.0,15.0,3.0
2020-03-20,6.0,1.0,1.0,1.0,4.0,1011728.0,16.0,1.0
2020-03-21,5.0,3.0,1.0,2.0,4.0,1012323.0,19.0,3.0
2020-03-22,7.0,1.0,2.0,0.0,5.0,1012286.0,21.0,2.0
2020-03-23,6.0,2.0,1.0,1.0,5.0,1013604.0,21.0,0.0
2020-03-24,7.0,4.0,2.0,0.0,5.0,1014603.0,23.0,2.0
2020-03-25,6.0,3.0,4.0,1.0,3.0,1013945.0,24.0,1.0
2020-03-26,10.0,2.0,4.0,1.0,8.0,1015636.0,24.0,0.0
2020-03-27,18.0,2.0,2.0,2.0,8.0,1015920.0,24.0,0.0
2020-03-28,21.0,4.0,1.0,2.0,10.0,1015421.0,28.0,4.0
2020-03-29,22.0,4.0,4.0,0.0,12.0,1015547.0,33.0,5.0
2020-03-30,31.0,5.0,4.0,1.0,13.0,1014759.0,35.0,2.0
2020-03-31,23.0,7.0,1.0,5.0,14.0,1015647.0,39.0,4.0
2020-04-01,35.0,10.0,5.0,8.0,20.0,1015685.0,48.0,9.0
2020-04-02,35.0,11.0,10.0,6.0,27.0,1015381.0,58.0,10.0
2020-04-03,59.0,13.0,10.0,8.0,30.0,1016342.0,64.0,6.0
2020-04-04,53.0,17.0,8.0,10.0,31.0,1017269.0,74.0,10.0
2020-04-05,67.0,6.0,9.0,8.0,37.0,1017648.0,80.0,6.0
2020-04-06,75.0,19.0,7.0,7.0,49.0,1017256.0,94.0,14.0
2020-04-07,99.0,25.0,9.0,10.0,42.0,1018339.0,113.0,19.0
2020-04-08,122.0,23.0,13.0,15.0,43.0,1018222.0,133.0,20.0
2020-04-09,142.0,31.0,27.0,17.0,71.0,1018683.0,162.0,29.0
2020-04-10,181.0,32.0,34.0,28.0,78.0,1017824.0,193.0,31.0
2020-04-11,226.0,36.0,38.0,26.0,99.0,1020556.0,224.0,31.0
2020-04-12,274.0,63.0,35.0,31.0,116.0,1019268.0,267.0,43.0
2020-04-13,300.0,75.0,45.0,38.0,132.0,1020475.0,322.0,55.0
2020-04-14,353.0,95.0,66.0,53.0,145.0,1019510.0,399.0,77.0
2020-04-15,457.0,102.0,62.0,77.0,171.0,1019013.0,475.0,76.0
2020-04-16,554.0,108.0,84.0,67.0,216.0,1019187.0,556.0,81.0
2020-04-17,656.0,129.0,92.0,79.0,259.0,1019414.0,653.0,97.0
2020-04-18,750.0,148.0,97.0,90.0,324.0,1019100.0,773.0,120.0
2020-04-19,857.0,190.0,131.0,116.0,388.0,1017533.0,932.0,159.0
2020-04-20,1026.0,221.0,164.0,126.0,482.0,1017112.0,1104.0,172.0
2020-04-21,1259.0,283.0,189.0,171.0,555.0,1018992.0,1323.0,219.0
2020-04-22,1518.0,333.0,264.0,194.0,653.0,1018859.0,1602.0,279.0
2020-04-23,1883.0,398.0,305.0,231.0,789.0,1018010.0,1886.0,284.0
2020-04-24,2248.0,480.0,369.0,305.0,925.0,1016426.0,2270.0,384.0
2020-04-25,2781.0,600.0,473.0,316.0,1137.0,1017051.0,2749.0,479.0
2020-04-26,3362.0,680.0,551.0,415.0,1386.0,1016376.0,3287.0,538.0
2020-04-27,4045.0,805.0,697.0,434.0,1745.0,1015328.0,3941.0,654.0
2020-04-28,4805.0,966.0,791.0,601.0,2043.0,1014359.0,4720.0,779.0
2020-04-29,5783.0,1261.0,991.0,622.0,2480.0,1013094.0,5672.0,952.0
2020-04-30,6930.0,1504.0,1186.0,822.0,3033.0,1011066.0,6853.0,1181.0
2020-05-01,8468.0,1838.0,1351.0,1044.0,3670.0,1007529.0,8274.0,1421.0
2020-05-02,10264.0,2158.0,1625.0,1237.0,4392.0,1002937.0,9989.0,1715.0
2020-05-03,12119.0,2567.0,1969.0,1595.0,5347.0,999478.0,12016.0,2027.0
2020-05-04,14609.0,3057.0,2390.0,1935.0,6393.0,994396.0,14436.0,2420.0
2020-05-05,17667.0,3707.0,2835.0,2271.0,7721.0,988177.0,17359.0,2923.0
2020-05-06,21070.0,4523.0,3377.0,2692.0,9317.0,981562.0,20894.0,3535.0
2020-05-07,24925.0,5376.0,4181.0,3117.0,11246.0,974169.0,25113.0,4219.0
2020-05-08,29777.0,6369.0,5029.0,3774.0,13354.0,964088.0,30146.0,5033.0
2020-05-09,35230.0,7551.0,5939.0,4583.0,15928.0,953231.0,36081.0,5935.0
2020-05-10,42007.0,8895.0,7091.0,5636.0,19095.0,941194.0,43125.0,7044.0
2020-05-11,49976.0,10964.0,8412.0,6616.0,23155.0,925842.0,51710.0,8585.0
2020-05-12,59178.0,12866.0,10097.0,7909.0,27704.0,907798.0,61662.0,9952.0
2020-05-13,69546.0,15160.0,11825.0,9538.0,33213.0,888016.0,73471.0,11809.0
2020-05-14,81083.0,17819.0,13957.0,11359.0,39719.0,862379.0,87434.0,13963.0
2020-05-15,94070.0,20836.0,16605.0,13383.0,47712.0,832758.0,103507.0,16073.0
2020-05-16,108406.0,24297.0,19347.0,15638.0,56576.0,800723.0,122179.0,18672.0
2020-05-17,123342.0,27797.0,22519.0,18041.0,67490.0,764569.0,143597.0,21418.0
2020-05-18,138681.0,31569.0,26147.0,21192.0,79980.0,726434.0,167835.0,24238.0
2020-05-19,155397.0,35469.0,29701.0,24379.0,94505.0,684590.0,194729.0,26894.0
2020-05-20,171237.0,40194.0,33485.0,27895.0,111306.0,639998.0,224995.0,30266.0
2020-05-21,187511.0,44515.0,37989.0,31448.0,130216.0,593091.0,258146.0,33151.0
2020-05-22,201805.0,48758.0,42079.0,35614.0,152189.0,545118.0,294579.0,36433.0
2020-05-23,214872.0,52776.0,46583.0,39873.0,176862.0,496234.0,333291.0,38712.0
2020-05-24,224693.0,56106.0,50176.0,43773.0,203463.0,448283.0,374079.0,40788.0
2020-05-25,231278.0,58933.0,53978.0,47683.0,232894.0,401434.0,416523.0,42444.0
2020-05-26,234747.0,61113.0,57253.0,51256.0,265590.0,357774.0,460463.0,43940.0
2020-05-27,234523.0,62630.0,59542.0,54637.0,299506.0,316558.0,504225.0,43762.0
2020-05-28,230672.0,62713.0,61094.0,57401.0,335243.0,278857.0,547626.0,43401.0
2020-05-29,223703.0,62311.0,61610.0,59541.0,372267.0,246189.0,590170.0,42544.0
2020-05-30,214862.0,61260.0,61684.0,60279.0,411442.0,216707.0,631471.0,41301.0
2020-05-31,203909.0,59276.0,61115.0,60916.0,450452.0,190971.0,671152.0,39681.0
2020-06-01,191343.0,57188.0,58873.0,60902.0,490150.0,168915.0,708791.0,37639.0
2020-06-02,177297.0,53941.0,57138.0,59480.0,528704.0,150190.0,743692.0,34901.0
2020-06-03,164121.0,50400.0,54529.0,57470.0,566733.0,133830.0,776130.0,32438.0
2020-06-04,149882.0,46820.0,51464.0,55363.0,602857.0,120474.0,806076.0,29946.0
2020-06-05,135922.0,43214.0,47956.0,52185.0,637856.0,108837.0,833420.0,27344.0
2020-06-06,123182.0,39303.0,44726.0,49081.0,670641.0,99307.0,857948.0,24528.0
2020-06-07,111210.0,36166.0,40955.0,45940.0,701076.0,91241.0,880411.0,22463.0
2020-06-08,100117.0,32518.0,37579.0,42816.0,729521.0,84053.0,900508.0,20097.0
2020-06-09,89556.0,29293.0,34478.0,39168.0,755432.0,78455.0,918637.0,18129.0
2020-06-10,79821.0,26213.0,30880.0,36224.0,780566.0,73395.0,934653.0,16016.0
2020-06-11,70901.0,23353.0,27952.0,32772.0,803112.0,69087.0,948987.0,14334.0
2020-06-12,62906.0,20999.0,25091.0,29793.0,823788.0,65491.0,961592.0,12605.0
2020-06-13,55640.0,18619.0,22293.0,26959.0,841883.0,62514.0,972851.0,11259.0
2020-06-14,48949.0,16537.0,20012.0,24065.0,857293.0,60494.0,982920.0,10069.0
2020-06-15,43044.0,14598.0,17819.0,21671.0,872542.0,58514.0,991731.0,8811.0
2020-06-16,38119.0,12885.0,15924.0,19258.0,885005.0,56354.0,999539.0,7808.0
2020-06-17,33592.0,11227.0,14129.0,17107.0,895773.0,55087.0,1006285.0,6746.0
2020-06-18,29667.0,10196.0,12294.0,15035.0,905927.0,53484.0,1012374.0,6089.0
2020-06-19,26162.0,8887.0,10856.0,13340.0,915344.0,52273.0,1017682.0,5308.0
2020-06-20,22996.0,7880.0,9578.0,11835.0,924534.0,51422.0,1022308.0,4626.0
2020-06-21,19900.0,6776.0,8546.0,10586.0,931293.0,50493.0,1026481.0,4173.0
2020-06-22,17564.0,6064.0,7347.0,9287.0,938050.0,49687.0,1030110.0,3629.0
2020-06-23,15361.0,5256.0,6596.0,8150.0,943073.0,49217.0,1033311.0,3201.0
2020-06-24,13514.0,4646.0,5794.0,7027.0,948254.0,48636.0,1036050.0,2739.0
2020-06-25,11873.0,4049.0,4998.0,6325.0,952436.0,48175.0,1038373.0,2323.0
2020-06-26,10211.0,3547.0,4343.0,5527.0,955510.0,47537.0,1040518.0,2145.0
2020-06-27,9057.0,3032.0,3918.0,4803.0,959680.0,47222.0,1042332.0,1814.0
2020-06-28,7871.0,2677.0,3404.0,4354.0,962440.0,47135.0,1043958.0,1626.0
2020-06-29,6894.0,2409.0,2883.0,3709.0,965518.0,46707.0,1045396.0,1438.0
2020-06-30,5978.0,2054.0,2513.0,3284.0,968647.0,46475.0,1046599.0,1203.0
2020-07-01,5232.0,1889.0,2227.0,2842.0,969523.0,46231.0,1047733.0,1134.0
2020-07-02,4561.0,1584.0,1938.0,2569.0,970944.0,46156.0,1048639.0,906.0
2020-07-03,4026.0,1347.0,1728.0,2221.0,972512.0,46293.0,1049449.0,810.0
2020-07-04,3483.0,1290.0,1531.0,1935.0,974479.0,45873.0,1050218.0,769.0
2020-07-05,3049.0,1062.0,1336.0,1717.0,976035.0,45661.0,1050825.0,607.0
2020-07-06,2701.0,901.0,1228.0,1404.0,976257.0,45790.0,1051389.0,564.0
