time,E,I1,I2,I3,R,S,cumI,diffI
2020-03-06,0.0,3.0,0.0,0.0,0.0,970067.0,0.0,0.0
2020-03-07,3.0,0.0,2.0,0.0,0.0,973410.0,0.0,0.0
2020-03-08,6.0,0.0,1.0,0.0,0.0,980701.0,0.0,0.0
2020-03-09,5.0,0.0,0.0,0.0,1.0,986196.0,0.0,0.0
2020-03-10,6.0,0.0,0.0,0.0,0.0,992475.0,0.0,0.0
2020-03-11,4.0,0.0,1.0,0.0,0.0,997485.0,1.0,1.0
2020-03-12,2.0,0.0,1.0,0.0,0.0,1002766.0,1.0,0.0
2020-03-13,1.0,0.0,0.0,0.0,0.0,1004553.0,1.0,0.0
2020-03-14,3.0,0.0,0.0,0.0,0.0,1005191.0,1.0,0.0
2020-03-15,1.0,0.0,0.0,0.0,0.0,1006589.0,3.0,2.0
2020-03-16,2.0,1.0,0.0,0.0,0.0,1007287.0,4.0,1.0
2020-03-17,3.0,0.0,3.0,0.0,0.0,1009288.0,6.0,2.0
2020-03-18,2.0,2.0,0.0,1.0,1.0,1008840.0,8.0,2.0
2020-03-19,7.0,4.0,0.0,1.0,1.0,1010177.0,10.0,2.0
2020-03-20,9.0,3.0,2.0,2.0,1.0,1012065.0,14.0,4.0
2020-03-21,12.0,2.0,1.0,2.0,1.0,1013386.0,14.0,0.0
2020-03-22,10.0,3.0,4.0,1.0,2.0,1014727.0,17.0,3.0
2020-03-23,13.0,4.0,4.0,1.0,2.0,1014274.0,19.0,2.0
2020-03-24,13.0,3.0,3.0,3.0,6.0,1015286.0,22.0,3.0
2020-03-25,17.0,2.0,1.0,5.0,8.0,1015518.0,22.0,0.0
2020-03-26,26.0,7.0,1.0,2.0,11.0,1014978.0,26.0,4.0
2020-03-27,31.0,9.0,5.0,3.0,12.0,1015087.0,35.0,9.0
2020-03-28,41.0,12.0,5.0,3.0,14.0,1015765.0,42.0,7.0
2020-03-29,46.0,5.0,12.0,3.0,18.0,1016069.0,47.0,5.0
2020-03-30,52.0,7.0,10.0,8.0,20.0,1015982.0,56.0,9.0
2020-03-31,59.0,12.0,10.0,10.0,22.0,1016178.0,70.0,14.0
2020-04-01,62.0,10.0,10.0,13.0,32.0,1014801.0,76.0,6.0
2020-04-02,68.0,19.0,9.0,13.0,42.0,1015620.0,94.0,18.0
2020-04-03,86.0,23.0,12.0,14.0,51.0,1017069.0,112.0,18.0
2020-04-04,110.0,22.0,16.0,19.0,53.0,1017773.0,134.0,22.0
2020-04-05,123.0,23.0,22.0,17.0,57.0,1017270.0,153.0,19.0
2020-04-06,154.0,29.0,27.0,23.0,54.0,1017820.0,173.0,20.0
2020-04-07,203.0,44.0,32.0,29.0,85.0,1017359.0,209.0,36.0
2020-04-08,255.0,49.0,47.0,28.0,90.0,1016527.0,245.0,36.0
2020-04-09,289.0,64.0,51.0,34.0,117.0,1018310.0,298.0,53.0
2020-04-10,355.0,77.0,49.0,40.0,150.0,1017332.0,358.0,60.0
2020-04-11,397.0,76.0,53.0,53.0,177.0,1017734.0,422.0,64.0
2020-04-12,476.0,100.0,72.0,52.0,228.0,1017063.0,507.0,85.0
2020-04-13,571.0,128.0,79.0,82.0,231.0,1016842.0,611.0,104.0
2020-04-14,695.0,158.0,112.0,85.0,281.0,1015947.0,732.0,121.0
2020-04-15,835.0,185.0,138.0,98.0,357.0,1015663.0,878.0,146.0
2020-04-16,987.0,231.0,165.0,131.0,431.0,1014519.0,1053.0,175.0
2020-04-17,1199.0,265.0,191.0,160.0,497.0,1015346.0,1266.0,213.0
2020-04-18,1357.0,323.0,218.0,182.0,606.0,1014965.0,1521.0,255.0
2020-04-19,1666.0,351.0,245.0,222.0,745.0,1016387.0,1779.0,258.0
2020-04-20,2044.0,448.0,309.0,243.0,871.0,1016636.0,2120.0,341.0
2020-04-21,2364.0,529.0,397.0,300.0,1004.0,1015685.0,2530.0,410.0
2020-04-22,2917.0,609.0,497.0,388.0,1231.0,1014571.0,2989.0,459.0
2020-04-23,3564.0,769.0,584.0,435.0,1481.0,1013425.0,3582.0,593.0
2020-04-24,4208.0,893.0,661.0,533.0,1765.0,1012290.0,4277.0,695.0
2020-04-25,5054.0,1073.0,800.0,611.0,2124.0,1010003.0,5136.0,859.0
2020-04-26,6101.0,1343.0,958.0,729.0,2642.0,1007905.0,6160.0,1024.0
2020-04-27,7197.0,1548.0,1101.0,888.0,3156.0,1007500.0,7358.0,1198.0
2020-04-28,8568.0,1801.0,1379.0,1040.0,3741.0,1003546.0,8781.0,1423.0
2020-04-29,10252.0,2173.0,1653.0,1285.0,4434.0,1001415.0,10479.0,1698.0
2020-04-30,12251.0,2699.0,1997.0,1557.0,5330.0,997438.0,12597.0,2118.0
2020-05-01,14727.0,3124.0,2476.0,1830.0,6452.0,993833.0,15060.0,2463.0
2020-05-02,17760.0,3783.0,2958.0,2305.0,7620.0,987109.0,17956.0,2896.0
2020-05-03,21035.0,4560.0,3513.0,2715.0,9176.0,981572.0,21571.0,3615.0
2020-05-04,25332.0,5422.0,4294.0,3272.0,11173.0,973134.0,25846.0,4275.0
2020-05-05,30182.0,6410.0,5021.0,3967.0,13576.0,963490.0,30928.0,5082.0
2020-05-06,35969.0,7677.0,6045.0,4721.0,16281.0,951368.0,37009.0,6081.0
2020-05-07,42988.0,9026.0,7146.0,5661.0,19468.0,937741.0,44073.0,7064.0
2020-05-08,50536.0,10938.0,8617.0,6710.0,23243.0,920798.0,52635.0,8562.0
2020-05-09,59641.0,12721.0,10292.0,7904.0,28077.0,902937.0,62513.0,9878.0
2020-05-10,70230.0,15490.0,11840.0,9488.0,33783.0,882535.0,74402.0,11889.0
2020-05-11,81495.0,18079.0,14084.0,11152.0,40162.0,857852.0,88444.0,14042.0
2020-05-12,94472.0,20759.0,16625.0,13149.0,47978.0,829803.0,104359.0,15915.0
2020-05-13,108529.0,23967.0,19432.0,15370.0,56598.0,798919.0,122951.0,18592.0
2020-05-14,123419.0,27721.0,22762.0,18153.0,67339.0,764007.0,144230.0,21279.0
2020-05-15,139580.0,31638.0,25992.0,21170.0,79905.0,725943.0,168340.0,24110.0
2020-05-16,156171.0,35510.0,30085.0,24709.0,94440.0,682993.0,195427.0,27087.0
2020-05-17,172930.0,40466.0,33726.0,28079.0,111455.0,638748.0,225584.0,30157.0
2020-05-18,188742.0,44896.0,38317.0,31589.0,130878.0,590883.0,259263.0,33679.0
2020-05-19,203289.0,48953.0,42267.0,35772.0,152501.0,541834.0,295562.0,36299.0
2020-05-20,214691.0,52974.0,46357.0,40035.0,176452.0,494583.0,334549.0,38987.0
2020-05-21,224309.0,56475.0,50229.0,44294.0,202788.0,447032.0,375937.0,41388.0
2020-05-22,230481.0,58840.0,53877.0,47681.0,232206.0,401216.0,418594.0,42657.0
2020-05-23,233449.0,61011.0,57157.0,51097.0,264605.0,357293.0,462085.0,43491.0
2020-05-24,233407.0,62309.0,59516.0,54562.0,299013.0,316368.0,506027.0,43942.0
2020-05-25,230102.0,62896.0,60610.0,57592.0,334088.0,279990.0,549482.0,43455.0
2020-05-26,224233.0,62493.0,61393.0,58886.0,371933.0,246745.0,592152.0,42670.0
2020-05-27,214342.0,61145.0,61662.0,60127.0,410579.0,217199.0,633457.0,41305.0
2020-05-28,203418.0,59402.0,60585.0,60775.0,449091.0,192204.0,672855.0,39398.0
2020-05-29,190930.0,57191.0,59158.0,59924.0,488093.0,169937.0,710564.0,37709.0
2020-05-30,176969.0,53832.0,57324.0,58833.0,526330.0,151464.0,745440.0,34876.0
2020-05-31,164170.0,50379.0,54684.0,57191.0,563589.0,135826.0,778044.0,32604.0
2020-06-01,150501.0,47226.0,51288.0,55476.0,598395.0,122536.0,808127.0,30083.0
2020-06-02,137331.0,43216.0,48255.0,52581.0,632110.0,110869.0,835427.0,27300.0
2020-06-03,124599.0,39748.0,44778.0,49577.0,665515.0,101386.0,860366.0,24939.0
2020-06-04,112791.0,35952.0,41309.0,46625.0,696845.0,93154.0,882824.0,22458.0
2020-06-05,101294.0,32487.0,38033.0,43149.0,725126.0,85910.0,903140.0,20316.0
2020-06-06,90578.0,29168.0,34652.0,39864.0,751631.0,80394.0,921366.0,18226.0
2020-06-07,81139.0,26594.0,31268.0,36570.0,775744.0,75562.0,937803.0,16437.0
2020-06-08,72118.0,23866.0,28493.0,33164.0,797132.0,71610.0,952719.0,14916.0
2020-06-09,64311.0,21404.0,25347.0,30051.0,817329.0,68133.0,965634.0,12915.0
2020-06-10,56744.0,19294.0,22848.0,27055.0,835655.0,65499.0,977317.0,11683.0
2020-06-11,50373.0,16959.0,20553.0,24578.0,850881.0,62844.0,987550.0,10233.0
2020-06-12,44725.0,15002.0,18408.0,22219.0,865022.0,60458.0,996809.0,9259.0
2020-06-13,39543.0,13453.0,16450.0,19917.0,878364.0,58019.0,1004953.0,8144.0
2020-06-14,34948.0,11892.0,14394.0,17667.0,890780.0,56597.0,1012148.0,7195.0
2020-06-15,30701.0,10462.0,12863.0,15518.0,900613.0,55467.0,1018454.0,6306.0
2020-06-16,27001.0,9217.0,11319.0,13938.0,910625.0,54035.0,1023961.0,5507.0
2020-06-17,23910.0,8187.0,9965.0,12329.0,918962.0,52983.0,1028780.0,4819.0
2020-06-18,21133.0,7201.0,8918.0,10890.0,927323.0,52120.0,1033055.0,4275.0
2020-06-19,18745.0,6287.0,7558.0,9659.0,933867.0,51057.0,1036746.0,3691.0
2020-06-20,16358.0,5685.0,6826.0,8374.0,939929.0,50680.0,1040256.0,3510.0
2020-06-21,14302.0,4975.0,6082.0,7434.0,944894.0,50181.0,1043193.0,2937.0
2020-06-22,12696.0,4346.0,5501.0,6566.0,949041.0,49884.0,1045794.0,2601.0
2020-06-23,11065.0,3789.0,4881.0,5868.0,952907.0,49166.0,1048074.0,2280.0
2020-06-24,9759.0,3346.0,4260.0,5245.0,957243.0,48725.0,1050037.0,1963.0
2020-06-25,8608.0,2975.0,3669.0,4761.0,958822.0,48492.0,1051772.0,1735.0
2020-06-26,7676.0,2567.0,3200.0,4039.0,961970.0,48056.0,1053279.0,1507.0
2020-06-27,6732.0,2256.0,2751.0,3558.0,964562.0,47551.0,1054615.0,1336.0
2020-06-28,5809.0,1968.0,2430.0,3170.0,966640.0,47330.0,1055761.0,1146.0
2020-06-29,5165.0,1781.0,2100.0,2802.0,969388.0,47213.0,1056780.0,1019.0
2020-06-30,4543.0,1509.0,1878.0,2390.0,970413.0,47018.0,1057708.0,928.0
2020-07-01,3918.0,1344.0,1589.0,2100.0,972695.0,47023.0,1058524.0,816.0
2020-07-02,3422.0,1170.0,1421.0,1845.0,975268.0,47084.0,1059239.0,715.0
2020-07-03,3006.0,1065.0,1296.0,1545.0,975712.0,46993.0,1059839.0,600.0
2020-07-04,2622.0,968.0,1165.0,1381.0,976546.0,46664.0,1060399.0,560.0
2020-07-05,2295.0,807.0,1071.0,1246.0,978292.0,46317.0,1060873.0,474.0
2020-07-06,1998.0,686.0,929.0,1201.0,979704.0,46400.0,1061296.0,423.0
