time,E,I1,I2,I3,R,S,cumI,diffI
2020-03-06,0.0,2.0,0.0,0.0,0.0,970117.0,0.0,0.0
2020-03-07,0.0,1.0,0.0,0.0,0.0,973088.0,0.0,0.0
2020-03-08,1.0,0.0,0.0,0.0,0.0,979849.0,0.0,0.0
2020-03-09,1.0,1.0,0.0,0.0,0.0,986432.0,0.0,0.0
2020-03-10,1.0,0.0,0.0,0.0,0.0,991948.0,0.0,0.0
2020-03-11,1.0,0.0,0.0,0.0,0.0,996606.0,0.0,0.0
2020-03-12,1.0,0.0,0.0,0.0,0.0,998914.0,0.0,0.0
2020-03-13,2.0,0.0,0.0,0.0,0.0,1002579.0,0.0,0.0
2020-03-14,1.0,0.0,0.0,0.0,0.0,1003652.0,0.0,0.0
2020-03-15,2.0,0.0,0.0,0.0,0.0,1005628.0,0.0,0.0
2020-03-16,2.0,0.0,0.0,0.0,0.0,1007877.0,0.0,0.0
2020-03-17,1.0,0.0,0.0,0.0,0.0,1009007.0,0.0,0.0
2020-03-18,4.0,1.0,0.0,0.0,0.0,1008561.0,1.0,1.0
2020-03-19,4.0,1.0,0.0,0.0,0.0,1010556.0,1.0,0.0
2020-03-20,5.0,0.0,0.0,2.0,0.0,1010606.0,1.0,0.0
2020-03-21,5.0,0.0,0.0,0.0,0.0,1012403.0,1.0,0.0
2020-03-22,3.0,1.0,0.0,0.0,0.0,1012346.0,2.0,1.0
2020-03-23,3.0,1.0,0.0,0.0,0.0,1012817.0,3.0,1.0
2020-03-24,4.0,1.0,1.0,0.0,0.0,1014003.0,3.0,0.0
2020-03-25,7.0,0.0,2.0,1.0,2.0,1014685.0,4.0,1.0
2020-03-26,13.0,0.0,0.0,4.0,2.0,1015688.0,4.0,0.0
2020-03-27,9.0,2.0,0.0,1.0,3.0,1015082.0,6.0,2.0
2020-03-28,11.0,1.0,0.0,3.0,5.0,1015911.0,7.0,1.0
2020-03-29,12.0,3.0,1.0,0.0,5.0,1016137.0,10.0,3.0
2020-03-30,9.0,6.0,0.0,0.0,5.0,1015604.0,15.0,5.0
2020-03-31,15.0,4.0,4.0,0.0,8.0,1016614.0,16.0,1.0
2020-04-01,17.0,4.0,2.0,1.0,8.0,1016399.0,18.0,2.0
2020-04-02,17.0,8.0,3.0,3.0,8.0,1016490.0,26.0,8.0
2020-04-03,32.0,6.0,4.0,2.0,7.0,1016179.0,28.0,2.0
2020-04-04,39.0,7.0,8.0,3.0,11.0,1016318.0,34.0,6.0
2020-04-05,32.0,7.0,9.0,5.0,20.0,1016300.0,39.0,5.0
2020-04-06,45.0,10.0,10.0,7.0,19.0,1016311.0,48.0,9.0
2020-04-07,62.0,10.0,8.0,7.0,25.0,1016753.0,55.0,7.0
2020-04-08,62.0,15.0,14.0,9.0,29.0,1017125.0,67.0,12.0
2020-04-09,78.0,23.0,6.0,18.0,26.0,1017483.0,82.0,15.0
2020-04-10,102.0,19.0,12.0,8.0,33.0,1018572.0,99.0,17.0
2020-04-11,111.0,28.0,15.0,18.0,35.0,1019678.0,128.0,29.0
2020-04-12,134.0,29.0,19.0,13.0,47.0,1018864.0,151.0,23.0
2020-04-13,147.0,34.0,28.0,15.0,63.0,1018483.0,175.0,24.0
2020-04-14,188.0,33.0,34.0,23.0,81.0,1019470.0,205.0,30.0
2020-04-15,233.0,55.0,37.0,20.0,100.0,1018159.0,242.0,37.0
2020-04-16,286.0,51.0,43.0,31.0,126.0,1017104.0,281.0,39.0
2020-04-17,315.0,65.0,60.0,33.0,157.0,1018637.0,337.0,56.0
2020-04-18,368.0,78.0,67.0,44.0,182.0,1017716.0,408.0,71.0
2020-04-19,490.0,86.0,69.0,67.0,213.0,1017928.0,469.0,61.0
2020-04-20,567.0,118.0,90.0,61.0,236.0,1018435.0,569.0,100.0
2020-04-21,687.0,137.0,109.0,73.0,297.0,1019827.0,677.0,108.0
2020-04-22,817.0,163.0,140.0,90.0,349.0,1019191.0,810.0,133.0
2020-04-23,949.0,187.0,171.0,119.0,395.0,1018728.0,967.0,157.0
2020-04-24,1154.0,256.0,216.0,155.0,503.0,1019012.0,1175.0,208.0
2020-04-25,1435.0,300.0,226.0,196.0,620.0,1018022.0,1406.0,231.0
2020-04-26,1769.0,358.0,321.0,203.0,795.0,1018356.0,1714.0,308.0
2020-04-27,2015.0,422.0,346.0,278.0,908.0,1019033.0,2065.0,351.0
2020-04-28,2472.0,533.0,389.0,338.0,1129.0,1018131.0,2462.0,397.0
2020-04-29,3013.0,647.0,515.0,405.0,1350.0,1016220.0,3009.0,547.0
2020-04-30,3778.0,764.0,620.0,482.0,1659.0,1015285.0,3595.0,586.0
2020-05-01,4518.0,1000.0,718.0,571.0,1877.0,1012493.0,4366.0,771.0
2020-05-02,5425.0,1203.0,902.0,658.0,2280.0,1012081.0,5279.0,913.0
2020-05-03,6610.0,1388.0,1127.0,826.0,2755.0,1010973.0,6408.0,1129.0
2020-05-04,7818.0,1647.0,1307.0,996.0,3393.0,1009034.0,7731.0,1323.0
2020-05-05,9463.0,2014.0,1511.0,1193.0,4033.0,1006588.0,9288.0,1557.0
2020-05-06,11434.0,2382.0,1888.0,1418.0,4994.0,1002747.0,11211.0,1923.0
2020-05-07,13875.0,2889.0,2256.0,1771.0,6060.0,997580.0,13510.0,2299.0
2020-05-08,16340.0,3405.0,2697.0,2055.0,7282.0,991846.0,16291.0,2781.0
2020-05-09,19526.0,4164.0,3171.0,2505.0,8731.0,985045.0,19603.0,3312.0
2020-05-10,23302.0,4997.0,3897.0,2939.0,10440.0,977880.0,23603.0,4000.0
2020-05-11,27784.0,5919.0,4617.0,3594.0,12629.0,967838.0,28269.0,4666.0
2020-05-12,33077.0,7095.0,5471.0,4331.0,15094.0,958065.0,33887.0,5618.0
2020-05-13,39690.0,8377.0,6553.0,5196.0,18117.0,946850.0,40390.0,6503.0
2020-05-14,47156.0,10026.0,7865.0,6137.0,21688.0,932223.0,48310.0,7920.0
2020-05-15,55142.0,11911.0,9370.0,7344.0,25843.0,914205.0,57742.0,9432.0
2020-05-16,64647.0,14106.0,11057.0,8741.0,31136.0,894743.0,68827.0,11085.0
2020-05-17,75911.0,16515.0,13159.0,10315.0,37252.0,872433.0,81789.0,12962.0
2020-05-18,88247.0,19457.0,15291.0,12212.0,44499.0,846103.0,96876.0,15087.0
2020-05-19,101999.0,22537.0,17933.0,14427.0,52720.0,815378.0,114242.0,17366.0
2020-05-20,116498.0,25906.0,21123.0,16865.0,62768.0,782580.0,134430.0,20188.0
2020-05-21,132284.0,29761.0,24352.0,19853.0,74326.0,745477.0,157252.0,22822.0
2020-05-22,148912.0,33987.0,27860.0,22930.0,88127.0,703663.0,183120.0,25868.0
2020-05-23,165343.0,38316.0,31955.0,26213.0,104164.0,659452.0,211973.0,28853.0
2020-05-24,180907.0,42946.0,35828.0,30150.0,121829.0,613681.0,244399.0,32426.0
2020-05-25,196319.0,47201.0,40126.0,34029.0,142395.0,564808.0,279526.0,35127.0
2020-05-26,209667.0,51450.0,44208.0,38046.0,165781.0,515760.0,317248.0,37722.0
2020-05-27,221314.0,55362.0,48666.0,41990.0,190729.0,467742.0,357705.0,40457.0
2020-05-28,229871.0,58139.0,52715.0,46383.0,219650.0,420127.0,399863.0,42158.0
2020-05-29,234185.0,60885.0,55908.0,50313.0,250511.0,374964.0,443463.0,43600.0
2020-05-30,235399.0,62709.0,58235.0,53798.0,285157.0,332137.0,487288.0,43825.0
2020-05-31,232772.0,63115.0,60251.0,56353.0,320515.0,292933.0,531418.0,44130.0
2020-06-01,226732.0,62998.0,61904.0,58549.0,356952.0,258585.0,575045.0,43627.0
2020-06-02,218830.0,62280.0,62373.0,60318.0,394965.0,227441.0,617263.0,42218.0
2020-06-03,208977.0,60357.0,61560.0,61107.0,433741.0,200333.0,657730.0,40467.0
2020-06-04,196462.0,58091.0,60212.0,61101.0,472989.0,176980.0,696258.0,38528.0
2020-06-05,183377.0,55039.0,58437.0,59595.0,511330.0,157212.0,732490.0,36232.0
2020-06-06,169676.0,51657.0,55611.0,58648.0,549910.0,140308.0,765732.0,33242.0
2020-06-07,156199.0,47930.0,52646.0,56086.0,587082.0,126041.0,796565.0,30833.0
2020-06-08,142377.0,44839.0,49462.0,53578.0,623133.0,113751.0,825235.0,28670.0
2020-06-09,128787.0,40990.0,45911.0,50555.0,657374.0,103134.0,851151.0,25916.0
2020-06-10,116240.0,37306.0,42280.0,47388.0,688942.0,94380.0,874246.0,23095.0
2020-06-11,104271.0,33469.0,39225.0,44301.0,718383.0,86948.0,895374.0,21128.0
2020-06-12,93443.0,30249.0,35673.0,40946.0,746813.0,80417.0,914192.0,18818.0
2020-06-13,83483.0,27293.0,32173.0,37350.0,772658.0,75037.0,930977.0,16785.0
2020-06-14,73974.0,24667.0,29127.0,34094.0,796323.0,70849.0,946160.0,15183.0
2020-06-15,65856.0,21990.0,26087.0,30994.0,816599.0,67377.0,959563.0,13403.0
2020-06-16,58143.0,19531.0,23889.0,28014.0,834044.0,64022.0,971472.0,11909.0
2020-06-17,51294.0,17427.0,21107.0,25302.0,851066.0,61673.0,982011.0,10539.0
2020-06-18,45155.0,15512.0,18844.0,22558.0,866902.0,59194.0,991368.0,9357.0
2020-06-19,40239.0,13563.0,16786.0,20172.0,880269.0,56988.0,999437.0,8069.0
2020-06-20,35338.0,12111.0,14859.0,17974.0,892607.0,55404.0,1006592.0,7155.0
2020-06-21,31109.0,10559.0,13076.0,16067.0,902788.0,53733.0,1012874.0,6282.0
2020-06-22,27485.0,9349.0,11478.0,14287.0,912892.0,52678.0,1018398.0,5524.0
2020-06-23,24092.0,8279.0,10202.0,12557.0,921219.0,51639.0,1023223.0,4825.0
2020-06-24,21125.0,7165.0,8880.0,11092.0,929900.0,50788.0,1027407.0,4184.0
2020-06-25,18606.0,6243.0,8066.0,9765.0,936004.0,49819.0,1031159.0,3752.0
2020-06-26,16264.0,5578.0,6876.0,8619.0,941211.0,49105.0,1034499.0,3340.0
2020-06-27,14215.0,4913.0,6018.0,7689.0,946975.0,48588.0,1037448.0,2949.0
2020-06-28,12406.0,4271.0,5321.0,6719.0,950824.0,48233.0,1039978.0,2530.0
2020-06-29,11113.0,3723.0,4728.0,5732.0,955647.0,47749.0,1042220.0,2242.0
2020-06-30,9821.0,3260.0,4068.0,5301.0,959229.0,47533.0,1044209.0,1989.0
2020-07-01,8625.0,2900.0,3641.0,4485.0,961877.0,46926.0,1045997.0,1788.0
2020-07-02,7487.0,2597.0,3122.0,3954.0,963264.0,46656.0,1047522.0,1525.0
2020-07-03,6591.0,2237.0,2780.0,3400.0,966037.0,46777.0,1048834.0,1312.0
2020-07-04,5681.0,1943.0,2478.0,2960.0,968674.0,46594.0,1050020.0,1186.0
2020-07-05,5059.0,1577.0,2071.0,2669.0,970928.0,46191.0,1050961.0,941.0
2020-07-06,4403.0,1431.0,1768.0,2269.0,971321.0,46092.0,1051826.0,865.0
