time,E,I1,I2,I3,R,S,cumI,diffI
2020-03-06,1.0,3.0,0.0,0.0,0.0,970439.0,0.0,0.0
2020-03-07,3.0,1.0,1.0,0.0,0.0,972909.0,0.0,0.0
2020-03-08,1.0,1.0,1.0,1.0,0.0,979180.0,1.0,1.0
2020-03-09,2.0,0.0,1.0,1.0,0.0,986634.0,1.0,0.0
2020-03-10,3.0,0.0,0.0,1.0,0.0,992143.0,1.0,0.0
2020-03-11,3.0,0.0,0.0,1.0,1.0,996240.0,1.0,0.0
2020-03-12,1.0,1.0,1.0,0.0,2.0,1000963.0,2.0,1.0
2020-03-13,2.0,0.0,1.0,0.0,0.0,1003156.0,2.0,0.0
2020-03-14,1.0,2.0,0.0,1.0,0.0,1005806.0,4.0,2.0
2020-03-15,4.0,1.0,0.0,1.0,2.0,1007783.0,4.0,0.0
2020-03-16,3.0,1.0,1.0,2.0,1.0,1009196.0,5.0,1.0
2020-03-17,5.0,2.0,0.0,2.0,2.0,1009495.0,6.0,1.0
2020-03-18,4.0,1.0,1.0,1.0,3.0,1011105.0,7.0,1.0
2020-03-19,3.0,1.0,2.0,1.0,5.0,1010400.0,8.0,1.0
2020-03-20,6.0,0.0,3.0,0.0,3.0,1010939.0,8.0,0.0
2020-03-21,4.0,0.0,1.0,1.0,4.0,1011930.0,8.0,0.0
2020-03-22,2.0,2.0,2.0,0.0,6.0,1011645.0,10.0,2.0
2020-03-23,4.0,2.0,0.0,0.0,4.0,1012589.0,10.0,0.0
2020-03-24,7.0,3.0,1.0,0.0,5.0,1012982.0,11.0,1.0
2020-03-25,13.0,4.0,3.0,1.0,4.0,1013976.0,14.0,3.0
2020-03-26,14.0,2.0,5.0,1.0,6.0,1014642.0,14.0,0.0
2020-03-27,15.0,2.0,4.0,1.0,6.0,1013396.0,18.0,4.0
2020-03-28,12.0,5.0,1.0,1.0,11.0,1013166.0,23.0,5.0
2020-03-29,18.0,4.0,5.0,0.0,10.0,1013239.0,25.0,2.0
2020-03-30,29.0,5.0,3.0,3.0,10.0,1013073.0,27.0,2.0
2020-03-31,31.0,9.0,1.0,1.0,11.0,1014960.0,30.0,3.0
2020-04-01,35.0,9.0,4.0,5.0,13.0,1014951.0,39.0,9.0
2020-04-02,35.0,10.0,6.0,4.0,16.0,1015220.0,46.0,7.0
2020-04-03,51.0,10.0,5.0,7.0,18.0,1015274.0,54.0,8.0
2020-04-04,56.0,11.0,12.0,8.0,16.0,1015523.0,71.0,17.0
2020-04-05,63.0,19.0,13.0,9.0,27.0,1016422.0,85.0,14.0
2020-04-06,85.0,16.0,14.0,13.0,29.0,1016779.0,95.0,10.0
2020-04-07,99.0,28.0,15.0,9.0,38.0,1016472.0,117.0,22.0
2020-04-08,122.0,18.0,16.0,11.0,44.0,1017349.0,128.0,11.0
2020-04-09,129.0,24.0,18.0,14.0,57.0,1017647.0,154.0,26.0
2020-04-10,166.0,30.0,19.0,16.0,73.0,1017167.0,183.0,29.0
2020-04-11,180.0,48.0,31.0,23.0,82.0,1017684.0,222.0,39.0
2020-04-12,215.0,50.0,42.0,21.0,95.0,1018070.0,262.0,40.0
2020-04-13,274.0,47.0,50.0,31.0,118.0,1017574.0,301.0,39.0
2020-04-14,321.0,71.0,47.0,35.0,148.0,1018984.0,353.0,52.0
2020-04-15,399.0,79.0,60.0,46.0,160.0,1018479.0,404.0,51.0
2020-04-16,449.0,93.0,72.0,48.0,212.0,1018349.0,476.0,72.0
2020-04-17,546.0,92.0,85.0,64.0,240.0,1017818.0,558.0,82.0
2020-04-18,632.0,126.0,112.0,84.0,288.0,1018715.0,668.0,110.0
2020-04-19,803.0,182.0,148.0,105.0,354.0,1017835.0,810.0,142.0
2020-04-20,919.0,206.0,167.0,124.0,441.0,1017574.0,978.0,168.0
2020-04-21,1193.0,249.0,212.0,146.0,510.0,1017840.0,1170.0,192.0
2020-04-22,1494.0,339.0,275.0,187.0,619.0,1019297.0,1436.0,266.0
2020-04-23,1790.0,415.0,271.0,266.0,745.0,1018370.0,1759.0,323.0
2020-04-24,2260.0,506.0,356.0,275.0,910.0,1016615.0,2146.0,387.0
2020-04-25,2700.0,606.0,460.0,306.0,1046.0,1016748.0,2607.0,461.0
2020-04-26,3274.0,686.0,539.0,412.0,1252.0,1017084.0,3129.0,522.0
2020-04-27,3909.0,818.0,665.0,522.0,1555.0,1016250.0,3797.0,668.0
2020-04-28,4689.0,990.0,762.0,596.0,1936.0,1015838.0,4569.0,772.0
2020-04-29,5591.0,1227.0,897.0,706.0,2321.0,1011681.0,5479.0,910.0
2020-04-30,6692.0,1431.0,1078.0,815.0,2830.0,1009103.0,6580.0,1101.0
2020-05-01,8048.0,1716.0,1320.0,1003.0,3383.0,1007296.0,7964.0,1384.0
2020-05-02,9671.0,2053.0,1568.0,1182.0,4055.0,1004754.0,9542.0,1578.0
2020-05-03,11829.0,2482.0,1867.0,1487.0,4898.0,998770.0,11476.0,1934.0
2020-05-04,14003.0,2981.0,2209.0,1811.0,5903.0,996214.0,13865.0,2389.0
2020-05-05,16785.0,3595.0,2742.0,2129.0,7023.0,990665.0,16643.0,2778.0
2020-05-06,20167.0,4376.0,3235.0,2572.0,8500.0,985147.0,20029.0,3386.0
2020-05-07,23973.0,4997.0,4008.0,3076.0,10291.0,978137.0,23963.0,3934.0
2020-05-08,28369.0,6000.0,4636.0,3781.0,12450.0,968450.0,28668.0,4705.0
2020-05-09,33599.0,7168.0,5478.0,4342.0,15168.0,956657.0,34283.0,5615.0
2020-05-10,39881.0,8585.0,6601.0,5237.0,18173.0,944472.0,40973.0,6690.0
2020-05-11,47133.0,10129.0,8087.0,6295.0,21580.0,928704.0,48898.0,7925.0
2020-05-12,55749.0,12140.0,9445.0,7607.0,26016.0,911470.0,58218.0,9320.0
2020-05-13,66033.0,14242.0,11311.0,8821.0,31425.0,891650.0,69250.0,11032.0
2020-05-14,77088.0,16913.0,13310.0,10477.0,37478.0,867624.0,82468.0,13218.0
2020-05-15,89586.0,19634.0,15891.0,12518.0,44957.0,841234.0,97750.0,15282.0
2020-05-16,103108.0,22754.0,18414.0,14457.0,53883.0,811088.0,115311.0,17561.0
2020-05-17,117606.0,26279.0,21315.0,17141.0,63869.0,778021.0,135697.0,20386.0
2020-05-18,133100.0,30040.0,24547.0,19877.0,75446.0,739918.0,158706.0,23009.0
2020-05-19,149601.0,34371.0,28425.0,23169.0,88931.0,699351.0,184663.0,25957.0
2020-05-20,166400.0,38383.0,32339.0,26550.0,105136.0,654987.0,213732.0,29069.0
2020-05-21,182844.0,43273.0,36042.0,30151.0,123299.0,609113.0,246081.0,32349.0
2020-05-22,198093.0,47767.0,40731.0,34170.0,144369.0,560701.0,281502.0,35421.0
2020-05-23,210633.0,51678.0,44785.0,38692.0,168188.0,511513.0,319613.0,38111.0
2020-05-24,221187.0,55394.0,48966.0,42644.0,194117.0,462648.0,359902.0,40289.0
2020-05-25,229294.0,58245.0,53152.0,46213.0,223012.0,414900.0,401865.0,41963.0
2020-05-26,233441.0,60639.0,56096.0,50359.0,253895.0,370215.0,445267.0,43402.0
2020-05-27,234213.0,62594.0,58191.0,53739.0,288203.0,328315.0,489331.0,44064.0
2020-05-28,231634.0,63070.0,60666.0,56402.0,323685.0,289699.0,533079.0,43748.0
2020-05-29,225883.0,63114.0,61695.0,59076.0,360105.0,255094.0,576639.0,43560.0
2020-05-30,218109.0,61732.0,61844.0,60464.0,399202.0,224386.0,618457.0,41818.0
2020-05-31,207564.0,59734.0,61131.0,60925.0,438727.0,197683.0,658674.0,40217.0
2020-06-01,195095.0,57134.0,60009.0,60875.0,478591.0,174385.0,696484.0,37810.0
2020-06-02,181497.0,54395.0,57418.0,59806.0,517399.0,154310.0,731962.0,35478.0
2020-06-03,167748.0,51119.0,54909.0,57780.0,556559.0,137962.0,764805.0,32843.0
2020-06-04,153895.0,47551.0,52142.0,55608.0,592755.0,124017.0,795148.0,30343.0
2020-06-05,140551.0,43971.0,48936.0,52884.0,627544.0,111787.0,823016.0,27868.0
2020-06-06,127013.0,40131.0,45873.0,49957.0,660891.0,101508.0,848608.0,25592.0
2020-06-07,114647.0,36692.0,42287.0,46924.0,691601.0,92684.0,871741.0,23133.0
2020-06-08,102816.0,32970.0,38718.0,43634.0,721728.0,85643.0,892308.0,20567.0
2020-06-09,91472.0,29730.0,34965.0,40193.0,749687.0,79934.0,910928.0,18620.0
2020-06-10,81758.0,26913.0,31662.0,36696.0,774360.0,74770.0,927489.0,16561.0
2020-06-11,72401.0,23997.0,28658.0,33254.0,796509.0,70536.0,942069.0,14580.0
2020-06-12,64250.0,21416.0,25671.0,30470.0,816972.0,67288.0,955028.0,12959.0
2020-06-13,56988.0,19104.0,22962.0,27730.0,836413.0,63984.0,966638.0,11610.0
2020-06-14,50611.0,16886.0,20714.0,24786.0,853965.0,61001.0,976794.0,10156.0
2020-06-15,44700.0,14849.0,18421.0,22104.0,867819.0,58787.0,985724.0,8930.0
2020-06-16,39606.0,13279.0,16057.0,19599.0,881392.0,56721.0,993686.0,7962.0
2020-06-17,34797.0,11844.0,14281.0,17545.0,892862.0,55154.0,1000771.0,7085.0
2020-06-18,30544.0,10344.0,12881.0,15611.0,904296.0,53797.0,1007038.0,6267.0
2020-06-19,26942.0,9001.0,11226.0,13707.0,912688.0,52393.0,1012488.0,5450.0
2020-06-20,23765.0,7957.0,9719.0,12270.0,922028.0,51341.0,1017301.0,4813.0
2020-06-21,20895.0,6998.0,8589.0,10706.0,930296.0,50093.0,1021500.0,4199.0
2020-06-22,18064.0,6144.0,7694.0,9466.0,936127.0,49332.0,1025216.0,3716.0
2020-06-23,15855.0,5398.0,6840.0,8392.0,940751.0,48679.0,1028468.0,3252.0
2020-06-24,13854.0,4692.0,5946.0,7391.0,947110.0,48238.0,1031263.0,2795.0
2020-06-25,12090.0,4210.0,5152.0,6494.0,952007.0,47622.0,1033806.0,2543.0
2020-06-26,10556.0,3699.0,4590.0,5813.0,956582.0,47447.0,1035985.0,2179.0
2020-06-27,9080.0,3287.0,4022.0,5072.0,959623.0,47124.0,1037975.0,1990.0
2020-06-28,7888.0,2794.0,3579.0,4451.0,962536.0,46907.0,1039651.0,1676.0
2020-06-29,6956.0,2434.0,3154.0,3834.0,964791.0,46813.0,1041119.0,1468.0
2020-06-30,6140.0,2077.0,2651.0,3391.0,967692.0,46388.0,1042334.0,1215.0
2020-07-01,5341.0,1928.0,2342.0,2930.0,970207.0,46068.0,1043450.0,1116.0
2020-07-02,4712.0,1536.0,2101.0,2598.0,970628.0,45995.0,1044406.0,956.0
2020-07-03,4057.0,1405.0,1783.0,2237.0,971904.0,45938.0,1045259.0,853.0
2020-07-04,3514.0,1240.0,1558.0,2028.0,973727.0,45896.0,1045990.0,731.0
2020-07-05,3099.0,1047.0,1370.0,1743.0,974392.0,45550.0,1046612.0,622.0
2020-07-06,2706.0,959.0,1143.0,1500.0,975340.0,45665.0,1047204.0,592.0
