time,E,I1,I2,I3,R,S,cumI,diffI
2020-03-06,0.0,3.0,0.0,0.0,0.0,969735.0,0.0,0.0
2020-03-07,0.0,0.0,1.0,0.0,0.0,971548.0,0.0,0.0
2020-03-08,1.0,0.0,0.0,1.0,0.0,978604.0,0.0,0.0
2020-03-09,1.0,0.0,0.0,1.0,0.0,985387.0,0.0,0.0
2020-03-10,0.0,0.0,0.0,1.0,0.0,991125.0,0.0,0.0
2020-03-11,0.0,0.0,0.0,0.0,0.0,995632.0,0.0,0.0
2020-03-12,0.0,0.0,0.0,0.0,0.0,999797.0,0.0,0.0
2020-03-13,0.0,0.0,1.0,0.0,0.0,1002752.0,0.0,0.0
2020-03-14,4.0,0.0,1.0,0.0,1.0,1004445.0,0.0,0.0
2020-03-15,3.0,1.0,0.0,0.0,1.0,1006204.0,1.0,1.0
2020-03-16,3.0,0.0,0.0,1.0,2.0,1008496.0,1.0,0.0
2020-03-17,3.0,0.0,1.0,1.0,2.0,1008419.0,2.0,1.0
2020-03-18,5.0,0.0,0.0,1.0,3.0,1010211.0,2.0,0.0
2020-03-19,6.0,0.0,0.0,0.0,2.0,1011363.0,2.0,0.0
2020-03-20,6.0,0.0,0.0,0.0,3.0,1011088.0,3.0,1.0
2020-03-21,7.0,0.0,0.0,0.0,3.0,1012154.0,3.0,0.0
2020-03-22,6.0,0.0,1.0,0.0,3.0,1011779.0,4.0,1.0
2020-03-23,8.0,0.0,2.0,0.0,3.0,1012904.0,4.0,0.0
2020-03-24,14.0,0.0,1.0,0.0,4.0,1011972.0,4.0,0.0
2020-03-25,12.0,1.0,2.0,1.0,4.0,1013906.0,5.0,1.0
2020-03-26,15.0,0.0,5.0,2.0,5.0,1014321.0,6.0,1.0
2020-03-27,18.0,4.0,3.0,1.0,10.0,1015136.0,12.0,6.0
2020-03-28,21.0,4.0,2.0,2.0,12.0,1015118.0,15.0,3.0
2020-03-29,28.0,5.0,4.0,4.0,10.0,1016171.0,18.0,3.0
2020-03-30,30.0,10.0,5.0,7.0,16.0,1016703.0,28.0,10.0
2020-03-31,42.0,10.0,10.0,4.0,20.0,1016510.0,37.0,9.0
2020-04-01,49.0,14.0,9.0,3.0,22.0,1016742.0,49.0,12.0
2020-04-02,63.0,20.0,9.0,8.0,31.0,1017441.0,63.0,14.0
2020-04-03,76.0,14.0,16.0,10.0,35.0,1018102.0,75.0,12.0
2020-04-04,83.0,23.0,15.0,11.0,45.0,1017463.0,93.0,18.0
2020-04-05,110.0,16.0,23.0,17.0,56.0,1017732.0,105.0,12.0
2020-04-06,141.0,23.0,18.0,17.0,69.0,1018574.0,124.0,19.0
2020-04-07,150.0,33.0,20.0,19.0,76.0,1017325.0,148.0,24.0
2020-04-08,174.0,44.0,25.0,28.0,77.0,1017263.0,177.0,29.0
2020-04-09,220.0,42.0,37.0,37.0,91.0,1017916.0,212.0,35.0
2020-04-10,265.0,58.0,49.0,38.0,127.0,1018379.0,261.0,49.0
2020-04-11,326.0,61.0,50.0,42.0,152.0,1019863.0,305.0,44.0
2020-04-12,360.0,88.0,55.0,52.0,181.0,1018254.0,368.0,63.0
2020-04-13,437.0,89.0,69.0,47.0,221.0,1017916.0,432.0,64.0
2020-04-14,551.0,116.0,89.0,67.0,258.0,1019253.0,515.0,83.0
2020-04-15,623.0,152.0,101.0,74.0,290.0,1018564.0,633.0,118.0
2020-04-16,738.0,185.0,133.0,89.0,344.0,1017371.0,773.0,140.0
2020-04-17,926.0,222.0,173.0,122.0,420.0,1014864.0,945.0,172.0
2020-04-18,1130.0,248.0,218.0,149.0,503.0,1015087.0,1129.0,184.0
2020-04-19,1385.0,286.0,225.0,184.0,626.0,1015856.0,1341.0,212.0
2020-04-20,1644.0,364.0,246.0,207.0,747.0,1015717.0,1606.0,265.0
2020-04-21,1942.0,412.0,317.0,238.0,882.0,1016307.0,1932.0,326.0
2020-04-22,2323.0,445.0,422.0,270.0,997.0,1016071.0,2299.0,367.0
2020-04-23,2830.0,561.0,462.0,362.0,1191.0,1015799.0,2749.0,450.0
2020-04-24,3424.0,705.0,585.0,394.0,1409.0,1014701.0,3309.0,560.0
2020-04-25,4038.0,869.0,636.0,529.0,1715.0,1012927.0,3998.0,689.0
2020-04-26,4782.0,995.0,768.0,575.0,2111.0,1011335.0,4791.0,793.0
2020-04-27,5829.0,1194.0,941.0,705.0,2516.0,1009309.0,5778.0,987.0
2020-04-28,7024.0,1462.0,1133.0,823.0,2998.0,1006836.0,6969.0,1191.0
2020-04-29,8609.0,1804.0,1333.0,1010.0,3666.0,1004509.0,8398.0,1429.0
2020-04-30,10289.0,2179.0,1650.0,1272.0,4365.0,1000732.0,10088.0,1690.0
2020-05-01,12418.0,2659.0,2050.0,1573.0,5319.0,996816.0,12142.0,2054.0
2020-05-02,14707.0,3128.0,2459.0,1914.0,6428.0,992244.0,14681.0,2539.0
2020-05-03,17640.0,3737.0,2935.0,2310.0,7659.0,986940.0,17585.0,2904.0
2020-05-04,21304.0,4448.0,3594.0,2747.0,9345.0,979894.0,21145.0,3560.0
2020-05-05,25480.0,5362.0,4221.0,3330.0,11272.0,973153.0,25368.0,4223.0
2020-05-06,30240.0,6515.0,4988.0,3842.0,13412.0,964670.0,30525.0,5157.0
2020-05-07,36149.0,7826.0,5959.0,4714.0,16126.0,953093.0,36675.0,6150.0
2020-05-08,43000.0,9053.0,7247.0,5622.0,19292.0,940646.0,43855.0,7180.0
2020-05-09,51080.0,10863.0,8528.0,6729.0,23199.0,924762.0,52394.0,8539.0
2020-05-10,59775.0,12998.0,10053.0,8023.0,28021.0,906690.0,62568.0,10174.0
2020-05-11,69715.0,15131.0,11974.0,9366.0,33748.0,885377.0,74454.0,11886.0
2020-05-12,80922.0,17865.0,14286.0,11210.0,40234.0,860720.0,88376.0,13922.0
2020-05-13,93706.0,20739.0,16698.0,13135.0,48203.0,832961.0,104406.0,16030.0
2020-05-14,108018.0,24239.0,19367.0,15478.0,57256.0,801578.0,123130.0,18724.0
2020-05-15,122987.0,27945.0,22482.0,18125.0,68045.0,765042.0,144716.0,21586.0
2020-05-16,139783.0,31926.0,26096.0,21303.0,80328.0,725844.0,168965.0,24249.0
2020-05-17,155539.0,36076.0,29785.0,24661.0,94806.0,684703.0,196357.0,27392.0
2020-05-18,172675.0,40169.0,33777.0,28112.0,111727.0,639578.0,226611.0,30254.0
2020-05-19,188098.0,44500.0,37997.0,31674.0,130888.0,593078.0,260120.0,33509.0
2020-05-20,202278.0,48919.0,42070.0,35715.0,151748.0,544474.0,296645.0,36525.0
2020-05-21,214779.0,52783.0,46246.0,39885.0,176059.0,495304.0,335606.0,38961.0
2020-05-22,224992.0,56559.0,50005.0,43575.0,203047.0,447483.0,376271.0,40665.0
2020-05-23,231344.0,59289.0,53853.0,47790.0,232457.0,401293.0,419040.0,42769.0
2020-05-24,234620.0,61186.0,56923.0,51147.0,264418.0,357325.0,462592.0,43552.0
2020-05-25,234210.0,62849.0,58966.0,54642.0,298172.0,316272.0,506751.0,44159.0
2020-05-26,231364.0,63266.0,60968.0,57240.0,335153.0,278111.0,550533.0,43782.0
2020-05-27,225005.0,62987.0,61814.0,58880.0,372714.0,245697.0,593400.0,42867.0
2020-05-28,215279.0,61351.0,62338.0,60634.0,411588.0,216484.0,635111.0,41711.0
2020-05-29,205082.0,59560.0,61414.0,60653.0,450340.0,190826.0,674656.0,39545.0
2020-05-30,192626.0,56991.0,59733.0,60655.0,489887.0,168989.0,712178.0,37522.0
2020-05-31,178872.0,53482.0,57441.0,60086.0,528292.0,150215.0,747358.0,35180.0
2020-06-01,164938.0,50476.0,54617.0,57746.0,565578.0,134611.0,779945.0,32587.0
2020-06-02,150823.0,46958.0,51747.0,55222.0,601329.0,120821.0,809922.0,29977.0
2020-06-03,137425.0,43378.0,48270.0,52343.0,636710.0,109114.0,837423.0,27501.0
2020-06-04,124217.0,39806.0,44803.0,49584.0,669459.0,99386.0,862464.0,25041.0
2020-06-05,111526.0,36236.0,41332.0,46645.0,700905.0,91370.0,884980.0,22516.0
2020-06-06,100357.0,32838.0,38016.0,42853.0,728828.0,84540.0,905302.0,20322.0
2020-06-07,90071.0,29405.0,34290.0,39453.0,755544.0,78784.0,923156.0,17854.0
2020-06-08,80419.0,26601.0,31176.0,36321.0,780021.0,73824.0,939482.0,16326.0
2020-06-09,71610.0,23487.0,28076.0,33072.0,799897.0,69231.0,953713.0,14231.0
2020-06-10,63415.0,20991.0,25464.0,29651.0,820879.0,66245.0,966478.0,12765.0
2020-06-11,56259.0,18835.0,22742.0,27055.0,840102.0,63062.0,977974.0,11496.0
2020-06-12,49828.0,16648.0,20197.0,24329.0,855351.0,60506.0,988115.0,10141.0
2020-06-13,44121.0,14793.0,17940.0,21799.0,870423.0,58499.0,997063.0,8948.0
2020-06-14,38927.0,13153.0,16017.0,19269.0,883729.0,56719.0,1004972.0,7909.0
2020-06-15,34266.0,11690.0,14280.0,17225.0,894265.0,55196.0,1012064.0,7092.0
2020-06-16,30150.0,10340.0,12790.0,15372.0,903816.0,54030.0,1018266.0,6202.0
2020-06-17,26623.0,9088.0,11220.0,13650.0,914607.0,53040.0,1023635.0,5369.0
2020-06-18,23447.0,7930.0,9904.0,12104.0,923086.0,51890.0,1028389.0,4754.0
2020-06-19,20702.0,6991.0,8500.0,10762.0,930997.0,50728.0,1032512.0,4123.0
2020-06-20,17988.0,6118.0,7660.0,9402.0,937076.0,50202.0,1036177.0,3665.0
2020-06-21,15667.0,5387.0,6734.0,8245.0,942203.0,49863.0,1039457.0,3280.0
2020-06-22,13782.0,4806.0,5804.0,7306.0,946883.0,48871.0,1042312.0,2855.0
2020-06-23,12105.0,4175.0,5265.0,6516.0,951353.0,48846.0,1044767.0,2455.0
2020-06-24,10732.0,3627.0,4593.0,5711.0,956287.0,48215.0,1046881.0,2114.0
2020-06-25,9440.0,3233.0,4007.0,4991.0,959586.0,47715.0,1048776.0,1895.0
2020-06-26,8226.0,2822.0,3537.0,4429.0,961709.0,47082.0,1050484.0,1708.0
2020-06-27,7235.0,2426.0,3031.0,3852.0,965635.0,46928.0,1051859.0,1375.0
2020-06-28,6255.0,2084.0,2726.0,3342.0,968278.0,46707.0,1053143.0,1284.0
2020-06-29,5412.0,1927.0,2383.0,2895.0,968906.0,46508.0,1054296.0,1153.0
2020-06-30,4724.0,1642.0,2125.0,2544.0,970597.0,46382.0,1055248.0,952.0
2020-07-01,4095.0,1373.0,1817.0,2306.0,973164.0,46227.0,1056062.0,814.0
2020-07-02,3564.0,1219.0,1532.0,2057.0,973928.0,45919.0,1056779.0,717.0
2020-07-03,3121.0,1058.0,1354.0,1753.0,974440.0,46168.0,1057396.0,617.0
2020-07-04,2823.0,952.0,1163.0,1546.0,975890.0,46035.0,1057956.0,560.0
2020-07-05,2432.0,794.0,1006.0,1324.0,976987.0,45855.0,1058441.0,485.0
2020-07-06,2164.0,697.0,896.0,1191.0,976740.0,45885.0,1058853.0,412.0
