time,E,I1,I2,I3,R,S,cumI,diffI
2020-03-06,0.0,3.0,0.0,0.0,0.0,970145.0,0.0,0.0
2020-03-07,1.0,3.0,0.0,0.0,0.0,971247.0,0.0,0.0
2020-03-08,2.0,1.0,1.0,0.0,0.0,978113.0,1.0,1.0
2020-03-09,2.0,1.0,1.0,1.0,0.0,985434.0,2.0,1.0
2020-03-10,3.0,1.0,1.0,0.0,1.0,992612.0,2.0,0.0
2020-03-11,3.0,1.0,1.0,0.0,1.0,997186.0,2.0,0.0
2020-03-12,3.0,0.0,0.0,1.0,0.0,1001221.0,2.0,0.0
2020-03-13,0.0,1.0,0.0,0.0,1.0,1004658.0,3.0,1.0
2020-03-14,0.0,1.0,0.0,1.0,1.0,1007604.0,4.0,1.0
2020-03-15,0.0,1.0,0.0,0.0,1.0,1008083.0,4.0,0.0
2020-03-16,0.0,1.0,0.0,0.0,0.0,1010295.0,4.0,0.0
2020-03-17,0.0,0.0,0.0,0.0,0.0,1010916.0,4.0,0.0
2020-03-18,0.0,0.0,0.0,0.0,1.0,1011165.0,4.0,0.0
2020-03-19,0.0,0.0,0.0,0.0,1.0,1011370.0,4.0,0.0
2020-03-20,0.0,0.0,0.0,0.0,1.0,1012683.0,4.0,0.0
2020-03-21,1.0,0.0,1.0,0.0,1.0,1012952.0,4.0,0.0
2020-03-22,1.0,1.0,0.0,0.0,1.0,1013575.0,6.0,2.0
2020-03-23,2.0,0.0,1.0,0.0,0.0,1013160.0,6.0,0.0
2020-03-24,3.0,0.0,0.0,0.0,1.0,1013996.0,6.0,0.0
2020-03-25,2.0,0.0,0.0,0.0,2.0,1014544.0,6.0,0.0
2020-03-26,1.0,1.0,0.0,1.0,2.0,1015253.0,6.0,0.0
2020-03-27,2.0,1.0,0.0,1.0,2.0,1015617.0,6.0,0.0
2020-03-28,3.0,0.0,0.0,1.0,1.0,1015750.0,6.0,0.0
2020-03-29,2.0,0.0,0.0,1.0,3.0,1014951.0,6.0,0.0
2020-03-30,3.0,0.0,1.0,1.0,2.0,1016455.0,6.0,0.0
2020-03-31,8.0,0.0,1.0,0.0,5.0,1016699.0,6.0,0.0
2020-04-01,7.0,1.0,1.0,0.0,5.0,1017414.0,8.0,2.0
2020-04-02,9.0,2.0,3.0,0.0,7.0,1017105.0,10.0,2.0
2020-04-03,17.0,2.0,3.0,1.0,7.0,1014893.0,12.0,2.0
2020-04-04,16.0,1.0,4.0,3.0,8.0,1016790.0,16.0,4.0
2020-04-05,19.0,2.0,4.0,2.0,8.0,1016980.0,18.0,2.0
2020-04-06,23.0,6.0,5.0,3.0,11.0,1017221.0,25.0,7.0
2020-04-07,30.0,8.0,6.0,5.0,12.0,1017001.0,31.0,6.0
2020-04-08,34.0,6.0,6.0,3.0,12.0,1016895.0,37.0,6.0
2020-04-09,43.0,11.0,4.0,2.0,16.0,1017521.0,44.0,7.0
2020-04-10,56.0,19.0,10.0,4.0,21.0,1018250.0,59.0,15.0
2020-04-11,77.0,12.0,14.0,7.0,24.0,1017907.0,67.0,8.0
2020-04-12,79.0,20.0,21.0,13.0,33.0,1018106.0,84.0,17.0
2020-04-13,116.0,22.0,23.0,14.0,38.0,1019371.0,98.0,14.0
2020-04-14,153.0,23.0,21.0,21.0,54.0,1019006.0,125.0,27.0
2020-04-15,187.0,36.0,26.0,18.0,71.0,1018612.0,159.0,34.0
2020-04-16,206.0,51.0,30.0,30.0,77.0,1017993.0,204.0,45.0
2020-04-17,247.0,50.0,43.0,41.0,91.0,1018692.0,238.0,34.0
2020-04-18,285.0,75.0,40.0,28.0,111.0,1017510.0,287.0,49.0
2020-04-19,352.0,94.0,59.0,47.0,142.0,1017504.0,356.0,69.0
2020-04-20,447.0,102.0,86.0,46.0,184.0,1018176.0,435.0,79.0
2020-04-21,528.0,123.0,91.0,69.0,246.0,1017612.0,522.0,87.0
2020-04-22,648.0,163.0,113.0,81.0,292.0,1017872.0,635.0,113.0
2020-04-23,809.0,194.0,135.0,116.0,345.0,1016962.0,787.0,152.0
2020-04-24,1002.0,211.0,155.0,120.0,440.0,1017948.0,953.0,166.0
2020-04-25,1238.0,288.0,201.0,157.0,505.0,1018903.0,1165.0,212.0
2020-04-26,1455.0,360.0,244.0,177.0,648.0,1019410.0,1435.0,270.0
2020-04-27,1723.0,420.0,312.0,222.0,748.0,1018420.0,1752.0,317.0
2020-04-28,2050.0,473.0,356.0,256.0,941.0,1018278.0,2096.0,344.0
2020-04-29,2547.0,544.0,453.0,326.0,1085.0,1017692.0,2514.0,418.0
2020-04-30,3128.0,621.0,511.0,445.0,1330.0,1016029.0,3013.0,499.0
2020-05-01,3745.0,762.0,590.0,509.0,1583.0,1015396.0,3613.0,600.0
2020-05-02,4450.0,958.0,695.0,591.0,1940.0,1012730.0,4353.0,740.0
2020-05-03,5225.0,1145.0,878.0,665.0,2310.0,1012192.0,5251.0,898.0
2020-05-04,6384.0,1377.0,1079.0,753.0,2755.0,1009950.0,6336.0,1085.0
2020-05-05,7642.0,1669.0,1333.0,954.0,3355.0,1007499.0,7657.0,1321.0
2020-05-06,9318.0,2001.0,1533.0,1176.0,4026.0,1003670.0,9196.0,1539.0
2020-05-07,11294.0,2463.0,1878.0,1389.0,4891.0,998597.0,11148.0,1952.0
2020-05-08,13764.0,2942.0,2274.0,1684.0,5901.0,995271.0,13455.0,2307.0
2020-05-09,16694.0,3535.0,2742.0,2077.0,7065.0,990183.0,16213.0,2758.0
2020-05-10,19862.0,4180.0,3296.0,2434.0,8651.0,984542.0,19479.0,3266.0
2020-05-11,24031.0,5022.0,4035.0,2975.0,10486.0,977004.0,23472.0,3993.0
2020-05-12,28634.0,6075.0,4676.0,3678.0,12640.0,968561.0,28288.0,4816.0
2020-05-13,34252.0,7200.0,5743.0,4427.0,15165.0,958282.0,33995.0,5707.0
2020-05-14,40573.0,8702.0,6830.0,5399.0,18314.0,944861.0,40993.0,6998.0
2020-05-15,48419.0,10467.0,8125.0,6351.0,22213.0,929075.0,49151.0,8158.0
2020-05-16,57175.0,12359.0,9581.0,7607.0,26742.0,910834.0,58832.0,9681.0
2020-05-17,67099.0,14426.0,11620.0,9132.0,31921.0,891387.0,70152.0,11320.0
2020-05-18,78488.0,17216.0,13362.0,10815.0,38509.0,866808.0,83515.0,13363.0
2020-05-19,91040.0,20215.0,15996.0,12649.0,45779.0,838768.0,99232.0,15717.0
2020-05-20,104976.0,23544.0,18788.0,14882.0,55088.0,808254.0,117363.0,18131.0
2020-05-21,120290.0,27063.0,21918.0,17555.0,66030.0,773441.0,138099.0,20736.0
2020-05-22,136341.0,31136.0,25090.0,20781.0,78172.0,733756.0,161878.0,23779.0
2020-05-23,152812.0,35417.0,28979.0,23583.0,92299.0,691108.0,188493.0,26615.0
2020-05-24,169994.0,39785.0,33122.0,27166.0,108556.0,645254.0,218562.0,30069.0
2020-05-25,186280.0,44255.0,37515.0,31189.0,127564.0,598373.0,251544.0,32982.0
2020-05-26,200877.0,48292.0,41639.0,35398.0,149107.0,549461.0,287389.0,35845.0
2020-05-27,213730.0,52629.0,46089.0,39559.0,173351.0,500722.0,326196.0,38807.0
2020-05-28,224415.0,56461.0,50128.0,43595.0,200667.0,450516.0,367143.0,40947.0
2020-05-29,231993.0,59380.0,53181.0,47799.0,231050.0,402279.0,409522.0,42379.0
2020-05-30,235318.0,61748.0,56401.0,51349.0,262767.0,358504.0,453299.0,43777.0
2020-05-31,235356.0,62732.0,59177.0,54510.0,297378.0,315985.0,497022.0,43723.0
2020-06-01,230934.0,63014.0,61033.0,57091.0,334999.0,278846.0,540802.0,43780.0
2020-06-02,223994.0,62716.0,61731.0,58939.0,372982.0,244172.0,583745.0,42943.0
2020-06-03,214554.0,61195.0,62225.0,60077.0,412177.0,214783.0,625214.0,41469.0
2020-06-04,204255.0,58712.0,61431.0,60831.0,451372.0,188748.0,664331.0,39117.0
2020-06-05,191100.0,56471.0,59405.0,60801.0,491169.0,166086.0,701733.0,37402.0
2020-06-06,177522.0,53742.0,56953.0,59461.0,531528.0,146964.0,736743.0,35010.0
2020-06-07,162747.0,50310.0,54277.0,57745.0,570233.0,130835.0,769080.0,32337.0
2020-06-08,148458.0,46470.0,51191.0,55349.0,606128.0,117377.0,798947.0,29867.0
2020-06-09,134413.0,42473.0,47830.0,52167.0,642206.0,105610.0,825891.0,26944.0
2020-06-10,121582.0,39230.0,43953.0,49053.0,676672.0,96001.0,850473.0,24582.0
2020-06-11,108890.0,35223.0,40404.0,45559.0,707543.0,88501.0,872401.0,21928.0
2020-06-12,97349.0,31504.0,37121.0,42410.0,737177.0,81566.0,892022.0,19621.0
2020-06-13,86427.0,28842.0,33457.0,38903.0,763881.0,76006.0,909692.0,17670.0
2020-06-14,76750.0,25983.0,30044.0,35240.0,787956.0,71021.0,925649.0,15957.0
2020-06-15,67909.0,22672.0,27299.0,31510.0,809421.0,67115.0,939396.0,13747.0
2020-06-16,59582.0,20159.0,24306.0,28626.0,830120.0,63541.0,951727.0,12331.0
2020-06-17,52916.0,17802.0,21700.0,25857.0,847336.0,60806.0,962437.0,10710.0
2020-06-18,46541.0,15860.0,19181.0,23295.0,863411.0,58393.0,972014.0,9577.0
2020-06-19,40626.0,14089.0,16935.0,20795.0,877846.0,56247.0,980498.0,8484.0
2020-06-20,35673.0,12277.0,14951.0,18311.0,892321.0,54679.0,987824.0,7326.0
2020-06-21,31534.0,10695.0,13390.0,16257.0,904097.0,53124.0,994124.0,6300.0
2020-06-22,27514.0,9427.0,11740.0,14445.0,913892.0,51566.0,999736.0,5612.0
2020-06-23,23884.0,8291.0,10134.0,12842.0,922874.0,50322.0,1004679.0,4943.0
2020-06-24,20811.0,7068.0,8907.0,11038.0,930633.0,49556.0,1008893.0,4214.0
2020-06-25,18227.0,6096.0,7916.0,9695.0,936731.0,48981.0,1012618.0,3725.0
2020-06-26,15963.0,5358.0,6998.0,8456.0,943404.0,48061.0,1015881.0,3263.0
2020-06-27,13781.0,4695.0,5935.0,7319.0,948000.0,47548.0,1018675.0,2794.0
2020-06-28,11989.0,4108.0,5224.0,6471.0,953282.0,47228.0,1021109.0,2434.0
2020-06-29,10501.0,3697.0,4535.0,5682.0,956297.0,46834.0,1023266.0,2157.0
2020-06-30,9045.0,3242.0,4005.0,4870.0,958639.0,46406.0,1025171.0,1905.0
2020-07-01,7875.0,2764.0,3493.0,4317.0,961584.0,45845.0,1026786.0,1615.0
2020-07-02,6956.0,2383.0,3010.0,3809.0,964383.0,45633.0,1028181.0,1395.0
2020-07-03,6060.0,2148.0,2599.0,3288.0,967154.0,45275.0,1029465.0,1284.0
2020-07-04,5206.0,1837.0,2319.0,2878.0,969994.0,45190.0,1030545.0,1080.0
2020-07-05,4549.0,1574.0,1977.0,2584.0,971962.0,45276.0,1031456.0,911.0
2020-07-06,3973.0,1389.0,1686.0,2191.0,973705.0,44861.0,1032301.0,845.0
