time,E,I1,I2,I3,R,S,cumI,diffI
2020-03-06,0.0,2.0,0.0,0.0,0.0,970537.0,0.0,0.0
2020-03-07,0.0,0.0,0.0,2.0,0.0,972793.0,0.0,0.0
2020-03-08,4.0,0.0,0.0,1.0,0.0,979140.0,0.0,0.0
2020-03-09,2.0,0.0,0.0,1.0,0.0,985609.0,0.0,0.0
2020-03-10,2.0,0.0,0.0,1.0,0.0,992723.0,0.0,0.0
2020-03-11,2.0,0.0,0.0,1.0,0.0,997598.0,0.0,0.0
2020-03-12,5.0,1.0,0.0,1.0,1.0,999780.0,0.0,0.0
2020-03-13,4.0,1.0,0.0,0.0,2.0,1002663.0,0.0,0.0
2020-03-14,4.0,0.0,2.0,1.0,2.0,1005422.0,1.0,1.0
2020-03-15,4.0,1.0,1.0,1.0,1.0,1006626.0,2.0,1.0
2020-03-16,4.0,1.0,2.0,0.0,1.0,1007252.0,3.0,1.0
2020-03-17,4.0,0.0,1.0,0.0,1.0,1008106.0,3.0,0.0
2020-03-18,5.0,0.0,0.0,0.0,2.0,1009193.0,3.0,0.0
2020-03-19,4.0,1.0,0.0,0.0,2.0,1010543.0,4.0,1.0
2020-03-20,4.0,1.0,1.0,0.0,3.0,1011273.0,5.0,1.0
2020-03-21,4.0,0.0,0.0,0.0,3.0,1012654.0,5.0,0.0
2020-03-22,3.0,1.0,0.0,0.0,2.0,1013766.0,6.0,1.0
2020-03-23,4.0,0.0,1.0,0.0,2.0,1013590.0,6.0,0.0
2020-03-24,3.0,0.0,1.0,0.0,1.0,1013899.0,6.0,0.0
2020-03-25,3.0,1.0,3.0,0.0,1.0,1013052.0,7.0,1.0
2020-03-26,6.0,0.0,3.0,1.0,1.0,1013098.0,8.0,1.0
2020-03-27,7.0,1.0,1.0,2.0,1.0,1015510.0,9.0,1.0
2020-03-28,11.0,1.0,1.0,3.0,3.0,1015747.0,11.0,2.0
2020-03-29,10.0,1.0,2.0,2.0,0.0,1015235.0,14.0,3.0
2020-03-30,13.0,3.0,4.0,4.0,2.0,1016191.0,18.0,4.0
2020-03-31,12.0,2.0,5.0,3.0,8.0,1015619.0,21.0,3.0
2020-04-01,17.0,2.0,2.0,2.0,15.0,1017708.0,21.0,0.0
2020-04-02,18.0,1.0,4.0,4.0,11.0,1018394.0,23.0,2.0
2020-04-03,28.0,4.0,3.0,4.0,12.0,1017227.0,28.0,5.0
2020-04-04,28.0,7.0,2.0,7.0,14.0,1016369.0,33.0,5.0
2020-04-05,38.0,5.0,6.0,7.0,18.0,1016250.0,37.0,4.0
2020-04-06,52.0,14.0,7.0,7.0,24.0,1016503.0,49.0,12.0
2020-04-07,60.0,10.0,12.0,4.0,27.0,1016944.0,56.0,7.0
2020-04-08,81.0,20.0,18.0,10.0,31.0,1018076.0,71.0,15.0
2020-04-09,90.0,19.0,10.0,12.0,40.0,1018235.0,87.0,16.0
2020-04-10,86.0,25.0,9.0,8.0,44.0,1018638.0,105.0,18.0
2020-04-11,118.0,17.0,17.0,10.0,50.0,1017758.0,116.0,11.0
2020-04-12,133.0,30.0,11.0,23.0,51.0,1017153.0,135.0,19.0
2020-04-13,173.0,33.0,19.0,13.0,74.0,1017997.0,159.0,24.0
2020-04-14,184.0,44.0,23.0,19.0,80.0,1018081.0,192.0,33.0
2020-04-15,232.0,52.0,47.0,25.0,98.0,1018600.0,236.0,44.0
2020-04-16,290.0,61.0,53.0,41.0,97.0,1017771.0,285.0,49.0
2020-04-17,376.0,72.0,57.0,45.0,133.0,1017670.0,342.0,57.0
2020-04-18,449.0,76.0,77.0,53.0,180.0,1018365.0,414.0,72.0
2020-04-19,522.0,107.0,88.0,74.0,225.0,1019190.0,519.0,105.0
2020-04-20,644.0,124.0,102.0,90.0,250.0,1019893.0,625.0,106.0
2020-04-21,766.0,146.0,140.0,97.0,291.0,1021214.0,743.0,118.0
2020-04-22,904.0,197.0,158.0,121.0,357.0,1020237.0,904.0,161.0
2020-04-23,1081.0,241.0,214.0,121.0,439.0,1018941.0,1091.0,187.0
2020-04-24,1295.0,281.0,211.0,183.0,529.0,1019250.0,1298.0,207.0
2020-04-25,1533.0,333.0,249.0,200.0,638.0,1018487.0,1557.0,259.0
2020-04-26,1829.0,379.0,309.0,223.0,788.0,1018228.0,1849.0,292.0
2020-04-27,2138.0,486.0,374.0,266.0,958.0,1018149.0,2240.0,391.0
2020-04-28,2538.0,560.0,421.0,339.0,1103.0,1017744.0,2673.0,433.0
2020-04-29,3026.0,666.0,480.0,407.0,1313.0,1017792.0,3151.0,478.0
2020-04-30,3734.0,778.0,599.0,494.0,1594.0,1016075.0,3744.0,593.0
2020-05-01,4478.0,955.0,761.0,589.0,1948.0,1014730.0,4518.0,774.0
2020-05-02,5423.0,1151.0,905.0,673.0,2301.0,1013539.0,5434.0,916.0
2020-05-03,6465.0,1437.0,1049.0,861.0,2726.0,1010156.0,6545.0,1111.0
2020-05-04,7782.0,1654.0,1281.0,1017.0,3290.0,1008220.0,7836.0,1291.0
2020-05-05,9443.0,2004.0,1464.0,1137.0,3988.0,1005742.0,9399.0,1563.0
2020-05-06,11295.0,2414.0,1885.0,1377.0,4924.0,1001690.0,11314.0,1915.0
2020-05-07,13482.0,2940.0,2141.0,1762.0,5946.0,996960.0,13575.0,2261.0
2020-05-08,16204.0,3474.0,2623.0,2124.0,7169.0,991797.0,16258.0,2683.0
2020-05-09,19458.0,4162.0,3242.0,2545.0,8613.0,986262.0,19542.0,3284.0
2020-05-10,23354.0,4927.0,3903.0,2981.0,10307.0,978568.0,23433.0,3891.0
2020-05-11,28029.0,6090.0,4564.0,3526.0,12420.0,971107.0,28152.0,4719.0
2020-05-12,33418.0,7204.0,5482.0,4212.0,15089.0,961304.0,33773.0,5621.0
2020-05-13,39652.0,8335.0,6745.0,5163.0,18192.0,946709.0,40308.0,6535.0
2020-05-14,47095.0,10110.0,7923.0,6116.0,21544.0,931974.0,48187.0,7879.0
2020-05-15,55684.0,11991.0,9390.0,7453.0,25709.0,913098.0,57547.0,9360.0
2020-05-16,65292.0,14189.0,11123.0,8782.0,30999.0,892389.0,68709.0,11162.0
2020-05-17,76093.0,16780.0,13113.0,10422.0,37210.0,870247.0,81696.0,12987.0
2020-05-18,88608.0,19630.0,15741.0,12347.0,44242.0,844226.0,96700.0,15004.0
2020-05-19,102669.0,22778.0,18102.0,14819.0,52805.0,812485.0,114067.0,17367.0
2020-05-20,117391.0,26449.0,21294.0,17122.0,63219.0,779446.0,134348.0,20281.0
2020-05-21,133818.0,30247.0,24665.0,19888.0,74740.0,741561.0,157492.0,23144.0
2020-05-22,150842.0,34406.0,28412.0,22986.0,88199.0,700770.0,183790.0,26298.0
2020-05-23,167142.0,38790.0,32368.0,26313.0,104463.0,656375.0,213042.0,29252.0
2020-05-24,183283.0,43200.0,36469.0,30175.0,122847.0,610082.0,245482.0,32440.0
2020-05-25,198395.0,47713.0,40633.0,34218.0,143499.0,561913.0,280944.0,35462.0
2020-05-26,211654.0,51720.0,44859.0,38439.0,166967.0,513024.0,319041.0,38097.0
2020-05-27,222129.0,56015.0,49075.0,42572.0,192925.0,463400.0,359837.0,40796.0
2020-05-28,230111.0,58776.0,53384.0,46647.0,221854.0,415574.0,402296.0,42459.0
2020-05-29,234214.0,60946.0,56339.0,50565.0,252703.0,369810.0,445801.0,43505.0
2020-05-30,235377.0,62358.0,58815.0,53886.0,286668.0,328309.0,489801.0,44000.0
2020-05-31,232975.0,62982.0,60703.0,56984.0,322254.0,290111.0,533838.0,44037.0
2020-06-01,226737.0,63180.0,61739.0,58629.0,359603.0,256266.0,577330.0,43492.0
2020-06-02,217907.0,62175.0,62140.0,59845.0,398694.0,225733.0,619472.0,42142.0
2020-06-03,207594.0,60189.0,61794.0,60567.0,437718.0,198589.0,659807.0,40335.0
2020-06-04,195445.0,57364.0,60281.0,60499.0,476698.0,174783.0,697956.0,38149.0
2020-06-05,181940.0,54736.0,58401.0,59455.0,516105.0,155856.0,733940.0,35984.0
2020-06-06,168340.0,51626.0,55876.0,58315.0,553673.0,139140.0,767419.0,33479.0
2020-06-07,154581.0,48142.0,52772.0,56278.0,590433.0,125300.0,798163.0,30744.0
2020-06-08,140802.0,44652.0,49090.0,53799.0,626354.0,113379.0,826325.0,28162.0
2020-06-09,127802.0,40282.0,46117.0,50631.0,659556.0,103146.0,851574.0,25249.0
2020-06-10,115540.0,37130.0,42147.0,47325.0,690881.0,94626.0,874741.0,23167.0
2020-06-11,103806.0,33332.0,38725.0,43773.0,720557.0,87162.0,895356.0,20615.0
2020-06-12,92499.0,30072.0,35150.0,40136.0,747921.0,81238.0,914052.0,18696.0
2020-06-13,82744.0,27266.0,31743.0,37061.0,772605.0,75759.0,930924.0,16872.0
2020-06-14,73336.0,24292.0,28495.0,33655.0,795458.0,71530.0,945788.0,14864.0
2020-06-15,64927.0,21732.0,25937.0,30384.0,816217.0,67910.0,959052.0,13264.0
2020-06-16,57766.0,19237.0,23198.0,27467.0,834405.0,64602.0,970615.0,11563.0
2020-06-17,51578.0,17315.0,20740.0,24723.0,853160.0,61694.0,980988.0,10373.0
2020-06-18,45431.0,15362.0,18613.0,22158.0,866714.0,59452.0,990157.0,9169.0
2020-06-19,39948.0,13586.0,16495.0,20073.0,880451.0,57631.0,998320.0,8163.0
2020-06-20,35309.0,11896.0,14674.0,17905.0,892753.0,55429.0,1005413.0,7093.0
2020-06-21,31314.0,10479.0,12940.0,15892.0,902301.0,54077.0,1011736.0,6323.0
2020-06-22,27127.0,9344.0,11497.0,14151.0,912035.0,52793.0,1017373.0,5637.0
2020-06-23,23892.0,8160.0,10187.0,12560.0,920261.0,51702.0,1022293.0,4920.0
2020-06-24,20961.0,7121.0,8886.0,11109.0,927914.0,50733.0,1026605.0,4312.0
2020-06-25,18502.0,6351.0,7734.0,9754.0,935846.0,49951.0,1030420.0,3815.0
2020-06-26,16303.0,5527.0,7029.0,8529.0,941562.0,49280.0,1033801.0,3381.0
2020-06-27,14252.0,4755.0,6093.0,7598.0,946097.0,48689.0,1036690.0,2889.0
2020-06-28,12536.0,4206.0,5367.0,6644.0,950308.0,48172.0,1039200.0,2510.0
2020-06-29,10864.0,3838.0,4678.0,5936.0,954055.0,48001.0,1041475.0,2275.0
2020-06-30,9496.0,3225.0,4163.0,5129.0,958260.0,47878.0,1043451.0,1976.0
2020-07-01,8313.0,2883.0,3715.0,4541.0,961951.0,47501.0,1045190.0,1739.0
2020-07-02,7426.0,2507.0,3219.0,4092.0,964188.0,47004.0,1046644.0,1454.0
2020-07-03,6621.0,2251.0,2776.0,3525.0,967457.0,46725.0,1047949.0,1305.0
2020-07-04,5597.0,2050.0,2445.0,3084.0,969283.0,46669.0,1049187.0,1238.0
2020-07-05,4849.0,1762.0,2078.0,2809.0,970877.0,46617.0,1050206.0,1019.0
2020-07-06,4252.0,1609.0,1868.0,2352.0,971641.0,46552.0,1051146.0,940.0
