time,E,I1,I2,I3,R,S,cumI,diffI
2020-03-06,0.0,3.0,0.0,0.0,0.0,970102.0,0.0,0.0
2020-03-07,3.0,1.0,2.0,0.0,0.0,970629.0,0.0,0.0
2020-03-08,4.0,1.0,2.0,1.0,0.0,978841.0,1.0,1.0
2020-03-09,3.0,1.0,0.0,2.0,1.0,985415.0,2.0,1.0
2020-03-10,2.0,0.0,0.0,0.0,2.0,990940.0,2.0,0.0
2020-03-11,2.0,0.0,0.0,0.0,1.0,995303.0,2.0,0.0
2020-03-12,1.0,1.0,0.0,0.0,0.0,999048.0,3.0,1.0
2020-03-13,1.0,0.0,1.0,0.0,1.0,1002746.0,3.0,0.0
2020-03-14,2.0,0.0,0.0,0.0,0.0,1005515.0,3.0,0.0
2020-03-15,3.0,0.0,0.0,0.0,2.0,1007981.0,3.0,0.0
2020-03-16,2.0,0.0,0.0,0.0,1.0,1008479.0,3.0,0.0
2020-03-17,2.0,0.0,0.0,0.0,1.0,1008831.0,3.0,0.0
2020-03-18,2.0,0.0,0.0,0.0,0.0,1010674.0,3.0,0.0
2020-03-19,3.0,0.0,0.0,0.0,0.0,1011956.0,3.0,0.0
2020-03-20,0.0,0.0,0.0,0.0,0.0,1012535.0,3.0,0.0
2020-03-21,1.0,0.0,0.0,0.0,2.0,1012171.0,3.0,0.0
2020-03-22,0.0,1.0,1.0,0.0,2.0,1012796.0,4.0,1.0
2020-03-23,2.0,3.0,1.0,0.0,2.0,1013399.0,6.0,2.0
2020-03-24,2.0,1.0,0.0,1.0,0.0,1013660.0,6.0,0.0
2020-03-25,3.0,0.0,1.0,0.0,6.0,1014699.0,6.0,0.0
2020-03-26,8.0,0.0,0.0,1.0,4.0,1014973.0,6.0,0.0
2020-03-27,11.0,1.0,0.0,0.0,4.0,1014660.0,6.0,0.0
2020-03-28,6.0,3.0,2.0,1.0,8.0,1014586.0,8.0,2.0
2020-03-29,11.0,3.0,0.0,3.0,9.0,1015966.0,9.0,1.0
2020-03-30,11.0,2.0,3.0,2.0,10.0,1017516.0,13.0,4.0
2020-03-31,15.0,5.0,5.0,2.0,9.0,1015572.0,15.0,2.0
2020-04-01,23.0,7.0,1.0,3.0,11.0,1016359.0,17.0,2.0
2020-04-02,28.0,6.0,6.0,3.0,13.0,1015887.0,23.0,6.0
2020-04-03,31.0,7.0,3.0,6.0,18.0,1017765.0,29.0,6.0
2020-04-04,35.0,10.0,5.0,9.0,14.0,1016569.0,36.0,7.0
2020-04-05,47.0,10.0,11.0,5.0,20.0,1016173.0,43.0,7.0
2020-04-06,56.0,9.0,11.0,4.0,21.0,1017829.0,51.0,8.0
2020-04-07,78.0,7.0,13.0,12.0,29.0,1017598.0,58.0,7.0
2020-04-08,80.0,15.0,9.0,17.0,38.0,1016920.0,71.0,13.0
2020-04-09,100.0,21.0,7.0,18.0,55.0,1015281.0,89.0,18.0
2020-04-10,130.0,27.0,12.0,13.0,68.0,1017290.0,108.0,19.0
2020-04-11,152.0,31.0,19.0,13.0,82.0,1016858.0,128.0,20.0
2020-04-12,185.0,31.0,23.0,23.0,97.0,1019066.0,153.0,25.0
2020-04-13,216.0,49.0,25.0,21.0,107.0,1018659.0,188.0,35.0
2020-04-14,255.0,65.0,28.0,25.0,119.0,1019411.0,238.0,50.0
2020-04-15,309.0,68.0,61.0,40.0,139.0,1018867.0,294.0,56.0
2020-04-16,384.0,81.0,61.0,55.0,159.0,1020438.0,359.0,65.0
2020-04-17,468.0,89.0,70.0,74.0,194.0,1019525.0,421.0,62.0
2020-04-18,523.0,108.0,81.0,65.0,243.0,1019760.0,508.0,87.0
2020-04-19,608.0,154.0,110.0,80.0,289.0,1020259.0,625.0,117.0
2020-04-20,796.0,183.0,150.0,93.0,332.0,1019957.0,767.0,142.0
2020-04-21,1021.0,212.0,163.0,143.0,430.0,1019248.0,937.0,170.0
2020-04-22,1156.0,246.0,179.0,158.0,511.0,1018506.0,1128.0,191.0
2020-04-23,1368.0,276.0,233.0,184.0,614.0,1018030.0,1369.0,241.0
2020-04-24,1708.0,349.0,284.0,224.0,760.0,1016389.0,1641.0,272.0
2020-04-25,2051.0,436.0,338.0,287.0,924.0,1015390.0,1990.0,349.0
2020-04-26,2441.0,557.0,406.0,308.0,1111.0,1014081.0,2427.0,437.0
2020-04-27,3108.0,659.0,508.0,377.0,1352.0,1013995.0,2917.0,490.0
2020-04-28,3775.0,820.0,550.0,519.0,1625.0,1012594.0,3524.0,607.0
2020-04-29,4434.0,946.0,717.0,536.0,1930.0,1013167.0,4267.0,743.0
2020-04-30,5410.0,1153.0,886.0,701.0,2317.0,1012053.0,5177.0,910.0
2020-05-01,6512.0,1373.0,1069.0,826.0,2816.0,1010046.0,6257.0,1080.0
2020-05-02,7934.0,1637.0,1276.0,1022.0,3426.0,1006380.0,7544.0,1287.0
2020-05-03,9520.0,2042.0,1548.0,1178.0,4121.0,1002917.0,9203.0,1659.0
2020-05-04,11437.0,2363.0,1880.0,1456.0,5007.0,999141.0,11060.0,1857.0
2020-05-05,13580.0,2929.0,2247.0,1724.0,5972.0,994898.0,13409.0,2349.0
2020-05-06,16322.0,3514.0,2759.0,2146.0,7166.0,989787.0,16175.0,2766.0
2020-05-07,19668.0,4255.0,3254.0,2615.0,8656.0,984026.0,19495.0,3320.0
2020-05-08,23571.0,4892.0,4059.0,3049.0,10326.0,976742.0,23445.0,3950.0
2020-05-09,28119.0,6004.0,4641.0,3663.0,12448.0,969006.0,28132.0,4687.0
2020-05-10,33688.0,7233.0,5585.0,4341.0,14987.0,957734.0,33736.0,5604.0
2020-05-11,40041.0,8686.0,6679.0,5235.0,18037.0,944661.0,40484.0,6748.0
2020-05-12,47434.0,10128.0,7995.0,6208.0,21566.0,931037.0,48460.0,7976.0
2020-05-13,55532.0,11922.0,9425.0,7420.0,25993.0,915188.0,57766.0,9306.0
2020-05-14,65270.0,14224.0,11107.0,8807.0,31132.0,895262.0,68850.0,11084.0
2020-05-15,76276.0,16822.0,13196.0,10580.0,37391.0,870677.0,81953.0,13103.0
2020-05-16,89208.0,19625.0,15659.0,12419.0,44471.0,844175.0,97095.0,15142.0
2020-05-17,102656.0,22775.0,18380.0,14406.0,53044.0,813579.0,114771.0,17676.0
2020-05-18,117539.0,26280.0,21238.0,17164.0,63045.0,780402.0,134958.0,20187.0
2020-05-19,133947.0,30279.0,24815.0,19836.0,74840.0,742271.0,158220.0,23262.0
2020-05-20,149822.0,34430.0,28546.0,23191.0,88845.0,701252.0,184594.0,26374.0
2020-05-21,166224.0,38656.0,32167.0,26853.0,104944.0,657863.0,213822.0,29228.0
2020-05-22,182803.0,43213.0,36647.0,30550.0,122955.0,609875.0,246237.0,32415.0
2020-05-23,198316.0,47612.0,40717.0,34535.0,143834.0,561507.0,281626.0,35389.0
2020-05-24,211568.0,51559.0,45123.0,38378.0,167364.0,511334.0,319604.0,37978.0
2020-05-25,222375.0,55056.0,49210.0,42222.0,193629.0,462842.0,359977.0,40373.0
2020-05-26,229839.0,58376.0,52886.0,46296.0,222105.0,415474.0,402165.0,42188.0
2020-05-27,234237.0,60726.0,55879.0,50680.0,253728.0,369891.0,445433.0,43268.0
2020-05-28,234706.0,62845.0,58492.0,53839.0,287022.0,327776.0,489693.0,44260.0
2020-05-29,232298.0,62982.0,60545.0,56652.0,322848.0,289712.0,533320.0,43627.0
2020-05-30,227163.0,62626.0,61614.0,58830.0,359811.0,255138.0,576442.0,43122.0
2020-05-31,218391.0,61756.0,62265.0,59802.0,398373.0,223894.0,618570.0,42128.0
2020-06-01,208192.0,59991.0,61670.0,60729.0,437235.0,196987.0,658965.0,40395.0
2020-06-02,195376.0,57824.0,60241.0,60891.0,477414.0,174191.0,697319.0,38354.0
2020-06-03,182487.0,54353.0,57970.0,60133.0,515933.0,154194.0,732911.0,35592.0
2020-06-04,169160.0,51160.0,55499.0,58418.0,554867.0,137337.0,766367.0,33456.0
2020-06-05,154384.0,47434.0,52371.0,55870.0,591407.0,123180.0,797138.0,30771.0
2020-06-06,140490.0,44160.0,48933.0,53682.0,628663.0,111168.0,825446.0,28308.0
2020-06-07,127143.0,40427.0,45839.0,50355.0,661374.0,101227.0,850840.0,25394.0
2020-06-08,114688.0,37262.0,42298.0,47127.0,692822.0,92835.0,874106.0,23266.0
2020-06-09,103205.0,33758.0,38797.0,43766.0,722426.0,85974.0,894897.0,20791.0
2020-06-10,92225.0,30368.0,35565.0,40511.0,749720.0,80256.0,913557.0,18660.0
2020-06-11,81847.0,27054.0,32329.0,37051.0,775412.0,75038.0,930307.0,16750.0
2020-06-12,73255.0,24011.0,28961.0,33814.0,797778.0,70356.0,945045.0,14738.0
2020-06-13,64960.0,21404.0,26117.0,30537.0,818741.0,66844.0,958171.0,13126.0
2020-06-14,57442.0,19217.0,23127.0,27600.0,836301.0,63649.0,970029.0,11858.0
2020-06-15,50404.0,17144.0,20678.0,24771.0,853784.0,60662.0,980472.0,10443.0
2020-06-16,44203.0,15169.0,18364.0,22065.0,868135.0,58575.0,989595.0,9123.0
2020-06-17,39182.0,13064.0,16513.0,19911.0,881780.0,56336.0,997421.0,7826.0
2020-06-18,34586.0,11614.0,14479.0,17621.0,893535.0,54815.0,1004340.0,6919.0
2020-06-19,30612.0,10263.0,12886.0,15400.0,905115.0,53123.0,1010524.0,6184.0
2020-06-20,26768.0,9011.0,11246.0,13860.0,913969.0,51825.0,1015863.0,5339.0
2020-06-21,23677.0,8006.0,9867.0,12167.0,922917.0,50945.0,1020586.0,4723.0
2020-06-22,20747.0,7055.0,8726.0,10782.0,930199.0,50062.0,1024838.0,4252.0
2020-06-23,17971.0,6212.0,7742.0,9530.0,936380.0,49403.0,1028512.0,3674.0
2020-06-24,15896.0,5419.0,6847.0,8420.0,941873.0,48769.0,1031625.0,3113.0
2020-06-25,13772.0,4725.0,6071.0,7409.0,947812.0,48099.0,1034472.0,2847.0
2020-06-26,11874.0,4197.0,5182.0,6699.0,951850.0,47277.0,1036938.0,2466.0
2020-06-27,10472.0,3653.0,4589.0,5731.0,957298.0,46865.0,1039042.0,2104.0
2020-06-28,9255.0,3164.0,3970.0,5027.0,960321.0,46689.0,1040911.0,1869.0
2020-06-29,7975.0,2779.0,3550.0,4353.0,963700.0,46611.0,1042620.0,1709.0
2020-06-30,7106.0,2417.0,3138.0,3767.0,964492.0,46245.0,1044067.0,1447.0
2020-07-01,6194.0,2164.0,2690.0,3345.0,967056.0,46190.0,1045326.0,1259.0
2020-07-02,5344.0,1873.0,2324.0,2920.0,970377.0,46247.0,1046420.0,1094.0
2020-07-03,4626.0,1634.0,2032.0,2603.0,972062.0,45752.0,1047415.0,995.0
2020-07-04,4084.0,1413.0,1823.0,2150.0,973772.0,45669.0,1048229.0,814.0
2020-07-05,3598.0,1245.0,1616.0,1855.0,975458.0,45601.0,1048951.0,722.0
2020-07-06,3083.0,1100.0,1402.0,1690.0,974724.0,45159.0,1049582.0,631.0
