time,E,I1,I2,I3,R,S,cumI,diffI
2020-03-06,0.0,0.0,1.0,0.0,0.0,969779.0,0.0,0.0
2020-03-07,0.0,0.0,0.0,0.0,0.0,972250.0,0.0,0.0
2020-03-08,0.0,0.0,0.0,0.0,0.0,980141.0,0.0,0.0
2020-03-09,0.0,0.0,0.0,0.0,1.0,987596.0,0.0,0.0
2020-03-10,0.0,0.0,0.0,0.0,0.0,992287.0,0.0,0.0
2020-03-11,0.0,0.0,0.0,0.0,1.0,997485.0,0.0,0.0
2020-03-12,0.0,0.0,0.0,0.0,0.0,1001587.0,0.0,0.0
2020-03-13,0.0,0.0,0.0,0.0,1.0,1003931.0,0.0,0.0
2020-03-14,0.0,0.0,0.0,0.0,0.0,1005302.0,0.0,0.0
2020-03-15,0.0,0.0,0.0,0.0,0.0,1006235.0,0.0,0.0
2020-03-16,0.0,0.0,0.0,0.0,0.0,1008034.0,0.0,0.0
2020-03-17,0.0,0.0,0.0,0.0,1.0,1010065.0,0.0,0.0
2020-03-18,0.0,0.0,0.0,0.0,1.0,1010188.0,0.0,0.0
2020-03-19,0.0,0.0,0.0,0.0,1.0,1010991.0,0.0,0.0
2020-03-20,1.0,0.0,0.0,0.0,0.0,1011603.0,0.0,0.0
2020-03-21,1.0,1.0,0.0,0.0,0.0,1012114.0,0.0,0.0
2020-03-22,1.0,0.0,0.0,0.0,0.0,1012645.0,0.0,0.0
2020-03-23,2.0,2.0,0.0,0.0,0.0,1012304.0,0.0,0.0
2020-03-24,3.0,2.0,1.0,1.0,1.0,1013769.0,1.0,1.0
2020-03-25,5.0,1.0,0.0,0.0,2.0,1014240.0,1.0,0.0
2020-03-26,6.0,2.0,0.0,0.0,2.0,1015310.0,1.0,0.0
2020-03-27,9.0,1.0,1.0,2.0,2.0,1015912.0,1.0,0.0
2020-03-28,11.0,4.0,0.0,1.0,1.0,1014200.0,3.0,2.0
2020-03-29,10.0,0.0,1.0,3.0,1.0,1014209.0,3.0,0.0
2020-03-30,9.0,4.0,0.0,2.0,3.0,1015374.0,5.0,2.0
2020-03-31,11.0,4.0,1.0,1.0,6.0,1017311.0,6.0,1.0
2020-04-01,13.0,3.0,1.0,1.0,11.0,1017837.0,8.0,2.0
2020-04-02,14.0,0.0,2.0,4.0,9.0,1017068.0,9.0,1.0
2020-04-03,16.0,0.0,1.0,5.0,14.0,1017090.0,11.0,2.0
2020-04-04,23.0,5.0,4.0,1.0,15.0,1017539.0,16.0,5.0
2020-04-05,30.0,9.0,5.0,4.0,16.0,1017159.0,22.0,6.0
2020-04-06,39.0,7.0,9.0,5.0,18.0,1016594.0,30.0,8.0
2020-04-07,47.0,8.0,7.0,3.0,20.0,1017342.0,35.0,5.0
2020-04-08,62.0,11.0,9.0,6.0,18.0,1019265.0,42.0,7.0
2020-04-09,79.0,13.0,7.0,9.0,34.0,1020035.0,52.0,10.0
2020-04-10,83.0,22.0,14.0,8.0,35.0,1019636.0,65.0,13.0
2020-04-11,98.0,19.0,17.0,7.0,36.0,1019167.0,79.0,14.0
2020-04-12,107.0,30.0,19.0,13.0,53.0,1019678.0,104.0,25.0
2020-04-13,130.0,25.0,36.0,14.0,52.0,1019394.0,127.0,23.0
2020-04-14,149.0,33.0,35.0,11.0,73.0,1019228.0,159.0,32.0
2020-04-15,169.0,34.0,27.0,27.0,89.0,1019214.0,185.0,26.0
2020-04-16,212.0,45.0,34.0,21.0,100.0,1020475.0,212.0,27.0
2020-04-17,263.0,55.0,54.0,36.0,127.0,1019301.0,262.0,50.0
2020-04-18,327.0,64.0,58.0,31.0,152.0,1019679.0,306.0,44.0
2020-04-19,368.0,89.0,64.0,49.0,176.0,1020186.0,377.0,71.0
2020-04-20,486.0,96.0,62.0,61.0,205.0,1021533.0,453.0,76.0
2020-04-21,561.0,116.0,74.0,73.0,252.0,1021987.0,527.0,74.0
2020-04-22,666.0,166.0,103.0,76.0,283.0,1020689.0,657.0,130.0
2020-04-23,801.0,178.0,139.0,108.0,333.0,1021214.0,789.0,132.0
2020-04-24,1030.0,187.0,157.0,144.0,421.0,1021948.0,937.0,148.0
2020-04-25,1257.0,225.0,176.0,150.0,501.0,1021917.0,1140.0,203.0
2020-04-26,1464.0,309.0,212.0,207.0,612.0,1019250.0,1381.0,241.0
2020-04-27,1685.0,354.0,283.0,243.0,729.0,1018351.0,1665.0,284.0
2020-04-28,2105.0,399.0,325.0,291.0,874.0,1018940.0,1978.0,313.0
2020-04-29,2459.0,476.0,417.0,305.0,1102.0,1017295.0,2360.0,382.0
2020-04-30,2861.0,611.0,455.0,361.0,1315.0,1016461.0,2859.0,499.0
2020-05-01,3489.0,754.0,560.0,428.0,1558.0,1015675.0,3437.0,578.0
2020-05-02,4261.0,900.0,717.0,554.0,1789.0,1014318.0,4130.0,693.0
2020-05-03,5125.0,1154.0,803.0,634.0,2189.0,1012813.0,4980.0,850.0
2020-05-04,6212.0,1303.0,984.0,808.0,2703.0,1010685.0,5953.0,973.0
2020-05-05,7524.0,1518.0,1257.0,941.0,3240.0,1008258.0,7195.0,1242.0
2020-05-06,9080.0,1911.0,1461.0,1147.0,3904.0,1005636.0,8795.0,1600.0
2020-05-07,10805.0,2304.0,1795.0,1341.0,4733.0,1001913.0,10616.0,1821.0
2020-05-08,13098.0,2755.0,2165.0,1655.0,5542.0,997903.0,12789.0,2173.0
2020-05-09,15646.0,3178.0,2614.0,2007.0,6684.0,993763.0,15339.0,2550.0
2020-05-10,18697.0,3927.0,3001.0,2325.0,8069.0,988360.0,18457.0,3118.0
2020-05-11,22467.0,4771.0,3717.0,2771.0,9603.0,980582.0,22299.0,3842.0
2020-05-12,26740.0,5848.0,4368.0,3444.0,11590.0,973421.0,26913.0,4614.0
2020-05-13,31800.0,6886.0,5174.0,4096.0,13971.0,963217.0,32296.0,5383.0
2020-05-14,37780.0,8217.0,6390.0,4897.0,16733.0,951022.0,38832.0,6536.0
2020-05-15,44866.0,9605.0,7666.0,5825.0,20127.0,937484.0,46335.0,7503.0
2020-05-16,52874.0,11414.0,9113.0,6951.0,24505.0,921008.0,55230.0,8895.0
2020-05-17,62005.0,13665.0,10732.0,8265.0,29682.0,900796.0,65787.0,10557.0
2020-05-18,72847.0,15926.0,12624.0,9902.0,35760.0,877344.0,77965.0,12178.0
2020-05-19,85090.0,18650.0,14919.0,11730.0,42375.0,852659.0,92434.0,14469.0
2020-05-20,98408.0,21718.0,17436.0,13757.0,50573.0,822522.0,109198.0,16764.0
2020-05-21,112836.0,25042.0,20394.0,16323.0,60182.0,790600.0,128581.0,19383.0
2020-05-22,128820.0,29043.0,23753.0,18891.0,71541.0,754262.0,150764.0,22183.0
2020-05-23,145358.0,33101.0,27117.0,22483.0,84447.0,715092.0,176294.0,25530.0
2020-05-24,161768.0,37398.0,31244.0,25233.0,99934.0,671171.0,204594.0,28300.0
2020-05-25,178222.0,41882.0,34936.0,29345.0,117122.0,625635.0,236176.0,31582.0
2020-05-26,193422.0,46105.0,38983.0,33043.0,136987.0,577585.0,270628.0,34452.0
2020-05-27,207274.0,50312.0,43324.0,36805.0,160147.0,529263.0,307620.0,36992.0
2020-05-28,218094.0,54161.0,47683.0,41070.0,185134.0,480821.0,347399.0,39779.0
2020-05-29,227087.0,57852.0,51296.0,45627.0,212767.0,433091.0,389028.0,41629.0
2020-05-30,233224.0,60311.0,54650.0,49263.0,243395.0,386975.0,432065.0,43037.0
2020-05-31,234996.0,62601.0,57804.0,52425.0,275917.0,343893.0,476387.0,44322.0
2020-06-01,233712.0,63213.0,59945.0,55500.0,310939.0,304725.0,520397.0,44010.0
2020-06-02,228480.0,62872.0,61792.0,58101.0,347626.0,268394.0,563944.0,43547.0
2020-06-03,221027.0,62207.0,62227.0,59680.0,385846.0,236208.0,606339.0,42395.0
2020-06-04,211491.0,60936.0,61933.0,60406.0,424807.0,207744.0,647267.0,40928.0
2020-06-05,200407.0,59019.0,60916.0,60757.0,463773.0,183178.0,686496.0,39229.0
2020-06-06,187363.0,56035.0,59165.0,60357.0,502000.0,161988.0,723084.0,36588.0
2020-06-07,173898.0,52549.0,56962.0,59054.0,541373.0,144294.0,757257.0,34173.0
2020-06-08,159835.0,49145.0,53935.0,56974.0,578222.0,128717.0,789067.0,31810.0
2020-06-09,145818.0,45486.0,50403.0,54495.0,615181.0,115694.0,818039.0,28972.0
2020-06-10,132440.0,41816.0,46852.0,51292.0,650284.0,105055.0,844334.0,26295.0
2020-06-11,119726.0,38083.0,43288.0,48335.0,681830.0,96005.0,868063.0,23729.0
2020-06-12,107990.0,34660.0,39770.0,44971.0,712109.0,88524.0,889920.0,21857.0
2020-06-13,96876.0,31476.0,36124.0,41330.0,739543.0,82170.0,909529.0,19609.0
2020-06-14,86078.0,28294.0,33370.0,37939.0,765510.0,77006.0,927066.0,17537.0
2020-06-15,76989.0,25159.0,30207.0,34746.0,789015.0,72562.0,942383.0,15317.0
2020-06-16,68284.0,22633.0,27263.0,31604.0,810939.0,68590.0,956297.0,13914.0
2020-06-17,60729.0,20283.0,24088.0,28845.0,830428.0,64914.0,968463.0,12166.0
2020-06-18,53887.0,18001.0,21727.0,25702.0,847531.0,62131.0,979350.0,10887.0
2020-06-19,47417.0,15885.0,19539.0,23169.0,863794.0,59676.0,988914.0,9564.0
2020-06-20,41658.0,14223.0,17290.0,21014.0,878138.0,57529.0,997441.0,8527.0
2020-06-21,36695.0,12524.0,15366.0,18810.0,890665.0,55791.0,1004932.0,7491.0
2020-06-22,32418.0,10856.0,13445.0,16490.0,900953.0,54297.0,1011466.0,6534.0
2020-06-23,28650.0,9698.0,12007.0,14603.0,910608.0,53107.0,1017449.0,5983.0
2020-06-24,25332.0,8527.0,10630.0,13054.0,919329.0,51631.0,1022566.0,5117.0
2020-06-25,22107.0,7471.0,9323.0,11564.0,926846.0,51022.0,1027016.0,4450.0
2020-06-26,19193.0,6626.0,8041.0,10256.0,933247.0,50075.0,1030984.0,3968.0
2020-06-27,16645.0,5901.0,7098.0,8858.0,939390.0,49499.0,1034511.0,3527.0
2020-06-28,14622.0,5105.0,6241.0,7859.0,943957.0,48897.0,1037475.0,2964.0
2020-06-29,12814.0,4361.0,5473.0,6901.0,949603.0,48401.0,1040049.0,2574.0
2020-06-30,11313.0,3876.0,4704.0,6103.0,953592.0,47785.0,1042301.0,2252.0
2020-07-01,9893.0,3493.0,4121.0,5358.0,958971.0,47691.0,1044399.0,2098.0
2020-07-02,8686.0,2976.0,3698.0,4671.0,961430.0,47451.0,1046099.0,1700.0
2020-07-03,7558.0,2541.0,3296.0,4113.0,964465.0,47122.0,1047625.0,1526.0
2020-07-04,6688.0,2234.0,2867.0,3624.0,966032.0,46683.0,1048947.0,1322.0
2020-07-05,5880.0,2051.0,2484.0,3082.0,968838.0,46200.0,1050164.0,1217.0
2020-07-06,5080.0,1734.0,2167.0,2693.0,971819.0,46275.0,1051214.0,1050.0
