time,E,I1,I2,I3,R,S,cumI,diffI
2020-03-06,1.0,2.0,1.0,0.0,0.0,970424.0,0.0,0.0
2020-03-07,1.0,0.0,0.0,0.0,1.0,973403.0,0.0,0.0
2020-03-08,1.0,0.0,0.0,0.0,1.0,980156.0,0.0,0.0
2020-03-09,0.0,0.0,1.0,0.0,0.0,987025.0,0.0,0.0
2020-03-10,0.0,0.0,0.0,0.0,1.0,993435.0,0.0,0.0
2020-03-11,0.0,0.0,0.0,0.0,0.0,997274.0,0.0,0.0
2020-03-12,0.0,0.0,0.0,0.0,0.0,1000750.0,0.0,0.0
2020-03-13,0.0,0.0,0.0,0.0,0.0,1003630.0,0.0,0.0
2020-03-14,0.0,1.0,0.0,0.0,0.0,1005392.0,0.0,0.0
2020-03-15,2.0,1.0,0.0,0.0,0.0,1006269.0,0.0,0.0
2020-03-16,3.0,0.0,0.0,0.0,0.0,1008038.0,0.0,0.0
2020-03-17,3.0,0.0,0.0,0.0,0.0,1009571.0,0.0,0.0
2020-03-18,1.0,1.0,0.0,0.0,1.0,1009792.0,1.0,1.0
2020-03-19,2.0,2.0,0.0,1.0,0.0,1009715.0,3.0,2.0
2020-03-20,4.0,1.0,1.0,0.0,1.0,1010746.0,3.0,0.0
2020-03-21,8.0,0.0,2.0,0.0,0.0,1011338.0,3.0,0.0
2020-03-22,7.0,1.0,0.0,1.0,1.0,1010701.0,4.0,1.0
2020-03-23,7.0,2.0,0.0,0.0,1.0,1012085.0,5.0,1.0
2020-03-24,5.0,0.0,1.0,1.0,1.0,1013086.0,5.0,0.0
2020-03-25,6.0,1.0,2.0,1.0,1.0,1013539.0,7.0,2.0
2020-03-26,8.0,2.0,0.0,2.0,2.0,1013273.0,9.0,2.0
2020-03-27,13.0,3.0,2.0,0.0,4.0,1014452.0,12.0,3.0
2020-03-28,14.0,2.0,3.0,2.0,4.0,1015796.0,13.0,1.0
2020-03-29,23.0,3.0,2.0,3.0,8.0,1015958.0,14.0,1.0
2020-03-30,23.0,3.0,3.0,4.0,9.0,1015482.0,17.0,3.0
2020-03-31,22.0,4.0,6.0,3.0,13.0,1016443.0,23.0,6.0
2020-04-01,20.0,7.0,4.0,5.0,11.0,1017175.0,30.0,7.0
2020-04-02,35.0,10.0,4.0,8.0,16.0,1017095.0,34.0,4.0
2020-04-03,44.0,7.0,5.0,3.0,18.0,1016152.0,39.0,5.0
2020-04-04,50.0,7.0,8.0,5.0,18.0,1017025.0,47.0,8.0
2020-04-05,52.0,10.0,7.0,8.0,22.0,1016028.0,54.0,7.0
2020-04-06,71.0,11.0,15.0,9.0,34.0,1016505.0,63.0,9.0
2020-04-07,72.0,18.0,11.0,12.0,38.0,1016487.0,80.0,17.0
2020-04-08,95.0,13.0,16.0,20.0,36.0,1017477.0,94.0,14.0
2020-04-09,113.0,24.0,19.0,6.0,53.0,1018400.0,113.0,19.0
2020-04-10,140.0,36.0,17.0,22.0,69.0,1018896.0,141.0,28.0
2020-04-11,180.0,43.0,26.0,24.0,81.0,1017865.0,174.0,33.0
2020-04-12,188.0,36.0,44.0,20.0,97.0,1017743.0,207.0,33.0
2020-04-13,222.0,45.0,41.0,37.0,101.0,1018126.0,249.0,42.0
2020-04-14,278.0,39.0,44.0,32.0,123.0,1018974.0,284.0,35.0
2020-04-15,307.0,62.0,56.0,35.0,144.0,1020319.0,331.0,47.0
2020-04-16,376.0,69.0,54.0,53.0,171.0,1019283.0,387.0,56.0
2020-04-17,430.0,102.0,57.0,58.0,215.0,1019947.0,461.0,74.0
2020-04-18,506.0,108.0,98.0,54.0,254.0,1019598.0,550.0,89.0
2020-04-19,613.0,135.0,101.0,84.0,295.0,1019528.0,657.0,107.0
2020-04-20,780.0,165.0,123.0,98.0,358.0,1018443.0,776.0,119.0
2020-04-21,961.0,215.0,152.0,119.0,433.0,1018831.0,931.0,155.0
2020-04-22,1162.0,245.0,170.0,152.0,517.0,1018734.0,1137.0,206.0
2020-04-23,1405.0,292.0,220.0,169.0,612.0,1017962.0,1359.0,222.0
2020-04-24,1654.0,344.0,256.0,197.0,698.0,1016899.0,1628.0,269.0
2020-04-25,1969.0,409.0,314.0,258.0,884.0,1016471.0,1937.0,309.0
2020-04-26,2387.0,509.0,392.0,319.0,1018.0,1015919.0,2358.0,421.0
2020-04-27,2867.0,597.0,490.0,333.0,1317.0,1014412.0,2853.0,495.0
2020-04-28,3401.0,711.0,577.0,448.0,1560.0,1012861.0,3435.0,582.0
2020-04-29,4208.0,904.0,702.0,516.0,1933.0,1012041.0,4159.0,724.0
2020-04-30,5074.0,1067.0,793.0,632.0,2266.0,1010366.0,4963.0,804.0
2020-05-01,6106.0,1227.0,998.0,764.0,2679.0,1009723.0,5937.0,974.0
2020-05-02,7353.0,1571.0,1247.0,908.0,3223.0,1006552.0,7219.0,1282.0
2020-05-03,8968.0,1934.0,1467.0,1134.0,3879.0,1004503.0,8802.0,1583.0
2020-05-04,10695.0,2323.0,1760.0,1381.0,4631.0,1000462.0,10711.0,1909.0
2020-05-05,12949.0,2717.0,2100.0,1731.0,5641.0,996774.0,12898.0,2187.0
2020-05-06,15652.0,3298.0,2489.0,2016.0,6864.0,992775.0,15456.0,2558.0
2020-05-07,18773.0,3947.0,3106.0,2384.0,8225.0,986152.0,18578.0,3122.0
2020-05-08,22529.0,4899.0,3737.0,2886.0,9847.0,977557.0,22423.0,3845.0
2020-05-09,26823.0,5693.0,4477.0,3442.0,11895.0,969009.0,26915.0,4492.0
2020-05-10,32030.0,6916.0,5292.0,4242.0,14385.0,960589.0,32408.0,5493.0
2020-05-11,38251.0,8152.0,6460.0,5058.0,17155.0,948046.0,38807.0,6399.0
2020-05-12,45252.0,9850.0,7505.0,6032.0,20817.0,934511.0,46347.0,7540.0
2020-05-13,53287.0,11628.0,9105.0,7052.0,24992.0,918479.0,55279.0,8932.0
2020-05-14,62961.0,13485.0,10832.0,8594.0,29788.0,898345.0,65777.0,10498.0
2020-05-15,73720.0,16013.0,12624.0,10215.0,35794.0,876467.0,78297.0,12520.0
2020-05-16,85785.0,19075.0,14778.0,11881.0,42429.0,850183.0,92956.0,14659.0
2020-05-17,99228.0,21931.0,17429.0,13985.0,50440.0,821136.0,109685.0,16729.0
2020-05-18,113386.0,25782.0,20205.0,16358.0,60337.0,788201.0,129347.0,19662.0
2020-05-19,128508.0,29333.0,23597.0,19143.0,71832.0,752153.0,151828.0,22481.0
2020-05-20,145019.0,33018.0,27310.0,22056.0,85010.0,711670.0,176869.0,25041.0
2020-05-21,161912.0,37477.0,31106.0,25562.0,99920.0,667999.0,205354.0,28485.0
2020-05-22,177960.0,41811.0,35417.0,29264.0,117374.0,624044.0,236850.0,31496.0
2020-05-23,193296.0,46254.0,39670.0,33373.0,137226.0,575612.0,271486.0,34636.0
2020-05-24,206839.0,50388.0,43858.0,37186.0,159999.0,526973.0,308805.0,37319.0
2020-05-25,218330.0,54349.0,47701.0,41262.0,185106.0,477722.0,348519.0,39714.0
2020-05-26,227287.0,57321.0,51784.0,45398.0,212816.0,429226.0,390288.0,41769.0
2020-05-27,232438.0,60456.0,54997.0,49327.0,242809.0,384488.0,433482.0,43194.0
2020-05-28,235139.0,61925.0,57736.0,52773.0,275838.0,340842.0,477153.0,43671.0
2020-05-29,233448.0,62775.0,60056.0,55313.0,311663.0,301940.0,520813.0,43660.0
2020-05-30,228887.0,62972.0,61869.0,57703.0,348436.0,265561.0,564276.0,43463.0
2020-05-31,220858.0,62359.0,61951.0,59754.0,386778.0,233810.0,606605.0,42329.0
2020-06-01,210628.0,61036.0,61646.0,60617.0,425391.0,205944.0,647574.0,40969.0
2020-06-02,199096.0,58504.0,60841.0,60759.0,464629.0,181905.0,686275.0,38701.0
2020-06-03,186162.0,55688.0,58726.0,60215.0,503706.0,161122.0,722931.0,36656.0
2020-06-04,172390.0,52743.0,56228.0,58756.0,542928.0,143964.0,757180.0,34249.0
2020-06-05,158630.0,48959.0,53110.0,56826.0,580551.0,129217.0,788389.0,31209.0
2020-06-06,144636.0,45515.0,50049.0,54239.0,616225.0,115908.0,817199.0,28810.0
2020-06-07,131815.0,41612.0,47083.0,51521.0,649562.0,105371.0,843494.0,26295.0
2020-06-08,118946.0,38258.0,43248.0,48723.0,682443.0,96590.0,867614.0,24120.0
2020-06-09,106724.0,34442.0,39896.0,44779.0,711968.0,88804.0,889211.0,21597.0
2020-06-10,95574.0,31035.0,36549.0,41316.0,740393.0,82354.0,908596.0,19385.0
2020-06-11,85110.0,27952.0,33079.0,37986.0,765559.0,77126.0,925779.0,17183.0
2020-06-12,75383.0,25136.0,29507.0,34754.0,789838.0,72814.0,941164.0,15385.0
2020-06-13,67158.0,22494.0,27006.0,31646.0,810564.0,68762.0,954888.0,13724.0
2020-06-14,59673.0,19927.0,24298.0,28867.0,829529.0,65271.0,967058.0,12170.0
2020-06-15,52619.0,17716.0,21548.0,25703.0,846181.0,62573.0,977823.0,10765.0
2020-06-16,46637.0,15884.0,19107.0,23013.0,861695.0,60342.0,987357.0,9534.0
2020-06-17,41214.0,14070.0,17287.0,20447.0,875840.0,58107.0,995699.0,8342.0
2020-06-18,36220.0,12289.0,15415.0,18353.0,888579.0,56006.0,1003192.0,7493.0
2020-06-19,32103.0,10835.0,13400.0,16412.0,899822.0,54303.0,1009726.0,6534.0
2020-06-20,28199.0,9544.0,11849.0,14483.0,909753.0,52852.0,1015427.0,5701.0
2020-06-21,24795.0,8548.0,10526.0,12807.0,918050.0,51765.0,1020521.0,5094.0
2020-06-22,21867.0,7561.0,9242.0,11331.0,927320.0,50974.0,1025023.0,4502.0
2020-06-23,19002.0,6621.0,8311.0,9870.0,933919.0,50099.0,1028994.0,3971.0
2020-06-24,16619.0,5635.0,7260.0,9030.0,938986.0,49187.0,1032442.0,3448.0
2020-06-25,14765.0,5005.0,6369.0,7965.0,943769.0,48738.0,1035422.0,2980.0
2020-06-26,12882.0,4493.0,5588.0,6966.0,947879.0,48218.0,1038105.0,2683.0
2020-06-27,11248.0,3848.0,4847.0,6098.0,952743.0,47732.0,1040380.0,2275.0
2020-06-28,9853.0,3295.0,4230.0,5436.0,955526.0,47101.0,1042343.0,1963.0
2020-06-29,8605.0,2854.0,3707.0,4638.0,959556.0,47026.0,1044095.0,1752.0
2020-06-30,7454.0,2610.0,3298.0,4021.0,962466.0,46878.0,1045707.0,1612.0
2020-07-01,6519.0,2274.0,2846.0,3594.0,965082.0,46475.0,1047026.0,1319.0
2020-07-02,5706.0,1965.0,2446.0,3268.0,967363.0,46242.0,1048202.0,1176.0
2020-07-03,5048.0,1751.0,2189.0,2717.0,968539.0,46015.0,1049251.0,1049.0
2020-07-04,4497.0,1576.0,1946.0,2385.0,970736.0,45930.0,1050156.0,905.0
2020-07-05,3849.0,1387.0,1701.0,2103.0,971542.0,45953.0,1051009.0,853.0
2020-07-06,3353.0,1198.0,1482.0,1832.0,972536.0,45861.0,1051700.0,691.0
