time,E,I1,I2,I3,R,S,cumI,diffI
2020-03-06,2.0,2.0,0.0,0.0,0.0,970862.0,0.0,0.0
2020-03-07,4.0,2.0,0.0,0.0,0.0,972545.0,0.0,0.0
2020-03-08,4.0,1.0,0.0,0.0,1.0,980139.0,0.0,0.0
2020-03-09,1.0,0.0,0.0,0.0,1.0,986997.0,0.0,0.0
2020-03-10,3.0,0.0,0.0,0.0,2.0,992671.0,0.0,0.0
2020-03-11,1.0,1.0,0.0,0.0,2.0,996565.0,2.0,2.0
2020-03-12,0.0,1.0,0.0,0.0,1.0,1000165.0,2.0,0.0
2020-03-13,2.0,1.0,0.0,0.0,1.0,1002702.0,2.0,0.0
2020-03-14,3.0,1.0,0.0,0.0,0.0,1005122.0,3.0,1.0
2020-03-15,4.0,2.0,1.0,0.0,1.0,1006708.0,5.0,2.0
2020-03-16,7.0,1.0,0.0,1.0,2.0,1007794.0,5.0,0.0
2020-03-17,9.0,2.0,1.0,1.0,3.0,1010650.0,7.0,2.0
2020-03-18,8.0,1.0,3.0,0.0,2.0,1011366.0,8.0,1.0
2020-03-19,6.0,2.0,2.0,0.0,3.0,1011245.0,10.0,2.0
2020-03-20,9.0,3.0,2.0,1.0,4.0,1012053.0,12.0,2.0
2020-03-21,18.0,5.0,1.0,3.0,2.0,1011390.0,14.0,2.0
2020-03-22,18.0,3.0,4.0,4.0,3.0,1011727.0,15.0,1.0
2020-03-23,24.0,7.0,3.0,3.0,7.0,1012512.0,19.0,4.0
2020-03-24,24.0,7.0,4.0,1.0,8.0,1013227.0,22.0,3.0
2020-03-25,27.0,7.0,4.0,4.0,7.0,1012436.0,27.0,5.0
2020-03-26,37.0,6.0,5.0,7.0,12.0,1013410.0,30.0,3.0
2020-03-27,36.0,15.0,5.0,3.0,14.0,1013089.0,43.0,13.0
2020-03-28,35.0,12.0,3.0,3.0,21.0,1015031.0,51.0,8.0
2020-03-29,35.0,12.0,9.0,7.0,30.0,1016008.0,59.0,8.0
2020-03-30,49.0,7.0,15.0,9.0,33.0,1015351.0,66.0,7.0
2020-03-31,49.0,11.0,10.0,14.0,33.0,1015839.0,77.0,11.0
2020-04-01,53.0,9.0,8.0,13.0,32.0,1015484.0,85.0,8.0
2020-04-02,75.0,20.0,9.0,13.0,34.0,1016437.0,100.0,15.0
2020-04-03,94.0,19.0,21.0,10.0,45.0,1017223.0,112.0,12.0
2020-04-04,125.0,27.0,19.0,19.0,53.0,1016389.0,135.0,23.0
2020-04-05,132.0,38.0,22.0,20.0,61.0,1016638.0,162.0,27.0
2020-04-06,177.0,31.0,34.0,22.0,63.0,1017437.0,182.0,20.0
2020-04-07,206.0,48.0,42.0,18.0,69.0,1017417.0,223.0,41.0
2020-04-08,248.0,58.0,39.0,31.0,101.0,1017866.0,265.0,42.0
2020-04-09,288.0,74.0,52.0,28.0,123.0,1018651.0,317.0,52.0
2020-04-10,339.0,79.0,63.0,42.0,146.0,1018813.0,375.0,58.0
2020-04-11,419.0,105.0,77.0,51.0,180.0,1018119.0,463.0,88.0
2020-04-12,514.0,111.0,82.0,60.0,219.0,1017821.0,543.0,80.0
2020-04-13,630.0,145.0,103.0,75.0,266.0,1018615.0,649.0,106.0
2020-04-14,709.0,176.0,109.0,89.0,337.0,1019383.0,780.0,131.0
2020-04-15,854.0,196.0,141.0,96.0,388.0,1019925.0,923.0,143.0
2020-04-16,1067.0,222.0,170.0,134.0,420.0,1018551.0,1090.0,167.0
2020-04-17,1252.0,264.0,179.0,150.0,501.0,1017035.0,1306.0,216.0
2020-04-18,1510.0,329.0,220.0,164.0,628.0,1016593.0,1557.0,251.0
2020-04-19,1773.0,376.0,319.0,209.0,765.0,1017128.0,1869.0,312.0
2020-04-20,2163.0,436.0,357.0,292.0,911.0,1016755.0,2228.0,359.0
2020-04-21,2607.0,534.0,376.0,343.0,1093.0,1016151.0,2630.0,402.0
2020-04-22,3065.0,661.0,498.0,364.0,1324.0,1015591.0,3143.0,513.0
2020-04-23,3584.0,777.0,608.0,425.0,1592.0,1015443.0,3727.0,584.0
2020-04-24,4355.0,934.0,714.0,553.0,1885.0,1013811.0,4432.0,705.0
2020-04-25,5239.0,1092.0,847.0,676.0,2258.0,1011951.0,5318.0,886.0
2020-04-26,6319.0,1386.0,987.0,798.0,2783.0,1009173.0,6417.0,1099.0
2020-04-27,7597.0,1639.0,1316.0,934.0,3392.0,1007254.0,7699.0,1282.0
2020-04-28,9450.0,1923.0,1507.0,1217.0,3963.0,1002901.0,9153.0,1454.0
2020-04-29,11194.0,2383.0,1851.0,1439.0,4792.0,1000450.0,11086.0,1933.0
2020-04-30,13434.0,2822.0,2197.0,1692.0,5844.0,996337.0,13340.0,2254.0
2020-05-01,16159.0,3462.0,2703.0,2064.0,7194.0,991063.0,16032.0,2692.0
2020-05-02,19451.0,4085.0,3208.0,2541.0,8730.0,984296.0,19182.0,3150.0
2020-05-03,23486.0,4867.0,3820.0,3034.0,10271.0,976260.0,23078.0,3896.0
2020-05-04,27763.0,5889.0,4626.0,3584.0,12429.0,969215.0,27785.0,4707.0
2020-05-05,33182.0,7026.0,5512.0,4140.0,14978.0,959321.0,33315.0,5530.0
2020-05-06,39301.0,8404.0,6547.0,5076.0,17929.0,946457.0,39901.0,6586.0
2020-05-07,46327.0,9903.0,7880.0,6026.0,21459.0,932618.0,47667.0,7766.0
2020-05-08,55027.0,11889.0,9260.0,7263.0,25698.0,916122.0,56913.0,9246.0
2020-05-09,65051.0,13996.0,11166.0,8670.0,30831.0,894891.0,67897.0,10984.0
2020-05-10,76039.0,16552.0,13053.0,10271.0,36839.0,872325.0,80714.0,12817.0
2020-05-11,88256.0,19480.0,15584.0,12210.0,43928.0,846992.0,95697.0,14983.0
2020-05-12,102161.0,22854.0,18152.0,14606.0,52564.0,816935.0,113143.0,17446.0
2020-05-13,117261.0,26379.0,21049.0,16913.0,62757.0,782035.0,133314.0,20171.0
2020-05-14,132867.0,30102.0,24562.0,19927.0,74759.0,744179.0,156436.0,23122.0
2020-05-15,148618.0,34188.0,28131.0,23009.0,88366.0,703467.0,182614.0,26178.0
2020-05-16,165246.0,38398.0,32014.0,26417.0,103721.0,660208.0,211556.0,28942.0
2020-05-17,181744.0,42624.0,36263.0,30054.0,121604.0,612545.0,243606.0,32050.0
2020-05-18,196691.0,46853.0,40135.0,33952.0,141810.0,564467.0,278410.0,34804.0
2020-05-19,209632.0,51255.0,44637.0,38272.0,165212.0,515532.0,316345.0,37935.0
2020-05-20,220570.0,54879.0,48630.0,42074.0,190779.0,466958.0,356401.0,40056.0
2020-05-21,228779.0,58196.0,52651.0,46076.0,220247.0,420253.0,398434.0,42033.0
2020-05-22,232948.0,60494.0,55623.0,50147.0,251656.0,374779.0,441745.0,43311.0
2020-05-23,233540.0,62653.0,58459.0,53355.0,284649.0,332717.0,486060.0,44315.0
2020-05-24,232018.0,62993.0,60064.0,56167.0,319837.0,294002.0,529480.0,43420.0
2020-05-25,226540.0,62683.0,61651.0,58243.0,355789.0,259187.0,572512.0,43032.0
2020-05-26,218579.0,61941.0,61982.0,59616.0,394085.0,228451.0,614601.0,42089.0
2020-05-27,208036.0,60518.0,61523.0,61127.0,432575.0,201172.0,655150.0,40549.0
2020-05-28,195484.0,58276.0,60403.0,61090.0,472456.0,177653.0,693778.0,38628.0
2020-05-29,182889.0,55060.0,58248.0,60117.0,511335.0,156889.0,729533.0,35755.0
2020-05-30,169645.0,51755.0,55692.0,58624.0,550328.0,139759.0,762885.0,33352.0
2020-05-31,155460.0,48228.0,52746.0,56095.0,587584.0,125894.0,793821.0,30936.0
2020-06-01,142253.0,44690.0,49298.0,53519.0,621773.0,113354.0,821961.0,28140.0
2020-06-02,128858.0,40998.0,45738.0,50779.0,655423.0,102951.0,847891.0,25930.0
2020-06-03,116471.0,37567.0,42706.0,47409.0,686628.0,94380.0,871317.0,23426.0
2020-06-04,104260.0,33999.0,39126.0,43998.0,716710.0,86939.0,892520.0,21203.0
2020-06-05,93791.0,30311.0,35656.0,40829.0,744820.0,80173.0,911128.0,18608.0
2020-06-06,83739.0,27382.0,32277.0,37253.0,770432.0,75007.0,928026.0,16898.0
2020-06-07,74509.0,24424.0,29380.0,33876.0,792287.0,70823.0,943118.0,15092.0
2020-06-08,66130.0,21823.0,26137.0,30950.0,812597.0,67016.0,956428.0,13310.0
2020-06-09,58444.0,19611.0,23312.0,27845.0,832326.0,63893.0,968222.0,11794.0
2020-06-10,51736.0,17382.0,21043.0,24629.0,849394.0,61308.0,978617.0,10395.0
2020-06-11,45702.0,15211.0,18955.0,22315.0,864780.0,58973.0,987884.0,9267.0
2020-06-12,40068.0,13594.0,16686.0,20038.0,877665.0,56873.0,995976.0,8092.0
2020-06-13,35142.0,11903.0,14847.0,17883.0,891565.0,54919.0,1003166.0,7190.0
2020-06-14,30866.0,10699.0,13130.0,16089.0,904558.0,53577.0,1009528.0,6362.0
2020-06-15,27034.0,9270.0,11686.0,14251.0,914858.0,52651.0,1015140.0,5612.0
2020-06-16,23816.0,8197.0,10178.0,12851.0,922539.0,51305.0,1019993.0,4853.0
2020-06-17,20860.0,7209.0,8834.0,11127.0,929202.0,49946.0,1024314.0,4321.0
2020-06-18,18407.0,6299.0,7902.0,9873.0,936645.0,49194.0,1028053.0,3739.0
2020-06-19,16068.0,5539.0,7028.0,8636.0,941455.0,48563.0,1031319.0,3266.0
2020-06-20,14273.0,4798.0,5996.0,7612.0,946716.0,48171.0,1034113.0,2794.0
2020-06-21,12621.0,4237.0,5221.0,6646.0,952030.0,47684.0,1036654.0,2541.0
2020-06-22,10902.0,3807.0,4574.0,5743.0,956200.0,47306.0,1038951.0,2297.0
2020-06-23,9559.0,3258.0,4046.0,5095.0,959267.0,47066.0,1040905.0,1954.0
2020-06-24,8300.0,2915.0,3635.0,4480.0,962036.0,46764.0,1042655.0,1750.0
2020-06-25,7215.0,2556.0,3236.0,3862.0,964415.0,46468.0,1044162.0,1507.0
2020-06-26,6396.0,2153.0,2811.0,3450.0,966510.0,46415.0,1045404.0,1242.0
2020-06-27,5556.0,1907.0,2370.0,3078.0,967941.0,46127.0,1046543.0,1139.0
2020-06-28,4901.0,1657.0,2038.0,2700.0,969753.0,45854.0,1047481.0,938.0
2020-06-29,4221.0,1556.0,1801.0,2420.0,971972.0,45825.0,1048408.0,927.0
2020-06-30,3718.0,1267.0,1562.0,2150.0,974447.0,45452.0,1049192.0,784.0
2020-07-01,3252.0,1048.0,1380.0,1839.0,975806.0,45339.0,1049829.0,637.0
2020-07-02,2894.0,934.0,1231.0,1573.0,976070.0,45196.0,1050411.0,582.0
2020-07-03,2497.0,824.0,1095.0,1362.0,977937.0,45299.0,1050904.0,493.0
2020-07-04,2178.0,718.0,968.0,1177.0,978469.0,45090.0,1051358.0,454.0
2020-07-05,1853.0,651.0,816.0,1078.0,978578.0,44981.0,1051744.0,386.0
2020-07-06,1605.0,552.0,704.0,911.0,978603.0,45256.0,1052084.0,340.0
