time,E,I1,I2,I3,R,S,cumI,diffI
2020-03-06,0.0,2.0,0.0,0.0,0.0,970105.0,0.0,0.0
2020-03-07,0.0,0.0,0.0,0.0,0.0,972315.0,0.0,0.0
2020-03-08,0.0,0.0,0.0,0.0,0.0,979644.0,0.0,0.0
2020-03-09,0.0,0.0,0.0,0.0,0.0,985748.0,0.0,0.0
2020-03-10,0.0,0.0,0.0,0.0,0.0,992424.0,0.0,0.0
2020-03-11,0.0,0.0,0.0,0.0,0.0,997889.0,0.0,0.0
2020-03-12,0.0,0.0,0.0,0.0,0.0,1000510.0,0.0,0.0
2020-03-13,0.0,0.0,0.0,0.0,1.0,1003113.0,0.0,0.0
2020-03-14,0.0,0.0,0.0,0.0,1.0,1006507.0,0.0,0.0
2020-03-15,1.0,0.0,0.0,0.0,1.0,1008220.0,0.0,0.0
2020-03-16,1.0,0.0,1.0,0.0,0.0,1009633.0,0.0,0.0
2020-03-17,2.0,0.0,1.0,0.0,1.0,1010219.0,0.0,0.0
2020-03-18,2.0,0.0,1.0,0.0,1.0,1011413.0,1.0,1.0
2020-03-19,3.0,0.0,0.0,0.0,0.0,1011850.0,1.0,0.0
2020-03-20,1.0,0.0,1.0,0.0,1.0,1012182.0,2.0,1.0
2020-03-21,3.0,1.0,1.0,0.0,2.0,1012417.0,3.0,1.0
2020-03-22,4.0,0.0,0.0,1.0,2.0,1011973.0,3.0,0.0
2020-03-23,4.0,0.0,0.0,2.0,1.0,1012823.0,3.0,0.0
2020-03-24,3.0,1.0,0.0,0.0,4.0,1012927.0,3.0,0.0
2020-03-25,6.0,2.0,2.0,0.0,4.0,1013787.0,5.0,2.0
2020-03-26,8.0,2.0,0.0,0.0,4.0,1014964.0,6.0,1.0
2020-03-27,10.0,2.0,0.0,0.0,5.0,1015179.0,7.0,1.0
2020-03-28,10.0,2.0,1.0,1.0,3.0,1015186.0,8.0,1.0
2020-03-29,13.0,1.0,4.0,1.0,4.0,1017030.0,9.0,1.0
2020-03-30,14.0,2.0,1.0,2.0,9.0,1017662.0,11.0,2.0
2020-03-31,20.0,1.0,2.0,4.0,9.0,1017238.0,12.0,1.0
2020-04-01,28.0,3.0,3.0,2.0,11.0,1016343.0,16.0,4.0
2020-04-02,28.0,4.0,2.0,3.0,5.0,1016008.0,21.0,5.0
2020-04-03,36.0,2.0,1.0,8.0,8.0,1016183.0,22.0,1.0
2020-04-04,43.0,4.0,3.0,6.0,15.0,1016498.0,25.0,3.0
2020-04-05,50.0,7.0,5.0,6.0,20.0,1016001.0,29.0,4.0
2020-04-06,60.0,13.0,5.0,6.0,23.0,1015885.0,39.0,10.0
2020-04-07,84.0,20.0,13.0,4.0,30.0,1016938.0,52.0,13.0
2020-04-08,86.0,16.0,16.0,10.0,33.0,1017172.0,67.0,15.0
2020-04-09,97.0,17.0,10.0,16.0,37.0,1017575.0,77.0,10.0
2020-04-10,108.0,32.0,13.0,12.0,42.0,1018001.0,97.0,20.0
2020-04-11,120.0,21.0,22.0,10.0,51.0,1018414.0,112.0,15.0
2020-04-12,155.0,40.0,26.0,14.0,68.0,1020249.0,140.0,28.0
2020-04-13,196.0,39.0,42.0,17.0,74.0,1019025.0,167.0,27.0
2020-04-14,226.0,50.0,37.0,32.0,92.0,1018686.0,211.0,44.0
2020-04-15,279.0,58.0,48.0,25.0,135.0,1019257.0,249.0,38.0
2020-04-16,327.0,66.0,36.0,46.0,140.0,1019478.0,301.0,52.0
2020-04-17,352.0,85.0,56.0,35.0,166.0,1019248.0,369.0,68.0
2020-04-18,415.0,92.0,76.0,52.0,172.0,1018730.0,441.0,72.0
2020-04-19,522.0,121.0,90.0,75.0,214.0,1018380.0,526.0,85.0
2020-04-20,652.0,133.0,102.0,87.0,281.0,1017519.0,627.0,101.0
2020-04-21,798.0,154.0,110.0,94.0,331.0,1017411.0,745.0,118.0
2020-04-22,939.0,208.0,156.0,92.0,424.0,1017328.0,904.0,159.0
2020-04-23,1076.0,255.0,183.0,125.0,512.0,1017918.0,1095.0,191.0
2020-04-24,1367.0,282.0,251.0,171.0,580.0,1017063.0,1302.0,207.0
2020-04-25,1633.0,316.0,267.0,199.0,704.0,1018105.0,1552.0,250.0
2020-04-26,1983.0,405.0,313.0,230.0,859.0,1016842.0,1861.0,309.0
2020-04-27,2312.0,480.0,386.0,272.0,1001.0,1015683.0,2259.0,398.0
2020-04-28,2779.0,619.0,457.0,382.0,1197.0,1015156.0,2764.0,505.0
2020-04-29,3365.0,754.0,537.0,443.0,1429.0,1013345.0,3374.0,610.0
2020-04-30,4078.0,880.0,634.0,571.0,1717.0,1012591.0,4056.0,682.0
2020-05-01,4850.0,1045.0,783.0,646.0,2138.0,1011968.0,4864.0,808.0
2020-05-02,5973.0,1240.0,938.0,743.0,2507.0,1010956.0,5803.0,939.0
2020-05-03,7253.0,1523.0,1160.0,893.0,3046.0,1009645.0,6996.0,1193.0
2020-05-04,8691.0,1887.0,1396.0,1034.0,3669.0,1006754.0,8447.0,1451.0
2020-05-05,10587.0,2138.0,1684.0,1276.0,4483.0,1003472.0,10151.0,1704.0
2020-05-06,12593.0,2629.0,2109.0,1551.0,5392.0,999624.0,12335.0,2184.0
2020-05-07,14897.0,3224.0,2502.0,1862.0,6493.0,992901.0,14916.0,2581.0
2020-05-08,18010.0,3830.0,3007.0,2388.0,7694.0,987278.0,17944.0,3028.0
2020-05-09,21594.0,4697.0,3625.0,2803.0,9445.0,980673.0,21680.0,3736.0
2020-05-10,25800.0,5576.0,4334.0,3328.0,11430.0,971434.0,25950.0,4270.0
2020-05-11,30907.0,6575.0,5150.0,3995.0,13715.0,962378.0,31073.0,5123.0
2020-05-12,36989.0,8074.0,6053.0,4714.0,16504.0,951946.0,37292.0,6219.0
2020-05-13,43654.0,9553.0,7234.0,5678.0,19948.0,938454.0,44698.0,7406.0
2020-05-14,51875.0,11243.0,8742.0,6705.0,23767.0,922802.0,53429.0,8731.0
2020-05-15,60609.0,13282.0,10445.0,8153.0,28741.0,903491.0,63792.0,10363.0
2020-05-16,71340.0,15580.0,12331.0,9914.0,34036.0,880687.0,75768.0,11976.0
2020-05-17,83019.0,18205.0,14638.0,11370.0,41013.0,854676.0,89833.0,14065.0
2020-05-18,95710.0,21325.0,17016.0,13223.0,48922.0,826531.0,106175.0,16342.0
2020-05-19,110383.0,24454.0,19966.0,15868.0,58290.0,794464.0,125174.0,18999.0
2020-05-20,125641.0,28332.0,22971.0,18710.0,69281.0,758140.0,146905.0,21731.0
2020-05-21,141738.0,32473.0,26762.0,21412.0,82057.0,718842.0,171748.0,24843.0
2020-05-22,157821.0,36810.0,30621.0,24735.0,97040.0,676099.0,199701.0,27953.0
2020-05-23,174969.0,41017.0,34769.0,28251.0,113838.0,631804.0,230253.0,30552.0
2020-05-24,190712.0,45563.0,38594.0,32247.0,133429.0,584250.0,264209.0,33956.0
2020-05-25,203823.0,49755.0,42952.0,36276.0,155747.0,536398.0,301214.0,37005.0
2020-05-26,216096.0,53702.0,46911.0,40690.0,180433.0,488466.0,340414.0,39200.0
2020-05-27,225607.0,56458.0,51257.0,44339.0,208895.0,439833.0,381603.0,41189.0
2020-05-28,231774.0,59476.0,54495.0,48795.0,237981.0,393380.0,424160.0,42557.0
2020-05-29,235291.0,61496.0,57183.0,52259.0,270229.0,349781.0,467876.0,43716.0
2020-05-30,234315.0,62879.0,59696.0,55399.0,304943.0,309157.0,512106.0,44230.0
2020-05-31,229989.0,62989.0,61476.0,57866.0,341553.0,272896.0,555822.0,43716.0
2020-06-01,222141.0,62106.0,61377.0,59725.0,380362.0,240393.0,598011.0,42189.0
2020-06-02,213135.0,60840.0,61551.0,60301.0,419200.0,211457.0,638847.0,40836.0
2020-06-03,202064.0,58565.0,60627.0,60470.0,458159.0,187032.0,677905.0,39058.0
2020-06-04,188800.0,56260.0,58947.0,60109.0,496902.0,165409.0,715221.0,37316.0
2020-06-05,175541.0,53087.0,56790.0,59194.0,535157.0,147188.0,749785.0,34564.0
2020-06-06,161710.0,49621.0,53919.0,57252.0,572599.0,131513.0,781720.0,31935.0
2020-06-07,147225.0,46020.0,50885.0,54836.0,608726.0,118540.0,811019.0,29299.0
2020-06-08,133895.0,42417.0,47743.0,51732.0,641985.0,107527.0,837633.0,26614.0
2020-06-09,121315.0,38816.0,43885.0,48873.0,675782.0,98341.0,861984.0,24351.0
2020-06-10,109265.0,35096.0,40357.0,45496.0,705260.0,90240.0,883698.0,21714.0
2020-06-11,98137.0,31528.0,36803.0,41934.0,733564.0,83430.0,903282.0,19584.0
2020-06-12,87632.0,28473.0,33665.0,38600.0,760043.0,78001.0,920978.0,17696.0
2020-06-13,77957.0,25452.0,30246.0,35358.0,784251.0,72909.0,936686.0,15708.0
2020-06-14,69304.0,22664.0,27458.0,32102.0,804682.0,69360.0,950769.0,14083.0
2020-06-15,61379.0,20378.0,24641.0,28996.0,825268.0,65739.0,963440.0,12671.0
2020-06-16,54437.0,18041.0,21874.0,26215.0,842721.0,62816.0,974445.0,11005.0
2020-06-17,47929.0,16054.0,19600.0,23647.0,858709.0,60462.0,984230.0,9785.0
2020-06-18,42768.0,14299.0,17113.0,21186.0,874258.0,58387.0,992904.0,8674.0
2020-06-19,37380.0,12682.0,15382.0,18706.0,886807.0,56531.0,1000697.0,7793.0
2020-06-20,33115.0,11232.0,13829.0,16643.0,898659.0,55023.0,1007437.0,6740.0
2020-06-21,28954.0,9900.0,12272.0,14878.0,907598.0,53611.0,1013443.0,6006.0
2020-06-22,25369.0,8728.0,10773.0,13172.0,917181.0,52528.0,1018742.0,5299.0
2020-06-23,22533.0,7568.0,9462.0,11738.0,924565.0,51211.0,1023178.0,4436.0
2020-06-24,19724.0,6813.0,8260.0,10288.0,932986.0,50538.0,1027157.0,3979.0
2020-06-25,17172.0,6028.0,7333.0,9056.0,937777.0,49986.0,1030772.0,3615.0
2020-06-26,15119.0,5240.0,6615.0,8116.0,943437.0,49598.0,1033857.0,3085.0
2020-06-27,13314.0,4583.0,5777.0,7257.0,947342.0,48764.0,1036489.0,2632.0
2020-06-28,11693.0,3968.0,4944.0,6281.0,953455.0,48513.0,1038777.0,2288.0
2020-06-29,10262.0,3462.0,4475.0,5418.0,957922.0,48002.0,1040879.0,2102.0
2020-06-30,9024.0,3057.0,3902.0,4811.0,960600.0,47516.0,1042723.0,1844.0
2020-07-01,7818.0,2687.0,3341.0,4287.0,964007.0,47199.0,1044355.0,1632.0
2020-07-02,6819.0,2410.0,2930.0,3669.0,965104.0,46944.0,1045788.0,1433.0
2020-07-03,6028.0,2081.0,2635.0,3146.0,966541.0,46510.0,1046997.0,1209.0
2020-07-04,5239.0,1842.0,2320.0,2843.0,969002.0,46585.0,1048085.0,1088.0
2020-07-05,4643.0,1581.0,1919.0,2527.0,971275.0,46391.0,1049018.0,933.0
2020-07-06,4033.0,1382.0,1712.0,2180.0,973057.0,46569.0,1049815.0,797.0
