time,E,I1,I2,I3,R,S,cumI,diffI
2020-03-06,1.0,3.0,0.0,0.0,0.0,971018.0,0.0,0.0
2020-03-07,3.0,3.0,0.0,0.0,0.0,973117.0,0.0,0.0
2020-03-08,5.0,0.0,2.0,0.0,0.0,981555.0,1.0,1.0
2020-03-09,4.0,1.0,1.0,1.0,0.0,987060.0,2.0,1.0
2020-03-10,4.0,0.0,1.0,1.0,1.0,992552.0,2.0,0.0
2020-03-11,4.0,0.0,1.0,0.0,1.0,996967.0,2.0,0.0
2020-03-12,4.0,0.0,0.0,0.0,1.0,1001039.0,2.0,0.0
2020-03-13,3.0,0.0,1.0,1.0,1.0,1002277.0,3.0,1.0
2020-03-14,4.0,4.0,1.0,0.0,1.0,1004866.0,6.0,3.0
2020-03-15,7.0,1.0,1.0,1.0,1.0,1005987.0,6.0,0.0
2020-03-16,12.0,1.0,1.0,0.0,2.0,1007012.0,7.0,1.0
2020-03-17,8.0,0.0,3.0,0.0,1.0,1009564.0,8.0,1.0
2020-03-18,8.0,0.0,1.0,1.0,1.0,1010386.0,8.0,0.0
2020-03-19,7.0,0.0,0.0,0.0,1.0,1011489.0,8.0,0.0
2020-03-20,10.0,1.0,0.0,0.0,2.0,1013317.0,9.0,1.0
2020-03-21,10.0,3.0,1.0,1.0,1.0,1012860.0,12.0,3.0
2020-03-22,11.0,1.0,2.0,0.0,1.0,1012193.0,13.0,1.0
2020-03-23,8.0,3.0,3.0,1.0,2.0,1012188.0,16.0,3.0
2020-03-24,8.0,2.0,2.0,1.0,5.0,1012820.0,17.0,1.0
2020-03-25,11.0,3.0,2.0,3.0,4.0,1013259.0,20.0,3.0
2020-03-26,14.0,2.0,1.0,3.0,8.0,1014455.0,22.0,2.0
2020-03-27,26.0,3.0,3.0,2.0,11.0,1015804.0,25.0,3.0
2020-03-28,23.0,8.0,2.0,3.0,9.0,1015868.0,31.0,6.0
2020-03-29,37.0,5.0,3.0,1.0,18.0,1014760.0,34.0,3.0
2020-03-30,31.0,2.0,7.0,0.0,25.0,1015032.0,39.0,5.0
2020-03-31,46.0,7.0,7.0,4.0,25.0,1015742.0,44.0,5.0
2020-04-01,70.0,11.0,7.0,10.0,22.0,1015529.0,51.0,7.0
2020-04-02,68.0,15.0,8.0,12.0,36.0,1015544.0,62.0,11.0
2020-04-03,99.0,23.0,11.0,10.0,50.0,1016318.0,77.0,15.0
2020-04-04,100.0,22.0,14.0,12.0,58.0,1014908.0,98.0,21.0
2020-04-05,141.0,16.0,23.0,14.0,58.0,1015606.0,111.0,13.0
2020-04-06,167.0,28.0,23.0,21.0,69.0,1016370.0,135.0,24.0
2020-04-07,183.0,49.0,16.0,31.0,82.0,1016519.0,171.0,36.0
2020-04-08,225.0,52.0,31.0,30.0,99.0,1017271.0,209.0,38.0
2020-04-09,227.0,50.0,31.0,36.0,115.0,1017048.0,253.0,44.0
2020-04-10,274.0,59.0,43.0,36.0,148.0,1018620.0,298.0,45.0
2020-04-11,339.0,75.0,56.0,50.0,178.0,1017691.0,362.0,64.0
2020-04-12,436.0,96.0,65.0,58.0,200.0,1017145.0,442.0,80.0
2020-04-13,536.0,109.0,93.0,58.0,267.0,1017889.0,530.0,88.0
2020-04-14,617.0,123.0,95.0,60.0,282.0,1019954.0,632.0,102.0
2020-04-15,756.0,154.0,110.0,71.0,312.0,1018476.0,744.0,112.0
2020-04-16,878.0,202.0,145.0,95.0,389.0,1017250.0,910.0,166.0
2020-04-17,1033.0,224.0,197.0,124.0,479.0,1017001.0,1101.0,191.0
2020-04-18,1318.0,296.0,216.0,155.0,570.0,1016687.0,1325.0,224.0
2020-04-19,1585.0,392.0,273.0,201.0,651.0,1015908.0,1629.0,304.0
2020-04-20,2045.0,438.0,325.0,237.0,805.0,1015459.0,1950.0,321.0
2020-04-21,2414.0,486.0,424.0,288.0,973.0,1015665.0,2360.0,410.0
2020-04-22,3008.0,636.0,468.0,372.0,1188.0,1015225.0,2870.0,510.0
2020-04-23,3662.0,778.0,596.0,459.0,1513.0,1015130.0,3480.0,610.0
2020-04-24,4388.0,906.0,704.0,547.0,1888.0,1013506.0,4194.0,714.0
2020-04-25,5183.0,1065.0,894.0,642.0,2291.0,1011954.0,5082.0,888.0
2020-04-26,6214.0,1292.0,931.0,795.0,2761.0,1011460.0,6101.0,1019.0
2020-04-27,7325.0,1673.0,1159.0,920.0,3284.0,1007862.0,7400.0,1299.0
2020-04-28,9039.0,1866.0,1472.0,1104.0,3845.0,1004859.0,8852.0,1452.0
2020-04-29,10796.0,2244.0,1819.0,1364.0,4710.0,1001171.0,10656.0,1804.0
2020-04-30,13013.0,2719.0,2144.0,1621.0,5624.0,996945.0,12816.0,2160.0
2020-05-01,15500.0,3175.0,2686.0,1924.0,6812.0,993287.0,15388.0,2572.0
2020-05-02,18685.0,3964.0,3051.0,2366.0,8273.0,986853.0,18490.0,3102.0
2020-05-03,22553.0,4796.0,3796.0,2904.0,10015.0,979534.0,22276.0,3786.0
2020-05-04,26981.0,5672.0,4453.0,3464.0,11953.0,972176.0,26793.0,4517.0
2020-05-05,31998.0,6799.0,5251.0,4222.0,14435.0,961981.0,32278.0,5485.0
2020-05-06,38010.0,8125.0,6345.0,4934.0,17333.0,948743.0,38670.0,6392.0
2020-05-07,44963.0,9828.0,7503.0,5995.0,20662.0,934646.0,46297.0,7627.0
2020-05-08,53218.0,11538.0,8982.0,7078.0,24853.0,917941.0,55328.0,9031.0
2020-05-09,62606.0,13490.0,10536.0,8496.0,29672.0,899555.0,65908.0,10580.0
2020-05-10,73252.0,16042.0,12607.0,9923.0,35439.0,876944.0,78386.0,12478.0
2020-05-11,85519.0,18744.0,14869.0,11873.0,42241.0,850489.0,92982.0,14596.0
2020-05-12,98719.0,21859.0,17706.0,13856.0,50550.0,821558.0,109952.0,16970.0
2020-05-13,113065.0,25369.0,20285.0,16332.0,60083.0,788847.0,129389.0,19437.0
2020-05-14,128917.0,28946.0,23437.0,19001.0,71361.0,751982.0,151466.0,22077.0
2020-05-15,144115.0,33164.0,27132.0,21896.0,84407.0,711898.0,176980.0,25514.0
2020-05-16,160478.0,37282.0,30913.0,25343.0,99696.0,669203.0,205135.0,28155.0
2020-05-17,176845.0,41418.0,34897.0,28822.0,116620.0,623924.0,235986.0,30851.0
2020-05-18,192363.0,46034.0,39093.0,32907.0,136157.0,576527.0,270215.0,34229.0
2020-05-19,205975.0,50437.0,43071.0,37072.0,158938.0,527797.0,307300.0,37085.0
2020-05-20,217568.0,54170.0,47332.0,41339.0,183817.0,479279.0,346859.0,39559.0
2020-05-21,226528.0,57733.0,51665.0,45340.0,211951.0,431802.0,388477.0,41618.0
2020-05-22,232321.0,60478.0,55457.0,48852.0,242334.0,385381.0,431613.0,43136.0
2020-05-23,234060.0,62191.0,58152.0,52423.0,275601.0,341544.0,475325.0,43712.0
2020-05-24,233293.0,62516.0,60356.0,55512.0,309795.0,301903.0,519285.0,43960.0
2020-05-25,228668.0,62762.0,61396.0,58066.0,346195.0,266293.0,562636.0,43351.0
2020-05-26,220689.0,62191.0,61204.0,59895.0,385503.0,234357.0,605037.0,42401.0
2020-05-27,211808.0,60842.0,61562.0,60146.0,424842.0,206697.0,645913.0,40876.0
2020-05-28,200524.0,58454.0,60387.0,60790.0,463551.0,182420.0,684555.0,38642.0
2020-05-29,187631.0,55504.0,58951.0,59753.0,502881.0,161751.0,721299.0,36744.0
2020-05-30,173966.0,52858.0,56089.0,59154.0,540891.0,144325.0,755625.0,34326.0
2020-05-31,159790.0,49113.0,53116.0,57104.0,579001.0,129306.0,787070.0,31445.0
2020-06-01,145767.0,45565.0,50360.0,54185.0,615367.0,116570.0,816278.0,29208.0
2020-06-02,132009.0,41554.0,46821.0,51229.0,649085.0,106098.0,842518.0,26240.0
2020-06-03,119278.0,38282.0,43069.0,47974.0,680960.0,96837.0,866443.0,23925.0
2020-06-04,107414.0,34458.0,39751.0,44760.0,710089.0,89523.0,888008.0,21565.0
2020-06-05,96425.0,30700.0,36252.0,41462.0,737290.0,82970.0,906976.0,18968.0
2020-06-06,85948.0,28087.0,32914.0,37916.0,762373.0,77358.0,924301.0,17325.0
2020-06-07,76755.0,25244.0,29675.0,34752.0,786492.0,72490.0,939735.0,15434.0
2020-06-08,67941.0,22802.0,26734.0,31882.0,807901.0,68422.0,953735.0,14000.0
2020-06-09,60278.0,20316.0,24375.0,28677.0,828393.0,65342.0,966031.0,12296.0
2020-06-10,53547.0,17920.0,21663.0,26049.0,844486.0,62466.0,976725.0,10694.0
2020-06-11,47469.0,15974.0,19379.0,23017.0,860688.0,60249.0,986308.0,9583.0
2020-06-12,41490.0,14162.0,17207.0,20626.0,874875.0,58231.0,994754.0,8446.0
2020-06-13,36695.0,12489.0,15486.0,18403.0,887364.0,56248.0,1002271.0,7517.0
2020-06-14,32373.0,11001.0,13588.0,16686.0,899722.0,55055.0,1008755.0,6484.0
2020-06-15,28658.0,9710.0,11894.0,14624.0,909081.0,54001.0,1014463.0,5708.0
2020-06-16,25197.0,8616.0,10544.0,13010.0,916902.0,52580.0,1019667.0,5204.0
2020-06-17,22207.0,7482.0,9343.0,11575.0,925323.0,51485.0,1024110.0,4443.0
2020-06-18,19308.0,6751.0,8177.0,10158.0,932611.0,50370.0,1028131.0,4021.0
2020-06-19,16885.0,5915.0,7325.0,9059.0,938536.0,49597.0,1031576.0,3445.0
2020-06-20,14726.0,5186.0,6443.0,7884.0,944675.0,48740.0,1034691.0,3115.0
2020-06-21,12978.0,4539.0,5677.0,7021.0,949209.0,48303.0,1037360.0,2669.0
2020-06-22,11245.0,4011.0,4991.0,6188.0,951801.0,47955.0,1039696.0,2336.0
2020-06-23,9864.0,3451.0,4335.0,5480.0,956824.0,47664.0,1041741.0,2045.0
2020-06-24,8570.0,3051.0,3843.0,4742.0,960458.0,47325.0,1043577.0,1836.0
2020-06-25,7532.0,2665.0,3353.0,4160.0,963430.0,47123.0,1045105.0,1528.0
2020-06-26,6602.0,2293.0,2833.0,3691.0,964571.0,46968.0,1046459.0,1354.0
2020-06-27,5729.0,1968.0,2494.0,3196.0,966357.0,46637.0,1047633.0,1174.0
2020-06-28,5031.0,1765.0,2211.0,2682.0,967461.0,46353.0,1048684.0,1051.0
2020-06-29,4456.0,1560.0,1897.0,2442.0,969948.0,46403.0,1049581.0,897.0
2020-06-30,3883.0,1356.0,1662.0,2108.0,971461.0,46299.0,1050371.0,790.0
2020-07-01,3436.0,1139.0,1422.0,1829.0,973973.0,46472.0,1051062.0,691.0
2020-07-02,2963.0,1050.0,1183.0,1632.0,975038.0,46287.0,1051679.0,617.0
2020-07-03,2554.0,893.0,1097.0,1428.0,975634.0,46055.0,1052214.0,535.0
2020-07-04,2254.0,754.0,977.0,1236.0,976373.0,46125.0,1052648.0,434.0
2020-07-05,2063.0,667.0,820.0,1039.0,978015.0,46205.0,1053060.0,412.0
2020-07-06,1771.0,586.0,762.0,897.0,979542.0,45882.0,1053421.0,361.0
