time,E,I1,I2,I3,R,S,cumI,diffI
2020-03-06,0.0,1.0,2.0,0.0,0.0,970227.0,0.0,0.0
2020-03-07,2.0,0.0,2.0,0.0,0.0,974336.0,0.0,0.0
2020-03-08,2.0,1.0,2.0,1.0,0.0,980370.0,2.0,2.0
2020-03-09,4.0,0.0,3.0,0.0,0.0,987009.0,2.0,0.0
2020-03-10,2.0,0.0,1.0,1.0,0.0,992478.0,2.0,0.0
2020-03-11,4.0,0.0,0.0,0.0,1.0,997282.0,2.0,0.0
2020-03-12,4.0,0.0,0.0,0.0,0.0,1001217.0,2.0,0.0
2020-03-13,3.0,0.0,0.0,0.0,0.0,1004127.0,2.0,0.0
2020-03-14,3.0,0.0,0.0,0.0,0.0,1006797.0,2.0,0.0
2020-03-15,5.0,0.0,0.0,0.0,1.0,1007298.0,2.0,0.0
2020-03-16,4.0,2.0,2.0,0.0,2.0,1007825.0,3.0,1.0
2020-03-17,6.0,0.0,2.0,1.0,1.0,1008310.0,3.0,0.0
2020-03-18,8.0,1.0,2.0,1.0,2.0,1009865.0,4.0,1.0
2020-03-19,9.0,1.0,0.0,2.0,3.0,1010556.0,4.0,0.0
2020-03-20,6.0,3.0,0.0,0.0,4.0,1010519.0,6.0,2.0
2020-03-21,9.0,3.0,1.0,1.0,5.0,1011921.0,9.0,3.0
2020-03-22,7.0,3.0,2.0,0.0,5.0,1012407.0,11.0,2.0
2020-03-23,9.0,3.0,2.0,1.0,4.0,1014361.0,13.0,2.0
2020-03-24,13.0,2.0,1.0,2.0,5.0,1014314.0,14.0,1.0
2020-03-25,14.0,2.0,2.0,0.0,6.0,1015241.0,15.0,1.0
2020-03-26,12.0,3.0,1.0,2.0,6.0,1014689.0,17.0,2.0
2020-03-27,19.0,3.0,3.0,0.0,7.0,1013747.0,18.0,1.0
2020-03-28,26.0,10.0,5.0,2.0,5.0,1013001.0,26.0,8.0
2020-03-29,34.0,7.0,4.0,7.0,4.0,1014316.0,30.0,4.0
2020-03-30,41.0,10.0,4.0,1.0,8.0,1013900.0,37.0,7.0
2020-03-31,36.0,11.0,5.0,3.0,10.0,1016497.0,44.0,7.0
2020-04-01,36.0,6.0,6.0,6.0,16.0,1015733.0,45.0,1.0
2020-04-02,47.0,14.0,4.0,7.0,23.0,1015349.0,54.0,9.0
2020-04-03,62.0,13.0,11.0,4.0,25.0,1017055.0,64.0,10.0
2020-04-04,81.0,16.0,17.0,10.0,27.0,1017153.0,76.0,12.0
2020-04-05,90.0,11.0,14.0,15.0,39.0,1018131.0,86.0,10.0
2020-04-06,98.0,16.0,17.0,14.0,44.0,1017460.0,103.0,17.0
2020-04-07,120.0,22.0,18.0,17.0,48.0,1016758.0,121.0,18.0
2020-04-08,143.0,31.0,18.0,22.0,55.0,1016201.0,148.0,27.0
2020-04-09,161.0,37.0,27.0,17.0,73.0,1017323.0,174.0,26.0
2020-04-10,193.0,41.0,28.0,30.0,95.0,1017907.0,208.0,34.0
2020-04-11,232.0,60.0,36.0,38.0,119.0,1015883.0,249.0,41.0
2020-04-12,303.0,60.0,48.0,41.0,142.0,1017555.0,290.0,41.0
2020-04-13,345.0,67.0,64.0,51.0,171.0,1018184.0,344.0,54.0
2020-04-14,459.0,91.0,83.0,52.0,202.0,1019338.0,409.0,65.0
2020-04-15,546.0,112.0,99.0,68.0,231.0,1020170.0,508.0,99.0
2020-04-16,675.0,147.0,113.0,84.0,293.0,1021315.0,622.0,114.0
2020-04-17,776.0,167.0,139.0,93.0,343.0,1019501.0,757.0,135.0
2020-04-18,979.0,215.0,172.0,107.0,416.0,1019241.0,921.0,164.0
2020-04-19,1206.0,273.0,171.0,140.0,479.0,1019453.0,1109.0,188.0
2020-04-20,1426.0,308.0,253.0,151.0,589.0,1019301.0,1342.0,233.0
2020-04-21,1726.0,373.0,299.0,196.0,692.0,1018794.0,1638.0,296.0
2020-04-22,2045.0,452.0,318.0,233.0,886.0,1018267.0,1970.0,332.0
2020-04-23,2412.0,519.0,401.0,300.0,1021.0,1017365.0,2390.0,420.0
2020-04-24,3011.0,567.0,501.0,379.0,1221.0,1016723.0,2843.0,453.0
2020-04-25,3634.0,736.0,588.0,467.0,1485.0,1015628.0,3446.0,603.0
2020-04-26,4312.0,920.0,702.0,542.0,1836.0,1013268.0,4218.0,772.0
2020-04-27,5235.0,1110.0,830.0,622.0,2212.0,1010930.0,5061.0,843.0
2020-04-28,6075.0,1330.0,993.0,775.0,2657.0,1009376.0,6151.0,1090.0
2020-04-29,7580.0,1630.0,1240.0,904.0,3187.0,1007441.0,7375.0,1224.0
2020-04-30,9070.0,1994.0,1540.0,1098.0,3929.0,1004660.0,8901.0,1526.0
2020-05-01,10919.0,2365.0,1779.0,1405.0,4682.0,1000995.0,10687.0,1786.0
2020-05-02,13171.0,2799.0,2202.0,1654.0,5595.0,997309.0,12860.0,2173.0
2020-05-03,15879.0,3302.0,2620.0,2018.0,6772.0,991466.0,15499.0,2639.0
2020-05-04,19046.0,4038.0,3126.0,2364.0,8191.0,985951.0,18732.0,3233.0
2020-05-05,22727.0,4799.0,3733.0,2933.0,9871.0,979434.0,22593.0,3861.0
2020-05-06,27117.0,5821.0,4475.0,3497.0,11864.0,971990.0,27191.0,4598.0
2020-05-07,32563.0,6812.0,5368.0,4157.0,14222.0,961118.0,32577.0,5386.0
2020-05-08,38226.0,8165.0,6419.0,4969.0,17173.0,949847.0,39032.0,6455.0
2020-05-09,45427.0,9842.0,7654.0,6076.0,20533.0,935485.0,46692.0,7660.0
2020-05-10,53600.0,11495.0,8992.0,7144.0,24672.0,917192.0,55759.0,9067.0
2020-05-11,62860.0,13569.0,10725.0,8481.0,29678.0,898503.0,66323.0,10564.0
2020-05-12,73026.0,16063.0,12682.0,10022.0,35589.0,876112.0,78885.0,12562.0
2020-05-13,84933.0,18635.0,14997.0,11819.0,42390.0,850287.0,93332.0,14447.0
2020-05-14,98326.0,21965.0,17313.0,14039.0,50477.0,820480.0,110217.0,16885.0
2020-05-15,113140.0,25178.0,20301.0,16127.0,60194.0,788482.0,129680.0,19463.0
2020-05-16,128524.0,28743.0,23537.0,18879.0,71596.0,753793.0,151788.0,22108.0
2020-05-17,144566.0,33219.0,26951.0,22061.0,84803.0,713014.0,177282.0,25494.0
2020-05-18,161280.0,37495.0,30975.0,25330.0,99865.0,669409.0,205641.0,28359.0
2020-05-19,177254.0,41624.0,35201.0,29048.0,117870.0,624106.0,236843.0,31202.0
2020-05-20,192429.0,46119.0,39614.0,32868.0,137796.0,577541.0,271214.0,34371.0
2020-05-21,206456.0,50430.0,43487.0,37417.0,160313.0,528470.0,308258.0,37044.0
2020-05-22,218386.0,54126.0,47919.0,41596.0,185463.0,479566.0,347713.0,39455.0
2020-05-23,227121.0,57378.0,51297.0,45420.0,213487.0,431432.0,389410.0,41697.0
2020-05-24,232325.0,60226.0,55083.0,49086.0,244513.0,386762.0,432434.0,43024.0
2020-05-25,234064.0,62161.0,57931.0,52535.0,275892.0,343543.0,476219.0,43785.0
2020-05-26,232451.0,63178.0,59805.0,55550.0,310467.0,304242.0,520336.0,44117.0
2020-05-27,228764.0,63090.0,61333.0,58087.0,346738.0,268228.0,563650.0,43314.0
2020-05-28,220987.0,62664.0,61877.0,59526.0,384888.0,236612.0,606022.0,42372.0
2020-05-29,210946.0,61136.0,61788.0,60401.0,422666.0,208273.0,647012.0,40990.0
2020-05-30,200378.0,59300.0,60856.0,60694.0,461791.0,183464.0,686094.0,39082.0
2020-05-31,187996.0,56013.0,58864.0,60093.0,501231.0,163081.0,722701.0,36607.0
2020-06-01,174062.0,52549.0,56378.0,58845.0,539681.0,145564.0,756710.0,34009.0
2020-06-02,159841.0,49223.0,53421.0,56777.0,576832.0,130735.0,788359.0,31649.0
2020-06-03,146006.0,45883.0,50199.0,53905.0,612760.0,118280.0,817423.0,29064.0
2020-06-04,132464.0,42000.0,47048.0,51342.0,646769.0,107458.0,843889.0,26466.0
2020-06-05,120270.0,38467.0,43355.0,48302.0,678969.0,98019.0,867898.0,24009.0
2020-06-06,108555.0,34702.0,39858.0,44904.0,709117.0,90401.0,889641.0,21743.0
2020-06-07,96991.0,31608.0,36672.0,41491.0,735905.0,84483.0,909424.0,19783.0
2020-06-08,86990.0,28398.0,33383.0,38117.0,762452.0,78987.0,926737.0,17313.0
2020-06-09,77486.0,25554.0,30070.0,35137.0,785916.0,74167.0,942421.0,15684.0
2020-06-10,68694.0,22791.0,27098.0,31719.0,806243.0,69981.0,956332.0,13911.0
2020-06-11,61182.0,20481.0,24293.0,28721.0,826185.0,66565.0,968714.0,12382.0
2020-06-12,54607.0,18146.0,21864.0,25842.0,843228.0,63643.0,979645.0,10931.0
2020-06-13,48457.0,16267.0,19418.0,23388.0,858516.0,60941.0,989437.0,9792.0
2020-06-14,42634.0,14472.0,17374.0,21095.0,873173.0,58933.0,998221.0,8784.0
2020-06-15,37503.0,12938.0,15571.0,18594.0,885641.0,56889.0,1006041.0,7820.0
2020-06-16,33078.0,11279.0,14092.0,16628.0,897877.0,55195.0,1012802.0,6761.0
2020-06-17,29056.0,9833.0,12339.0,14974.0,908100.0,53980.0,1018733.0,5931.0
2020-06-18,25672.0,8806.0,10745.0,13310.0,917697.0,53067.0,1023903.0,5170.0
2020-06-19,22751.0,7723.0,9569.0,11870.0,926201.0,52405.0,1028559.0,4656.0
2020-06-20,19993.0,6773.0,8513.0,10424.0,932673.0,51392.0,1032710.0,4151.0
2020-06-21,17755.0,5864.0,7311.0,9324.0,938973.0,50835.0,1036217.0,3507.0
2020-06-22,15556.0,5172.0,6482.0,8102.0,943946.0,49909.0,1039337.0,3120.0
2020-06-23,13348.0,4649.0,5704.0,7196.0,948240.0,49390.0,1042187.0,2850.0
2020-06-24,11730.0,4051.0,4971.0,6319.0,952530.0,48879.0,1044551.0,2364.0
2020-06-25,10347.0,3574.0,4404.0,5575.0,957174.0,48472.0,1046654.0,2103.0
2020-06-26,9081.0,3138.0,3920.0,4854.0,959335.0,48174.0,1048518.0,1864.0
2020-06-27,8030.0,2756.0,3443.0,4316.0,961848.0,47584.0,1050139.0,1621.0
2020-06-28,6981.0,2507.0,2924.0,3783.0,966852.0,47225.0,1051593.0,1454.0
2020-06-29,6126.0,2064.0,2653.0,3361.0,969879.0,46919.0,1052768.0,1175.0
2020-06-30,5392.0,1836.0,2309.0,2967.0,970546.0,46669.0,1053852.0,1084.0
2020-07-01,4616.0,1575.0,2069.0,2573.0,973679.0,46419.0,1054828.0,976.0
2020-07-02,4054.0,1351.0,1723.0,2274.0,973501.0,46464.0,1055655.0,827.0
2020-07-03,3574.0,1189.0,1511.0,1971.0,973951.0,46370.0,1056382.0,727.0
2020-07-04,3113.0,1091.0,1327.0,1616.0,975998.0,46501.0,1057005.0,623.0
2020-07-05,2682.0,936.0,1206.0,1405.0,978823.0,46555.0,1057566.0,561.0
2020-07-06,2437.0,802.0,1016.0,1284.0,979558.0,46197.0,1058053.0,487.0
