time,E,I1,I2,I3,R,S,cumI,diffI
2020-03-06,0.0,2.0,1.0,0.0,0.0,970655.0,0.0,0.0
2020-03-07,1.0,2.0,0.0,0.0,0.0,973416.0,1.0,1.0
2020-03-08,1.0,1.0,0.0,1.0,0.0,979938.0,2.0,1.0
2020-03-09,3.0,1.0,1.0,1.0,0.0,987435.0,2.0,0.0
2020-03-10,4.0,0.0,0.0,2.0,0.0,992905.0,2.0,0.0
2020-03-11,1.0,1.0,0.0,1.0,1.0,997838.0,3.0,1.0
2020-03-12,3.0,0.0,0.0,0.0,1.0,1002026.0,3.0,0.0
2020-03-13,2.0,2.0,0.0,0.0,1.0,1004630.0,5.0,2.0
2020-03-14,4.0,0.0,1.0,0.0,1.0,1007271.0,5.0,0.0
2020-03-15,5.0,1.0,1.0,1.0,1.0,1008860.0,6.0,1.0
2020-03-16,5.0,2.0,2.0,1.0,1.0,1009501.0,8.0,2.0
2020-03-17,7.0,1.0,1.0,2.0,0.0,1009978.0,8.0,0.0
2020-03-18,10.0,1.0,1.0,1.0,3.0,1009894.0,9.0,1.0
2020-03-19,13.0,2.0,2.0,3.0,5.0,1010032.0,10.0,1.0
2020-03-20,9.0,3.0,2.0,2.0,5.0,1010626.0,14.0,4.0
2020-03-21,14.0,6.0,3.0,2.0,6.0,1011625.0,17.0,3.0
2020-03-22,20.0,4.0,4.0,2.0,7.0,1012137.0,19.0,2.0
2020-03-23,31.0,9.0,4.0,2.0,8.0,1012964.0,25.0,6.0
2020-03-24,35.0,9.0,2.0,1.0,10.0,1012127.0,31.0,6.0
2020-03-25,24.0,7.0,3.0,2.0,9.0,1013240.0,34.0,3.0
2020-03-26,30.0,5.0,11.0,3.0,8.0,1013290.0,39.0,5.0
2020-03-27,38.0,11.0,11.0,7.0,9.0,1012771.0,46.0,7.0
2020-03-28,51.0,12.0,10.0,10.0,14.0,1014826.0,56.0,10.0
2020-03-29,77.0,13.0,11.0,10.0,21.0,1014726.0,66.0,10.0
2020-03-30,80.0,15.0,8.0,18.0,20.0,1014490.0,78.0,12.0
2020-03-31,83.0,27.0,10.0,17.0,29.0,1014759.0,97.0,19.0
2020-04-01,107.0,23.0,25.0,15.0,29.0,1015756.0,114.0,17.0
2020-04-02,126.0,30.0,31.0,23.0,45.0,1016546.0,139.0,25.0
2020-04-03,147.0,32.0,26.0,20.0,56.0,1016714.0,163.0,24.0
2020-04-04,164.0,33.0,30.0,16.0,69.0,1017353.0,186.0,23.0
2020-04-05,212.0,37.0,25.0,24.0,86.0,1017082.0,219.0,33.0
2020-04-06,228.0,38.0,47.0,30.0,104.0,1017279.0,258.0,39.0
2020-04-07,289.0,63.0,48.0,53.0,126.0,1017830.0,306.0,48.0
2020-04-08,371.0,74.0,60.0,57.0,152.0,1017550.0,375.0,69.0
2020-04-09,456.0,93.0,63.0,62.0,179.0,1017152.0,452.0,77.0
2020-04-10,535.0,120.0,93.0,66.0,204.0,1017638.0,551.0,99.0
2020-04-11,637.0,130.0,104.0,76.0,267.0,1017858.0,648.0,97.0
2020-04-12,781.0,183.0,112.0,93.0,319.0,1018110.0,786.0,138.0
2020-04-13,906.0,183.0,174.0,101.0,381.0,1017152.0,932.0,146.0
2020-04-14,1152.0,244.0,155.0,140.0,462.0,1017478.0,1126.0,194.0
2020-04-15,1420.0,286.0,206.0,148.0,538.0,1016586.0,1347.0,221.0
2020-04-16,1600.0,327.0,243.0,183.0,629.0,1015047.0,1601.0,254.0
2020-04-17,1883.0,432.0,283.0,214.0,763.0,1015477.0,1932.0,331.0
2020-04-18,2299.0,488.0,370.0,282.0,880.0,1014320.0,2307.0,375.0
2020-04-19,2796.0,588.0,458.0,338.0,1103.0,1014329.0,2749.0,442.0
2020-04-20,3337.0,672.0,581.0,403.0,1311.0,1013111.0,3311.0,562.0
2020-04-21,3977.0,796.0,642.0,463.0,1634.0,1012455.0,3935.0,624.0
2020-04-22,4766.0,988.0,739.0,600.0,1985.0,1010546.0,4735.0,800.0
2020-04-23,5743.0,1215.0,971.0,677.0,2347.0,1008878.0,5727.0,992.0
2020-04-24,6876.0,1457.0,1111.0,863.0,2895.0,1008052.0,6909.0,1182.0
2020-04-25,8150.0,1679.0,1344.0,1018.0,3453.0,1004931.0,8270.0,1361.0
2020-04-26,9796.0,2032.0,1659.0,1218.0,4178.0,1002074.0,9927.0,1657.0
2020-04-27,11795.0,2449.0,1961.0,1413.0,5075.0,997764.0,11882.0,1955.0
2020-04-28,14104.0,3053.0,2305.0,1766.0,6138.0,993652.0,14277.0,2395.0
2020-04-29,17024.0,3684.0,2764.0,2170.0,7383.0,988498.0,17187.0,2910.0
2020-04-30,20354.0,4447.0,3345.0,2584.0,8872.0,981481.0,20681.0,3494.0
2020-05-01,24404.0,5260.0,4023.0,3143.0,10710.0,973238.0,24783.0,4102.0
2020-05-02,29138.0,6232.0,4841.0,3734.0,12766.0,964797.0,29667.0,4884.0
2020-05-03,34640.0,7466.0,5897.0,4475.0,15420.0,952542.0,35603.0,5936.0
2020-05-04,40908.0,8863.0,7017.0,5321.0,18690.0,940031.0,42690.0,7087.0
2020-05-05,48328.0,10451.0,8161.0,6491.0,22308.0,926608.0,50810.0,8120.0
2020-05-06,56889.0,12503.0,9622.0,7629.0,26797.0,908823.0,60622.0,9812.0
2020-05-07,66986.0,14495.0,11350.0,8965.0,32058.0,888654.0,71861.0,11239.0
2020-05-08,77902.0,17072.0,13539.0,10689.0,38351.0,864722.0,85115.0,13254.0
2020-05-09,90690.0,20073.0,16053.0,12614.0,45935.0,838390.0,100643.0,15528.0
2020-05-10,104726.0,23152.0,18626.0,14925.0,54731.0,808358.0,118600.0,17957.0
2020-05-11,119581.0,26919.0,21707.0,17301.0,65162.0,772559.0,139285.0,20685.0
2020-05-12,135402.0,30637.0,24995.0,20422.0,77086.0,734397.0,162627.0,23342.0
2020-05-13,151413.0,34808.0,28545.0,23481.0,91357.0,693402.0,189092.0,26465.0
2020-05-14,167824.0,39305.0,32571.0,27050.0,107399.0,649035.0,218762.0,29670.0
2020-05-15,183637.0,43684.0,36669.0,30659.0,125601.0,602560.0,251360.0,32598.0
2020-05-16,198351.0,47443.0,40945.0,34589.0,146668.0,555292.0,286410.0,35050.0
2020-05-17,210777.0,51773.0,45303.0,38512.0,170255.0,507879.0,324722.0,38312.0
2020-05-18,221401.0,55183.0,48876.0,42461.0,196276.0,459144.0,364535.0,39813.0
2020-05-19,228295.0,58738.0,52606.0,46448.0,224248.0,412389.0,406886.0,42351.0
2020-05-20,232477.0,60852.0,55919.0,50601.0,255604.0,368424.0,450172.0,43286.0
2020-05-21,233367.0,62025.0,58594.0,53553.0,289172.0,326401.0,493704.0,43532.0
2020-05-22,230871.0,62553.0,60237.0,56619.0,324333.0,288761.0,537405.0,43701.0
2020-05-23,225217.0,62555.0,61144.0,58981.0,361379.0,254170.0,580548.0,43143.0
2020-05-24,216736.0,61593.0,61654.0,59969.0,399907.0,224001.0,622524.0,41976.0
2020-05-25,206377.0,59879.0,61072.0,60828.0,438154.0,197813.0,662507.0,39983.0
2020-05-26,194732.0,57012.0,59626.0,60212.0,476625.0,175300.0,700335.0,37828.0
2020-05-27,181682.0,54249.0,57468.0,59068.0,514985.0,156006.0,735702.0,35367.0
2020-05-28,167757.0,50693.0,55242.0,57507.0,552795.0,139451.0,768850.0,33148.0
2020-05-29,154127.0,47463.0,52394.0,55537.0,590029.0,125628.0,799209.0,30359.0
2020-05-30,140963.0,43772.0,48883.0,53109.0,625711.0,113907.0,827224.0,28015.0
2020-05-31,128036.0,40224.0,45567.0,50126.0,657634.0,103854.0,852688.0,25464.0
2020-06-01,115642.0,36856.0,41875.0,47107.0,688996.0,95317.0,875736.0,23048.0
2020-06-02,103962.0,33500.0,38544.0,43562.0,716974.0,88092.0,896590.0,20854.0
2020-06-03,92771.0,30227.0,35304.0,40188.0,743948.0,82225.0,915413.0,18823.0
2020-06-04,82648.0,27455.0,32169.0,36976.0,769744.0,77036.0,932214.0,16801.0
2020-06-05,73844.0,24332.0,29109.0,33885.0,792342.0,72112.0,947071.0,14857.0
2020-06-06,65855.0,22026.0,26099.0,30910.0,813281.0,68587.0,960552.0,13481.0
2020-06-07,58408.0,19650.0,23496.0,27976.0,830862.0,65142.0,972407.0,11855.0
2020-06-08,51238.0,17322.0,21045.0,25368.0,849317.0,62334.0,983049.0,10642.0
2020-06-09,45478.0,15298.0,18772.0,22875.0,862878.0,60237.0,992361.0,9312.0
2020-06-10,40537.0,13715.0,16728.0,20225.0,875888.0,58104.0,1000508.0,8147.0
2020-06-11,35812.0,12312.0,14895.0,18094.0,887593.0,56679.0,1007873.0,7365.0
2020-06-12,31746.0,10916.0,13233.0,16304.0,899550.0,54911.0,1014324.0,6451.0
2020-06-13,28059.0,9366.0,11845.0,14605.0,908905.0,53853.0,1019943.0,5619.0
2020-06-14,24696.0,8470.0,10256.0,12900.0,917718.0,52672.0,1025004.0,5061.0
2020-06-15,21804.0,7511.0,9139.0,11380.0,925593.0,51762.0,1029481.0,4477.0
2020-06-16,19138.0,6545.0,8027.0,10070.0,931527.0,51197.0,1033369.0,3888.0
2020-06-17,16977.0,5726.0,7180.0,8599.0,937195.0,50064.0,1036803.0,3434.0
2020-06-18,14869.0,4958.0,6347.0,7677.0,944265.0,49518.0,1039778.0,2975.0
2020-06-19,12897.0,4431.0,5484.0,6897.0,948439.0,48808.0,1042448.0,2670.0
2020-06-20,11337.0,3883.0,4779.0,6120.0,952074.0,48449.0,1044755.0,2307.0
2020-06-21,9917.0,3440.0,4212.0,5408.0,955842.0,48044.0,1046843.0,2088.0
2020-06-22,8643.0,3017.0,3800.0,4575.0,959891.0,47639.0,1048621.0,1778.0
2020-06-23,7570.0,2661.0,3200.0,4048.0,963489.0,47503.0,1050206.0,1585.0
2020-06-24,6762.0,2343.0,2805.0,3593.0,964810.0,47191.0,1051551.0,1345.0
2020-06-25,6068.0,1963.0,2546.0,3159.0,967030.0,47062.0,1052732.0,1181.0
2020-06-26,5262.0,1771.0,2221.0,2822.0,969482.0,46571.0,1053801.0,1069.0
2020-06-27,4549.0,1569.0,1934.0,2373.0,971544.0,46531.0,1054759.0,958.0
2020-06-28,3948.0,1400.0,1720.0,2086.0,972564.0,46491.0,1055563.0,804.0
2020-06-29,3492.0,1259.0,1534.0,1823.0,973725.0,46466.0,1056313.0,750.0
2020-06-30,3106.0,1030.0,1349.0,1616.0,973835.0,46361.0,1056914.0,601.0
2020-07-01,2627.0,882.0,1207.0,1439.0,974614.0,46144.0,1057498.0,584.0
2020-07-02,2326.0,769.0,993.0,1324.0,976244.0,46042.0,1057967.0,469.0
2020-07-03,2053.0,660.0,878.0,1131.0,977019.0,45933.0,1058399.0,432.0
2020-07-04,1861.0,596.0,737.0,1005.0,978027.0,46051.0,1058770.0,371.0
2020-07-05,1597.0,532.0,618.0,838.0,978842.0,45939.0,1059080.0,310.0
2020-07-06,1366.0,450.0,585.0,679.0,978200.0,45943.0,1059354.0,274.0
