time,E,I1,I2,I3,R,S,cumI,diffI
2020-03-06,0.0,2.0,1.0,0.0,0.0,970631.0,0.0,0.0
2020-03-07,2.0,0.0,2.0,0.0,0.0,972952.0,1.0,1.0
2020-03-08,3.0,0.0,0.0,1.0,0.0,979494.0,1.0,0.0
2020-03-09,1.0,0.0,0.0,1.0,0.0,986941.0,3.0,2.0
2020-03-10,0.0,0.0,0.0,0.0,1.0,992743.0,3.0,0.0
2020-03-11,0.0,0.0,0.0,0.0,0.0,996409.0,3.0,0.0
2020-03-12,1.0,0.0,1.0,0.0,0.0,998751.0,3.0,0.0
2020-03-13,2.0,2.0,1.0,0.0,0.0,1002560.0,4.0,1.0
2020-03-14,6.0,1.0,0.0,0.0,1.0,1006373.0,4.0,0.0
2020-03-15,3.0,0.0,1.0,1.0,1.0,1008236.0,4.0,0.0
2020-03-16,5.0,1.0,1.0,3.0,1.0,1008237.0,5.0,1.0
2020-03-17,6.0,2.0,0.0,2.0,0.0,1009237.0,6.0,1.0
2020-03-18,8.0,2.0,0.0,1.0,0.0,1008932.0,7.0,1.0
2020-03-19,6.0,2.0,1.0,1.0,2.0,1011768.0,8.0,1.0
2020-03-20,12.0,2.0,2.0,0.0,3.0,1012992.0,8.0,0.0
2020-03-21,15.0,2.0,1.0,2.0,4.0,1013640.0,8.0,0.0
2020-03-22,16.0,2.0,0.0,2.0,5.0,1013658.0,10.0,2.0
2020-03-23,21.0,0.0,2.0,0.0,3.0,1014270.0,11.0,1.0
2020-03-24,21.0,2.0,0.0,1.0,5.0,1013796.0,13.0,2.0
2020-03-25,16.0,2.0,1.0,0.0,6.0,1014867.0,17.0,4.0
2020-03-26,21.0,4.0,4.0,0.0,7.0,1014987.0,23.0,6.0
2020-03-27,21.0,3.0,7.0,2.0,13.0,1013964.0,27.0,4.0
2020-03-28,30.0,5.0,4.0,6.0,13.0,1014186.0,29.0,2.0
2020-03-29,32.0,8.0,5.0,9.0,13.0,1014970.0,33.0,4.0
2020-03-30,51.0,14.0,7.0,5.0,20.0,1015881.0,44.0,11.0
2020-03-31,63.0,22.0,9.0,8.0,27.0,1015948.0,57.0,13.0
2020-04-01,73.0,13.0,9.0,7.0,33.0,1016364.0,65.0,8.0
2020-04-02,83.0,19.0,15.0,16.0,36.0,1016699.0,81.0,16.0
2020-04-03,109.0,26.0,23.0,13.0,44.0,1016748.0,94.0,13.0
2020-04-04,114.0,26.0,17.0,21.0,57.0,1015536.0,117.0,23.0
2020-04-05,140.0,34.0,20.0,17.0,59.0,1017817.0,145.0,28.0
2020-04-06,163.0,37.0,25.0,27.0,63.0,1018453.0,175.0,30.0
2020-04-07,193.0,41.0,28.0,20.0,96.0,1016774.0,209.0,34.0
2020-04-08,219.0,59.0,49.0,27.0,107.0,1017001.0,262.0,53.0
2020-04-09,287.0,63.0,55.0,48.0,129.0,1017284.0,305.0,43.0
2020-04-10,348.0,81.0,70.0,55.0,146.0,1017551.0,367.0,62.0
2020-04-11,411.0,87.0,69.0,64.0,190.0,1018373.0,441.0,74.0
2020-04-12,468.0,109.0,89.0,72.0,219.0,1018276.0,537.0,96.0
2020-04-13,582.0,136.0,102.0,65.0,265.0,1018916.0,639.0,102.0
2020-04-14,717.0,148.0,98.0,102.0,307.0,1017531.0,756.0,117.0
2020-04-15,924.0,205.0,135.0,107.0,350.0,1018332.0,905.0,149.0
2020-04-16,1075.0,229.0,201.0,118.0,450.0,1016572.0,1093.0,188.0
2020-04-17,1297.0,288.0,213.0,149.0,543.0,1016523.0,1317.0,224.0
2020-04-18,1566.0,318.0,257.0,176.0,655.0,1015922.0,1569.0,252.0
2020-04-19,1868.0,378.0,302.0,217.0,788.0,1015042.0,1879.0,310.0
2020-04-20,2262.0,468.0,359.0,290.0,946.0,1015490.0,2230.0,351.0
2020-04-21,2687.0,558.0,436.0,364.0,1142.0,1014654.0,2680.0,450.0
2020-04-22,3239.0,662.0,520.0,405.0,1345.0,1013884.0,3212.0,532.0
2020-04-23,3804.0,842.0,616.0,469.0,1645.0,1013158.0,3860.0,648.0
2020-04-24,4637.0,1006.0,755.0,550.0,1961.0,1011924.0,4605.0,745.0
2020-04-25,5601.0,1176.0,880.0,679.0,2319.0,1011072.0,5548.0,943.0
2020-04-26,6646.0,1406.0,1086.0,814.0,2846.0,1008817.0,6617.0,1069.0
2020-04-27,7963.0,1719.0,1286.0,999.0,3408.0,1006784.0,7996.0,1379.0
2020-04-28,9575.0,2041.0,1628.0,1197.0,4115.0,1003855.0,9611.0,1615.0
2020-04-29,11507.0,2418.0,1887.0,1437.0,5067.0,999825.0,11478.0,1867.0
2020-04-30,13859.0,2890.0,2274.0,1772.0,6047.0,996282.0,13791.0,2313.0
2020-05-01,16548.0,3551.0,2676.0,2087.0,7313.0,990197.0,16594.0,2803.0
2020-05-02,19965.0,4258.0,3322.0,2553.0,8702.0,983795.0,19915.0,3321.0
2020-05-03,23904.0,5090.0,3904.0,3081.0,10556.0,977396.0,23938.0,4023.0
2020-05-04,28416.0,6064.0,4864.0,3572.0,12763.0,969181.0,28762.0,4824.0
2020-05-05,33971.0,7197.0,5687.0,4368.0,15087.0,959091.0,34358.0,5596.0
2020-05-06,40251.0,8643.0,6776.0,5227.0,18290.0,946296.0,41192.0,6834.0
2020-05-07,47522.0,10325.0,8172.0,6165.0,21944.0,930779.0,49249.0,8057.0
2020-05-08,56149.0,12216.0,9489.0,7451.0,26183.0,912929.0,58694.0,9445.0
2020-05-09,65859.0,14443.0,11227.0,8848.0,31380.0,892203.0,69882.0,11188.0
2020-05-10,77097.0,16861.0,13418.0,10459.0,37289.0,868475.0,82881.0,12999.0
2020-05-11,89268.0,19677.0,15720.0,12517.0,44806.0,843286.0,98273.0,15392.0
2020-05-12,103003.0,22890.0,18244.0,14655.0,53456.0,813018.0,115956.0,17683.0
2020-05-13,117895.0,26348.0,21258.0,16994.0,63723.0,779313.0,136136.0,20180.0
2020-05-14,133774.0,30217.0,24412.0,20061.0,75301.0,741098.0,159262.0,23126.0
2020-05-15,150820.0,34086.0,28507.0,23289.0,89132.0,698817.0,185250.0,25988.0
2020-05-16,166723.0,38933.0,32314.0,26656.0,105165.0,655435.0,214730.0,29480.0
2020-05-17,182558.0,43053.0,36581.0,30281.0,123447.0,608564.0,247044.0,32314.0
2020-05-18,197173.0,47440.0,40747.0,34260.0,144441.0,560186.0,282543.0,35499.0
2020-05-19,210044.0,51745.0,44495.0,38610.0,167373.0,511070.0,320475.0,37932.0
2020-05-20,220625.0,55442.0,49091.0,42503.0,192962.0,462939.0,360706.0,40231.0
2020-05-21,229109.0,58434.0,52671.0,46639.0,222000.0,416816.0,402734.0,42028.0
2020-05-22,233987.0,60838.0,56040.0,50449.0,253397.0,370742.0,446458.0,43724.0
2020-05-23,235177.0,62482.0,58623.0,54070.0,287014.0,328986.0,490464.0,44006.0
2020-05-24,231985.0,63031.0,60578.0,56724.0,322208.0,290323.0,534367.0,43903.0
2020-05-25,226801.0,63127.0,61234.0,58762.0,359365.0,256319.0,577583.0,43216.0
2020-05-26,218776.0,62080.0,62065.0,59900.0,397272.0,226092.0,619569.0,41986.0
2020-05-27,208080.0,60198.0,61668.0,60900.0,436562.0,199314.0,659641.0,40072.0
2020-05-28,196362.0,57831.0,60154.0,61063.0,475214.0,176265.0,697871.0,38230.0
2020-05-29,182773.0,54678.0,57813.0,59967.0,514111.0,156504.0,733566.0,35695.0
2020-05-30,168342.0,51379.0,55487.0,58229.0,550962.0,140128.0,767128.0,33562.0
2020-05-31,154936.0,48037.0,52451.0,56129.0,587894.0,126368.0,797807.0,30679.0
2020-06-01,141818.0,43999.0,49319.0,53514.0,623034.0,114184.0,825754.0,27947.0
2020-06-02,128683.0,40478.0,45623.0,50167.0,656329.0,103627.0,851662.0,25908.0
2020-06-03,116619.0,37430.0,42274.0,47239.0,688292.0,95093.0,874908.0,23246.0
2020-06-04,104528.0,33804.0,39040.0,44007.0,718008.0,87719.0,896052.0,21144.0
2020-06-05,93388.0,30470.0,35513.0,40395.0,745375.0,81712.0,915062.0,19010.0
2020-06-06,83423.0,27357.0,32300.0,37356.0,770005.0,76444.0,931964.0,16902.0
2020-06-07,74475.0,24690.0,29119.0,34349.0,792032.0,72241.0,947097.0,15133.0
2020-06-08,66581.0,21980.0,26115.0,30829.0,813122.0,68659.0,960394.0,13297.0
2020-06-09,58776.0,19745.0,23325.0,27766.0,830927.0,65859.0,972372.0,11978.0
2020-06-10,52119.0,17348.0,21082.0,25095.0,847478.0,63101.0,982921.0,10549.0
2020-06-11,46337.0,15517.0,18718.0,22851.0,862231.0,60614.0,992259.0,9338.0
2020-06-12,40893.0,13803.0,16547.0,20305.0,876751.0,58697.0,1000429.0,8170.0
2020-06-13,35987.0,12147.0,14817.0,18069.0,888846.0,56906.0,1007670.0,7241.0
2020-06-14,31670.0,10786.0,13188.0,16118.0,897945.0,55328.0,1014116.0,6446.0
2020-06-15,28154.0,9373.0,11926.0,14324.0,908034.0,54131.0,1019789.0,5673.0
2020-06-16,24774.0,8469.0,10338.0,12858.0,918273.0,53040.0,1024839.0,5050.0
2020-06-17,21840.0,7443.0,9319.0,11309.0,927299.0,51927.0,1029251.0,4412.0
2020-06-18,19135.0,6484.0,8301.0,9981.0,933121.0,50991.0,1033160.0,3909.0
2020-06-19,16866.0,5760.0,7296.0,8784.0,938121.0,50287.0,1036596.0,3436.0
2020-06-20,14679.0,4997.0,6389.0,7704.0,943385.0,49566.0,1039561.0,2965.0
2020-06-21,12961.0,4444.0,5545.0,6849.0,948756.0,49123.0,1042203.0,2642.0
2020-06-22,11443.0,3897.0,4793.0,6040.0,951408.0,48749.0,1044474.0,2271.0
2020-06-23,9948.0,3378.0,4294.0,5335.0,955062.0,48059.0,1046508.0,2034.0
2020-06-24,8624.0,2978.0,3823.0,4755.0,958540.0,48193.0,1048319.0,1811.0
2020-06-25,7612.0,2596.0,3357.0,4101.0,961111.0,48092.0,1049827.0,1508.0
2020-06-26,6672.0,2246.0,2914.0,3553.0,965418.0,47668.0,1051170.0,1343.0
2020-06-27,5837.0,1953.0,2503.0,3160.0,967643.0,47367.0,1052282.0,1112.0
2020-06-28,5045.0,1714.0,2212.0,2736.0,969063.0,47239.0,1053362.0,1080.0
2020-06-29,4435.0,1564.0,1927.0,2360.0,970406.0,46921.0,1054282.0,920.0
2020-06-30,4008.0,1316.0,1708.0,2073.0,971636.0,46572.0,1055046.0,764.0
2020-07-01,3495.0,1219.0,1478.0,1821.0,973156.0,46687.0,1055737.0,691.0
2020-07-02,3033.0,1084.0,1297.0,1565.0,975006.0,46874.0,1056381.0,644.0
2020-07-03,2646.0,931.0,1164.0,1440.0,976006.0,46304.0,1056915.0,534.0
2020-07-04,2333.0,771.0,992.0,1291.0,977789.0,46213.0,1057371.0,456.0
2020-07-05,2028.0,679.0,872.0,1111.0,977775.0,46505.0,1057741.0,370.0
2020-07-06,1787.0,615.0,747.0,985.0,978403.0,46499.0,1058089.0,348.0
