time,E,I1,I2,I3,R,S,cumI,diffI
2020-03-06,1.0,2.0,1.0,0.0,0.0,970410.0,0.0,0.0
2020-03-07,0.0,0.0,1.0,1.0,0.0,971357.0,0.0,0.0
2020-03-08,1.0,0.0,0.0,1.0,1.0,978036.0,0.0,0.0
2020-03-09,1.0,0.0,0.0,0.0,2.0,984612.0,0.0,0.0
2020-03-10,0.0,0.0,1.0,0.0,2.0,991749.0,0.0,0.0
2020-03-11,1.0,0.0,0.0,1.0,0.0,996871.0,0.0,0.0
2020-03-12,2.0,1.0,0.0,0.0,1.0,999618.0,1.0,1.0
2020-03-13,2.0,1.0,0.0,1.0,0.0,1001616.0,1.0,0.0
2020-03-14,3.0,0.0,1.0,0.0,0.0,1003856.0,1.0,0.0
2020-03-15,2.0,0.0,0.0,0.0,0.0,1006782.0,1.0,0.0
2020-03-16,1.0,1.0,1.0,0.0,0.0,1008055.0,3.0,2.0
2020-03-17,4.0,0.0,1.0,1.0,0.0,1007837.0,3.0,0.0
2020-03-18,6.0,1.0,0.0,0.0,1.0,1008652.0,4.0,1.0
2020-03-19,5.0,2.0,1.0,0.0,1.0,1009881.0,6.0,2.0
2020-03-20,7.0,2.0,3.0,0.0,1.0,1010387.0,8.0,2.0
2020-03-21,7.0,1.0,1.0,1.0,0.0,1011267.0,8.0,0.0
2020-03-22,7.0,0.0,1.0,2.0,2.0,1011268.0,8.0,0.0
2020-03-23,5.0,0.0,1.0,2.0,3.0,1013136.0,9.0,1.0
2020-03-24,8.0,3.0,2.0,0.0,6.0,1013799.0,13.0,4.0
2020-03-25,10.0,2.0,4.0,1.0,8.0,1013369.0,13.0,0.0
2020-03-26,23.0,5.0,3.0,2.0,7.0,1012941.0,18.0,5.0
2020-03-27,20.0,11.0,6.0,1.0,8.0,1014180.0,27.0,9.0
2020-03-28,19.0,8.0,9.0,2.0,6.0,1014192.0,30.0,3.0
2020-03-29,31.0,4.0,7.0,3.0,11.0,1014598.0,33.0,3.0
2020-03-30,33.0,7.0,5.0,5.0,12.0,1014123.0,40.0,7.0
2020-03-31,44.0,9.0,3.0,7.0,19.0,1014673.0,46.0,6.0
2020-04-01,53.0,10.0,8.0,4.0,20.0,1015020.0,54.0,8.0
2020-04-02,60.0,15.0,17.0,6.0,25.0,1016450.0,61.0,7.0
2020-04-03,76.0,14.0,13.0,13.0,35.0,1017340.0,75.0,14.0
2020-04-04,93.0,24.0,10.0,12.0,42.0,1016738.0,90.0,15.0
2020-04-05,97.0,30.0,14.0,16.0,51.0,1016819.0,110.0,20.0
2020-04-06,134.0,30.0,20.0,11.0,63.0,1016117.0,130.0,20.0
2020-04-07,165.0,37.0,22.0,22.0,69.0,1016392.0,158.0,28.0
2020-04-08,221.0,36.0,23.0,25.0,73.0,1015743.0,191.0,33.0
2020-04-09,232.0,50.0,30.0,28.0,92.0,1017057.0,237.0,46.0
2020-04-10,282.0,60.0,66.0,32.0,105.0,1015251.0,292.0,55.0
2020-04-11,368.0,61.0,75.0,52.0,121.0,1014850.0,338.0,46.0
2020-04-12,442.0,86.0,73.0,65.0,168.0,1016694.0,415.0,77.0
2020-04-13,555.0,89.0,87.0,68.0,206.0,1017441.0,487.0,72.0
2020-04-14,658.0,127.0,91.0,86.0,255.0,1017157.0,596.0,109.0
2020-04-15,772.0,173.0,115.0,79.0,333.0,1017262.0,732.0,136.0
2020-04-16,938.0,168.0,119.0,119.0,370.0,1018960.0,867.0,135.0
2020-04-17,1093.0,231.0,180.0,133.0,471.0,1017641.0,1064.0,197.0
2020-04-18,1346.0,320.0,230.0,153.0,583.0,1017046.0,1314.0,250.0
2020-04-19,1627.0,352.0,250.0,223.0,702.0,1016654.0,1576.0,262.0
2020-04-20,1973.0,395.0,325.0,215.0,849.0,1016144.0,1892.0,316.0
2020-04-21,2285.0,518.0,412.0,284.0,1031.0,1016539.0,2318.0,426.0
2020-04-22,2802.0,628.0,460.0,348.0,1255.0,1015728.0,2811.0,493.0
2020-04-23,3499.0,740.0,583.0,430.0,1504.0,1013520.0,3371.0,560.0
2020-04-24,4184.0,912.0,702.0,592.0,1787.0,1012077.0,4083.0,712.0
2020-04-25,5138.0,1037.0,819.0,699.0,2159.0,1011084.0,4876.0,793.0
2020-04-26,6136.0,1360.0,989.0,809.0,2664.0,1010026.0,5956.0,1080.0
2020-04-27,7489.0,1588.0,1196.0,937.0,3244.0,1008504.0,7221.0,1265.0
2020-04-28,9030.0,1953.0,1508.0,1092.0,3852.0,1003810.0,8797.0,1576.0
2020-04-29,10978.0,2345.0,1885.0,1389.0,4663.0,1000385.0,10621.0,1824.0
2020-04-30,13288.0,2818.0,2138.0,1751.0,5677.0,997592.0,12794.0,2173.0
2020-05-01,15997.0,3369.0,2584.0,2048.0,6877.0,992082.0,15397.0,2603.0
2020-05-02,19285.0,4088.0,3130.0,2396.0,8392.0,985400.0,18667.0,3270.0
2020-05-03,22890.0,4775.0,3772.0,2942.0,10042.0,978178.0,22470.0,3803.0
2020-05-04,27230.0,5900.0,4496.0,3524.0,12138.0,969394.0,27140.0,4670.0
2020-05-05,32448.0,7000.0,5392.0,4227.0,14519.0,961023.0,32626.0,5486.0
2020-05-06,38870.0,8331.0,6580.0,5070.0,17522.0,948543.0,39040.0,6414.0
2020-05-07,45971.0,9970.0,7686.0,6092.0,20921.0,933248.0,46958.0,7918.0
2020-05-08,54345.0,11829.0,9184.0,7147.0,25304.0,916897.0,56181.0,9223.0
2020-05-09,63932.0,13698.0,11077.0,8523.0,30294.0,896740.0,66817.0,10636.0
2020-05-10,74890.0,16213.0,12930.0,10098.0,36184.0,872767.0,79371.0,12554.0
2020-05-11,86492.0,19079.0,15036.0,12082.0,43141.0,846429.0,94143.0,14772.0
2020-05-12,99610.0,22048.0,17861.0,14102.0,51578.0,815890.0,111081.0,16938.0
2020-05-13,114268.0,25652.0,20443.0,16953.0,61783.0,782114.0,130750.0,19669.0
2020-05-14,130437.0,29324.0,24028.0,19619.0,73218.0,744950.0,153260.0,22510.0
2020-05-15,146509.0,33541.0,27598.0,22830.0,86565.0,706260.0,178944.0,25684.0
2020-05-16,163156.0,37899.0,31627.0,25833.0,102258.0,662274.0,207544.0,28600.0
2020-05-17,179408.0,42538.0,35861.0,29396.0,120285.0,616993.0,239307.0,31763.0
2020-05-18,194342.0,46666.0,40257.0,33734.0,140432.0,568731.0,274004.0,34697.0
2020-05-19,207964.0,50371.0,44529.0,38052.0,162691.0,519253.0,311245.0,37241.0
2020-05-20,218828.0,54623.0,47991.0,41999.0,188975.0,470669.0,351078.0,39833.0
2020-05-21,227107.0,57561.0,52122.0,45940.0,217521.0,422701.0,392919.0,41841.0
2020-05-22,232852.0,59995.0,55329.0,49524.0,248546.0,376946.0,435880.0,42961.0
2020-05-23,233914.0,61849.0,58006.0,52735.0,281589.0,334363.0,479786.0,43906.0
2020-05-24,231752.0,63140.0,60033.0,55826.0,317262.0,295383.0,523690.0,43904.0
2020-05-25,226359.0,63095.0,61517.0,57892.0,353854.0,260218.0,566906.0,43216.0
2020-05-26,218890.0,61807.0,61689.0,59996.0,392347.0,229249.0,608645.0,41739.0
2020-05-27,208425.0,60132.0,61144.0,60389.0,432577.0,201650.0,648978.0,40333.0
2020-05-28,196340.0,57977.0,60077.0,60156.0,471815.0,178107.0,687406.0,38428.0
2020-05-29,183519.0,54865.0,58408.0,59379.0,511060.0,157891.0,723328.0,35922.0
2020-05-30,169246.0,51893.0,55855.0,58791.0,549121.0,140762.0,757186.0,33858.0
2020-05-31,155742.0,48107.0,53019.0,56452.0,587778.0,125894.0,788249.0,31063.0
2020-06-01,141966.0,44553.0,49463.0,53542.0,623882.0,113546.0,816604.0,28355.0
2020-06-02,128524.0,40975.0,45917.0,50643.0,656880.0,102840.0,842596.0,25992.0
2020-06-03,115693.0,37251.0,42733.0,47347.0,689858.0,94145.0,865953.0,23357.0
2020-06-04,103638.0,33935.0,38948.0,44011.0,719198.0,86731.0,886870.0,20917.0
2020-06-05,93054.0,30376.0,35525.0,40681.0,746869.0,80576.0,905710.0,18840.0
2020-06-06,82981.0,27101.0,32400.0,37038.0,770713.0,74783.0,922487.0,16777.0
2020-06-07,73563.0,24402.0,29115.0,33908.0,793422.0,70311.0,937295.0,14808.0
2020-06-08,65365.0,21607.0,26172.0,30714.0,814820.0,66121.0,950546.0,13251.0
2020-06-09,57971.0,19257.0,23233.0,27721.0,834140.0,63197.0,962124.0,11578.0
2020-06-10,51375.0,17118.0,20672.0,24908.0,850964.0,60403.0,972440.0,10316.0
2020-06-11,45021.0,15201.0,18744.0,22181.0,865806.0,58009.0,981663.0,9223.0
2020-06-12,39774.0,13518.0,16584.0,19857.0,879916.0,56150.0,989782.0,8119.0
2020-06-13,35052.0,11800.0,14474.0,17817.0,892737.0,54274.0,996805.0,7023.0
2020-06-14,30578.0,10397.0,12933.0,15525.0,904068.0,52903.0,1003123.0,6318.0
2020-06-15,26770.0,9185.0,11386.0,13845.0,912911.0,52293.0,1008581.0,5458.0
2020-06-16,23681.0,7994.0,10108.0,12251.0,921049.0,51356.0,1013326.0,4745.0
2020-06-17,20798.0,6996.0,8825.0,10875.0,928985.0,49976.0,1017598.0,4272.0
2020-06-18,18033.0,6159.0,7493.0,9604.0,935682.0,49304.0,1021228.0,3630.0
2020-06-19,15829.0,5499.0,6684.0,8409.0,941277.0,49015.0,1024427.0,3199.0
2020-06-20,13815.0,4868.0,5858.0,7349.0,946715.0,48337.0,1027281.0,2854.0
2020-06-21,12068.0,4185.0,5105.0,6443.0,951445.0,47740.0,1029751.0,2470.0
2020-06-22,10525.0,3686.0,4500.0,5668.0,955637.0,47167.0,1031892.0,2141.0
2020-06-23,9212.0,3238.0,3937.0,4996.0,958156.0,46893.0,1033750.0,1858.0
2020-06-24,8147.0,2760.0,3406.0,4422.0,961970.0,46496.0,1035362.0,1612.0
2020-06-25,7148.0,2386.0,3001.0,3884.0,965493.0,46019.0,1036721.0,1359.0
2020-06-26,6187.0,2121.0,2569.0,3425.0,967501.0,45748.0,1037966.0,1245.0
2020-06-27,5442.0,1832.0,2260.0,2993.0,969127.0,45910.0,1039058.0,1092.0
2020-06-28,4756.0,1583.0,2042.0,2592.0,969796.0,45470.0,1040013.0,955.0
2020-06-29,4137.0,1378.0,1740.0,2231.0,972093.0,45526.0,1040836.0,823.0
2020-06-30,3495.0,1204.0,1494.0,1943.0,972600.0,45439.0,1041579.0,743.0
2020-07-01,3039.0,1103.0,1312.0,1717.0,973316.0,45123.0,1042231.0,652.0
2020-07-02,2669.0,905.0,1182.0,1500.0,976171.0,45380.0,1042765.0,534.0
2020-07-03,2367.0,775.0,1045.0,1327.0,976238.0,45188.0,1043235.0,470.0
2020-07-04,2052.0,668.0,827.0,1095.0,975770.0,45153.0,1043646.0,411.0
2020-07-05,1834.0,620.0,694.0,968.0,977184.0,44909.0,1043984.0,338.0
2020-07-06,1589.0,545.0,650.0,850.0,977626.0,45147.0,1044311.0,327.0
