time,E,I1,I2,I3,R,S,cumI,diffI
2020-03-06,2.0,2.0,1.0,0.0,0.0,970239.0,0.0,0.0
2020-03-07,5.0,0.0,1.0,1.0,0.0,972439.0,0.0,0.0
2020-03-08,4.0,1.0,0.0,1.0,1.0,979054.0,1.0,1.0
2020-03-09,3.0,1.0,0.0,1.0,1.0,985771.0,1.0,0.0
2020-03-10,3.0,1.0,1.0,0.0,2.0,991560.0,2.0,1.0
2020-03-11,1.0,2.0,1.0,0.0,2.0,996290.0,4.0,2.0
2020-03-12,2.0,0.0,2.0,0.0,1.0,1000445.0,4.0,0.0
2020-03-13,2.0,0.0,0.0,0.0,3.0,1003226.0,4.0,0.0
2020-03-14,3.0,0.0,0.0,0.0,3.0,1004529.0,4.0,0.0
2020-03-15,3.0,0.0,0.0,0.0,4.0,1005846.0,4.0,0.0
2020-03-16,1.0,1.0,0.0,0.0,3.0,1008692.0,5.0,1.0
2020-03-17,0.0,1.0,0.0,0.0,2.0,1011067.0,5.0,0.0
2020-03-18,1.0,1.0,0.0,0.0,3.0,1012116.0,5.0,0.0
2020-03-19,1.0,1.0,0.0,0.0,4.0,1011337.0,5.0,0.0
2020-03-20,4.0,1.0,0.0,1.0,3.0,1011963.0,5.0,0.0
2020-03-21,3.0,2.0,1.0,0.0,3.0,1012130.0,7.0,2.0
2020-03-22,3.0,1.0,1.0,1.0,0.0,1012178.0,9.0,2.0
2020-03-23,4.0,0.0,2.0,0.0,1.0,1011800.0,9.0,0.0
2020-03-24,8.0,0.0,2.0,2.0,1.0,1013901.0,9.0,0.0
2020-03-25,6.0,0.0,1.0,1.0,0.0,1013055.0,9.0,0.0
2020-03-26,5.0,0.0,0.0,3.0,0.0,1013328.0,9.0,0.0
2020-03-27,5.0,1.0,0.0,0.0,3.0,1014153.0,9.0,0.0
2020-03-28,7.0,2.0,1.0,0.0,2.0,1013449.0,10.0,1.0
2020-03-29,10.0,1.0,2.0,2.0,2.0,1013657.0,10.0,0.0
2020-03-30,13.0,2.0,0.0,0.0,5.0,1014188.0,11.0,1.0
2020-03-31,9.0,2.0,1.0,0.0,6.0,1014523.0,15.0,4.0
2020-04-01,15.0,3.0,2.0,2.0,7.0,1016187.0,17.0,2.0
2020-04-02,17.0,8.0,3.0,1.0,6.0,1014847.0,20.0,3.0
2020-04-03,28.0,7.0,4.0,5.0,11.0,1015880.0,22.0,2.0
2020-04-04,25.0,4.0,7.0,5.0,10.0,1016596.0,26.0,4.0
2020-04-05,31.0,5.0,6.0,3.0,18.0,1017360.0,30.0,4.0
2020-04-06,39.0,4.0,7.0,7.0,17.0,1017582.0,32.0,2.0
2020-04-07,42.0,4.0,2.0,4.0,25.0,1017231.0,36.0,4.0
2020-04-08,37.0,10.0,4.0,4.0,36.0,1017554.0,43.0,7.0
2020-04-09,59.0,9.0,8.0,5.0,38.0,1018396.0,51.0,8.0
2020-04-10,66.0,21.0,8.0,7.0,36.0,1020320.0,66.0,15.0
2020-04-11,78.0,12.0,16.0,14.0,33.0,1020837.0,76.0,10.0
2020-04-12,109.0,18.0,17.0,11.0,43.0,1019377.0,87.0,11.0
2020-04-13,115.0,24.0,12.0,14.0,62.0,1018440.0,104.0,17.0
2020-04-14,168.0,33.0,21.0,20.0,67.0,1018724.0,127.0,23.0
2020-04-15,183.0,41.0,24.0,22.0,85.0,1018227.0,155.0,28.0
2020-04-16,216.0,52.0,37.0,26.0,101.0,1018708.0,191.0,36.0
2020-04-17,308.0,56.0,42.0,42.0,123.0,1019555.0,227.0,36.0
2020-04-18,341.0,96.0,43.0,49.0,151.0,1018562.0,302.0,75.0
2020-04-19,428.0,101.0,75.0,49.0,184.0,1018530.0,369.0,67.0
2020-04-20,562.0,85.0,91.0,81.0,223.0,1019626.0,437.0,68.0
2020-04-21,616.0,122.0,106.0,76.0,268.0,1018447.0,558.0,121.0
2020-04-22,761.0,138.0,137.0,90.0,318.0,1019345.0,674.0,116.0
2020-04-23,922.0,174.0,142.0,108.0,361.0,1017978.0,822.0,148.0
2020-04-24,1111.0,218.0,163.0,145.0,450.0,1018803.0,1001.0,179.0
2020-04-25,1280.0,288.0,220.0,170.0,563.0,1018620.0,1230.0,229.0
2020-04-26,1601.0,323.0,253.0,183.0,689.0,1018551.0,1467.0,237.0
2020-04-27,1934.0,389.0,343.0,227.0,843.0,1017755.0,1777.0,310.0
2020-04-28,2399.0,452.0,397.0,308.0,986.0,1017654.0,2156.0,379.0
2020-04-29,2878.0,596.0,448.0,358.0,1199.0,1016556.0,2638.0,482.0
2020-04-30,3499.0,731.0,549.0,430.0,1459.0,1015612.0,3208.0,570.0
2020-05-01,4109.0,875.0,691.0,514.0,1769.0,1014293.0,3922.0,714.0
2020-05-02,5049.0,1093.0,835.0,623.0,2087.0,1012930.0,4782.0,860.0
2020-05-03,6100.0,1298.0,999.0,747.0,2554.0,1009988.0,5756.0,974.0
2020-05-04,7401.0,1568.0,1262.0,894.0,3082.0,1006900.0,6993.0,1237.0
2020-05-05,8979.0,1811.0,1466.0,1198.0,3726.0,1004848.0,8444.0,1451.0
2020-05-06,10898.0,2307.0,1766.0,1368.0,4600.0,1002400.0,10328.0,1884.0
2020-05-07,13162.0,2897.0,2252.0,1634.0,5535.0,998610.0,12581.0,2253.0
2020-05-08,15887.0,3348.0,2627.0,2003.0,6728.0,993129.0,15125.0,2544.0
2020-05-09,19085.0,3999.0,3089.0,2400.0,8283.0,988767.0,18271.0,3146.0
2020-05-10,22638.0,4839.0,3769.0,2871.0,9929.0,980662.0,22125.0,3854.0
2020-05-11,27078.0,5692.0,4501.0,3392.0,11900.0,971521.0,26559.0,4434.0
2020-05-12,32229.0,6891.0,5315.0,4160.0,14314.0,959673.0,32020.0,5461.0
2020-05-13,38435.0,8234.0,6404.0,4974.0,17118.0,947373.0,38463.0,6443.0
2020-05-14,45499.0,9708.0,7602.0,5974.0,20628.0,933858.0,46038.0,7575.0
2020-05-15,53833.0,11559.0,9000.0,7105.0,24848.0,917346.0,55093.0,9055.0
2020-05-16,63353.0,13716.0,10716.0,8463.0,29821.0,897341.0,65890.0,10797.0
2020-05-17,74240.0,16425.0,12729.0,9979.0,35749.0,874931.0,78477.0,12587.0
2020-05-18,86645.0,19015.0,15126.0,12102.0,42738.0,849242.0,93057.0,14580.0
2020-05-19,99933.0,22018.0,18075.0,14195.0,51057.0,818727.0,110021.0,16964.0
2020-05-20,114642.0,25448.0,20766.0,16602.0,61538.0,785092.0,129765.0,19744.0
2020-05-21,130471.0,29374.0,23789.0,19066.0,73122.0,748326.0,152111.0,22346.0
2020-05-22,146895.0,33474.0,27548.0,22229.0,86576.0,707831.0,177615.0,25504.0
2020-05-23,163820.0,38034.0,31434.0,26222.0,101543.0,664036.0,206293.0,28678.0
2020-05-24,180152.0,42604.0,35574.0,30011.0,119938.0,616975.0,238131.0,31838.0
2020-05-25,195665.0,46925.0,40099.0,33744.0,140676.0,567770.0,273058.0,34927.0
2020-05-26,208846.0,50856.0,44541.0,37765.0,164111.0,518862.0,310461.0,37403.0
2020-05-27,220264.0,54740.0,48615.0,41788.0,189914.0,469935.0,350386.0,39925.0
2020-05-28,228963.0,57888.0,52406.0,46318.0,218051.0,422326.0,392121.0,41735.0
2020-05-29,233438.0,60350.0,55824.0,49922.0,249374.0,376611.0,435498.0,43377.0
2020-05-30,235111.0,62330.0,58199.0,53339.0,282612.0,334371.0,479124.0,43626.0
2020-05-31,232183.0,63364.0,60232.0,56284.0,317906.0,295436.0,523403.0,44279.0
2020-06-01,227712.0,62922.0,61677.0,58507.0,355250.0,260149.0,566583.0,43180.0
2020-06-02,219456.0,61821.0,62311.0,59984.0,393791.0,228878.0,608856.0,42273.0
2020-06-03,208851.0,60427.0,61322.0,61009.0,433629.0,201347.0,649377.0,40521.0
2020-06-04,196507.0,58292.0,60135.0,60692.0,472201.0,177462.0,687932.0,38555.0
2020-06-05,183030.0,55184.0,58721.0,59807.0,511384.0,157588.0,723978.0,36046.0
2020-06-06,169763.0,51688.0,55590.0,58830.0,548885.0,141541.0,757224.0,33246.0
2020-06-07,155487.0,47925.0,53062.0,56178.0,587213.0,126837.0,788335.0,31111.0
2020-06-08,141777.0,44743.0,49500.0,53273.0,622985.0,114642.0,816998.0,28663.0
2020-06-09,128881.0,41058.0,46327.0,50900.0,656848.0,103485.0,843115.0,26117.0
2020-06-10,116490.0,37159.0,42782.0,47945.0,689167.0,94898.0,866442.0,23327.0
2020-06-11,104898.0,33663.0,39075.0,44330.0,718267.0,87699.0,887293.0,20851.0
2020-06-12,93785.0,30206.0,35383.0,40762.0,745790.0,81494.0,905936.0,18643.0
2020-06-13,83938.0,27275.0,32604.0,36763.0,770608.0,76233.0,922970.0,17034.0
2020-06-14,74255.0,24603.0,29273.0,33808.0,791824.0,71913.0,938034.0,15064.0
2020-06-15,65787.0,21670.0,26261.0,30925.0,813014.0,67797.0,951360.0,13326.0
2020-06-16,58420.0,19239.0,23502.0,27639.0,832577.0,64715.0,963122.0,11762.0
2020-06-17,51665.0,17414.0,21011.0,24929.0,848681.0,61987.0,973676.0,10554.0
2020-06-18,45579.0,15572.0,18712.0,22343.0,865795.0,59780.0,983074.0,9398.0
2020-06-19,40263.0,13715.0,16922.0,20199.0,880704.0,57862.0,991332.0,8258.0
2020-06-20,35648.0,12073.0,14838.0,18386.0,891972.0,56087.0,998600.0,7268.0
2020-06-21,31349.0,10564.0,13092.0,15999.0,903580.0,54512.0,1004932.0,6332.0
2020-06-22,27389.0,9269.0,11691.0,14227.0,911909.0,53421.0,1010498.0,5566.0
2020-06-23,24090.0,8169.0,10392.0,12563.0,920561.0,52021.0,1015543.0,5045.0
2020-06-24,20918.0,7228.0,9042.0,11176.0,927946.0,51192.0,1019819.0,4276.0
2020-06-25,18679.0,6312.0,7899.0,9953.0,935714.0,50713.0,1023601.0,3782.0
2020-06-26,16397.0,5645.0,6917.0,8802.0,941464.0,50075.0,1026895.0,3294.0
2020-06-27,14400.0,4929.0,6262.0,7628.0,946732.0,49423.0,1029851.0,2956.0
2020-06-28,12614.0,4256.0,5255.0,6752.0,950716.0,48790.0,1032389.0,2538.0
2020-06-29,11032.0,3896.0,4718.0,5881.0,954675.0,48106.0,1034721.0,2332.0
2020-06-30,9700.0,3321.0,4187.0,5110.0,959266.0,47979.0,1036635.0,1914.0
2020-07-01,8508.0,2904.0,3656.0,4680.0,962249.0,47412.0,1038404.0,1769.0
2020-07-02,7440.0,2560.0,3220.0,4099.0,964440.0,47256.0,1039913.0,1509.0
2020-07-03,6570.0,2255.0,2786.0,3554.0,966405.0,46911.0,1041238.0,1325.0
2020-07-04,5627.0,1956.0,2436.0,2896.0,969329.0,46747.0,1042416.0,1178.0
2020-07-05,4936.0,1702.0,2125.0,2603.0,970539.0,46559.0,1043418.0,1002.0
2020-07-06,4264.0,1453.0,1920.0,2283.0,970745.0,46638.0,1044260.0,842.0
