time,E,I1,I2,I3,R,S,cumI,diffI
2020-03-06,0.0,3.0,0.0,0.0,0.0,969581.0,0.0,0.0
2020-03-07,0.0,1.0,1.0,0.0,0.0,971289.0,0.0,0.0
2020-03-08,0.0,0.0,1.0,1.0,0.0,978647.0,0.0,0.0
2020-03-09,0.0,0.0,1.0,0.0,0.0,987531.0,0.0,0.0
2020-03-10,1.0,0.0,0.0,2.0,0.0,992559.0,0.0,0.0
2020-03-11,0.0,0.0,0.0,0.0,2.0,997453.0,0.0,0.0
2020-03-12,0.0,0.0,0.0,0.0,1.0,1001015.0,0.0,0.0
2020-03-13,0.0,0.0,0.0,0.0,1.0,1003380.0,0.0,0.0
2020-03-14,0.0,0.0,0.0,0.0,0.0,1005818.0,0.0,0.0
2020-03-15,0.0,0.0,0.0,0.0,0.0,1006963.0,0.0,0.0
2020-03-16,0.0,0.0,0.0,0.0,0.0,1007830.0,0.0,0.0
2020-03-17,1.0,0.0,0.0,0.0,0.0,1009742.0,0.0,0.0
2020-03-18,2.0,0.0,0.0,0.0,0.0,1009641.0,0.0,0.0
2020-03-19,2.0,1.0,0.0,0.0,0.0,1011304.0,0.0,0.0
2020-03-20,1.0,1.0,0.0,0.0,0.0,1011976.0,0.0,0.0
2020-03-21,2.0,1.0,0.0,0.0,1.0,1012332.0,0.0,0.0
2020-03-22,3.0,0.0,1.0,0.0,1.0,1013340.0,0.0,0.0
2020-03-23,4.0,0.0,0.0,1.0,0.0,1013968.0,0.0,0.0
2020-03-24,3.0,0.0,0.0,0.0,1.0,1014327.0,0.0,0.0
2020-03-25,2.0,0.0,0.0,0.0,2.0,1015045.0,0.0,0.0
2020-03-26,1.0,0.0,1.0,0.0,4.0,1014155.0,1.0,1.0
2020-03-27,0.0,0.0,1.0,0.0,2.0,1015133.0,1.0,0.0
2020-03-28,2.0,0.0,0.0,0.0,3.0,1014812.0,1.0,0.0
2020-03-29,2.0,0.0,0.0,0.0,3.0,1015802.0,1.0,0.0
2020-03-30,2.0,0.0,0.0,0.0,3.0,1015450.0,1.0,0.0
2020-03-31,1.0,0.0,0.0,0.0,2.0,1015265.0,1.0,0.0
2020-04-01,1.0,0.0,0.0,0.0,1.0,1015961.0,1.0,0.0
2020-04-02,0.0,0.0,0.0,0.0,3.0,1017092.0,1.0,0.0
2020-04-03,0.0,0.0,0.0,0.0,1.0,1016922.0,1.0,0.0
2020-04-04,0.0,0.0,0.0,1.0,1.0,1017334.0,1.0,0.0
2020-04-05,3.0,0.0,0.0,0.0,2.0,1017419.0,1.0,0.0
2020-04-06,9.0,0.0,1.0,0.0,1.0,1018089.0,1.0,0.0
2020-04-07,7.0,2.0,0.0,2.0,4.0,1018066.0,2.0,1.0
2020-04-08,9.0,4.0,2.0,0.0,3.0,1018078.0,6.0,4.0
2020-04-09,17.0,4.0,3.0,2.0,4.0,1019035.0,9.0,3.0
2020-04-10,16.0,5.0,3.0,3.0,9.0,1019135.0,13.0,4.0
2020-04-11,15.0,6.0,4.0,5.0,13.0,1018589.0,16.0,3.0
2020-04-12,21.0,5.0,4.0,5.0,15.0,1019110.0,17.0,1.0
2020-04-13,24.0,9.0,3.0,4.0,20.0,1019365.0,27.0,10.0
2020-04-14,39.0,13.0,5.0,6.0,17.0,1019345.0,35.0,8.0
2020-04-15,45.0,8.0,9.0,6.0,17.0,1019919.0,39.0,4.0
2020-04-16,69.0,15.0,13.0,7.0,31.0,1018828.0,48.0,9.0
2020-04-17,85.0,18.0,9.0,10.0,31.0,1019463.0,57.0,9.0
2020-04-18,95.0,18.0,18.0,16.0,39.0,1020089.0,79.0,22.0
2020-04-19,111.0,29.0,13.0,17.0,50.0,1021191.0,98.0,19.0
2020-04-20,119.0,31.0,23.0,25.0,67.0,1021198.0,126.0,28.0
2020-04-21,160.0,29.0,23.0,17.0,97.0,1021819.0,147.0,21.0
2020-04-22,201.0,40.0,34.0,21.0,98.0,1022084.0,181.0,34.0
2020-04-23,246.0,57.0,39.0,21.0,106.0,1021866.0,222.0,41.0
2020-04-24,334.0,70.0,47.0,29.0,129.0,1022523.0,267.0,45.0
2020-04-25,377.0,105.0,56.0,51.0,150.0,1022530.0,345.0,78.0
2020-04-26,475.0,110.0,79.0,60.0,195.0,1022106.0,428.0,83.0
2020-04-27,562.0,132.0,92.0,74.0,229.0,1020830.0,537.0,109.0
2020-04-28,705.0,147.0,106.0,101.0,289.0,1020990.0,658.0,121.0
2020-04-29,834.0,179.0,138.0,108.0,357.0,1020269.0,815.0,157.0
2020-04-30,988.0,217.0,174.0,136.0,423.0,1019478.0,996.0,181.0
2020-05-01,1251.0,247.0,206.0,170.0,508.0,1019740.0,1204.0,208.0
2020-05-02,1489.0,301.0,225.0,201.0,622.0,1018735.0,1437.0,233.0
2020-05-03,1750.0,369.0,268.0,220.0,772.0,1017830.0,1722.0,285.0
2020-05-04,2149.0,440.0,342.0,280.0,928.0,1018078.0,2080.0,358.0
2020-05-05,2632.0,582.0,465.0,326.0,1114.0,1017789.0,2548.0,468.0
2020-05-06,3117.0,679.0,525.0,416.0,1290.0,1017047.0,3077.0,529.0
2020-05-07,3819.0,832.0,644.0,523.0,1568.0,1015128.0,3736.0,659.0
2020-05-08,4680.0,951.0,747.0,613.0,1962.0,1012636.0,4464.0,728.0
2020-05-09,5543.0,1177.0,922.0,708.0,2381.0,1011214.0,5406.0,942.0
2020-05-10,6880.0,1442.0,1127.0,882.0,2850.0,1010708.0,6569.0,1163.0
2020-05-11,8384.0,1734.0,1284.0,1058.0,3434.0,1007532.0,7913.0,1344.0
2020-05-12,9972.0,2222.0,1569.0,1208.0,4283.0,1005769.0,9697.0,1784.0
2020-05-13,11980.0,2560.0,1975.0,1510.0,5030.0,1002424.0,11650.0,1953.0
2020-05-14,14223.0,3115.0,2325.0,1793.0,6125.0,997783.0,14050.0,2400.0
2020-05-15,17180.0,3684.0,2874.0,2194.0,7372.0,991351.0,16991.0,2941.0
2020-05-16,20585.0,4362.0,3464.0,2611.0,9014.0,985003.0,20393.0,3402.0
2020-05-17,24805.0,5396.0,4015.0,3220.0,10758.0,976787.0,24591.0,4198.0
2020-05-18,29480.0,6352.0,4904.0,3815.0,12921.0,967003.0,29558.0,4967.0
2020-05-19,35505.0,7509.0,5997.0,4722.0,15736.0,955054.0,35482.0,5924.0
2020-05-20,42258.0,8913.0,7175.0,5520.0,19158.0,942262.0,42598.0,7116.0
2020-05-21,50035.0,10702.0,8463.0,6580.0,22991.0,926013.0,51052.0,8454.0
2020-05-22,58944.0,12831.0,9986.0,7975.0,27712.0,907716.0,61157.0,10105.0
2020-05-23,69347.0,15379.0,11740.0,9350.0,33247.0,886979.0,73041.0,11884.0
2020-05-24,81311.0,17879.0,14145.0,11056.0,39690.0,861618.0,86683.0,13642.0
2020-05-25,94456.0,20966.0,16703.0,13037.0,47576.0,832521.0,102895.0,16212.0
2020-05-26,108851.0,24171.0,19515.0,15653.0,56807.0,801648.0,121561.0,18666.0
2020-05-27,124027.0,27911.0,22469.0,18220.0,67713.0,765797.0,143085.0,21524.0
2020-05-28,140630.0,32019.0,25962.0,21064.0,80570.0,725678.0,167289.0,24204.0
2020-05-29,156941.0,36196.0,29731.0,24333.0,95058.0,683545.0,194832.0,27543.0
2020-05-30,173157.0,40461.0,33843.0,27921.0,111752.0,637283.0,225221.0,30389.0
2020-05-31,189382.0,44457.0,38197.0,31955.0,130835.0,589445.0,258527.0,33306.0
2020-06-01,203176.0,49461.0,42366.0,35868.0,152894.0,540775.0,295189.0,36662.0
2020-06-02,214911.0,53566.0,46769.0,39981.0,177628.0,491130.0,334233.0,39044.0
2020-06-03,225230.0,56754.0,51156.0,44296.0,204929.0,443162.0,375163.0,40930.0
2020-06-04,231753.0,59426.0,54851.0,48682.0,234575.0,396115.0,418101.0,42938.0
2020-06-05,234973.0,61346.0,57409.0,52236.0,267670.0,351578.0,461619.0,43518.0
2020-06-06,234406.0,62917.0,59842.0,55340.0,302144.0,311330.0,505655.0,44036.0
2020-06-07,230161.0,63327.0,61007.0,58116.0,339347.0,274429.0,549569.0,43914.0
2020-06-08,223409.0,63153.0,62168.0,59676.0,377294.0,240938.0,592501.0,42932.0
2020-06-09,213945.0,61255.0,61908.0,60833.0,416572.0,212204.0,633686.0,41185.0
2020-06-10,202426.0,59178.0,61012.0,61102.0,456165.0,186775.0,673125.0,39439.0
2020-06-11,189950.0,56490.0,59080.0,60415.0,495713.0,165442.0,710296.0,37171.0
2020-06-12,176238.0,53378.0,56781.0,59203.0,534415.0,146593.0,744987.0,34691.0
2020-06-13,162267.0,49796.0,54421.0,57112.0,573156.0,130629.0,777010.0,32023.0
2020-06-14,148582.0,46093.0,51187.0,54908.0,610223.0,117803.0,806310.0,29300.0
2020-06-15,134550.0,42671.0,47734.0,51998.0,645052.0,106853.0,833541.0,27231.0
2020-06-16,121391.0,38687.0,44562.0,48806.0,677387.0,97368.0,857863.0,24322.0
2020-06-17,109208.0,34806.0,40873.0,45920.0,708199.0,89205.0,879675.0,21812.0
2020-06-18,97844.0,31592.0,37047.0,42459.0,736603.0,82308.0,899543.0,19868.0
2020-06-19,87272.0,28524.0,33404.0,38805.0,763208.0,76366.0,917219.0,17676.0
2020-06-20,77545.0,25771.0,30316.0,35141.0,786698.0,71822.0,932941.0,15722.0
2020-06-21,68371.0,23087.0,27063.0,31950.0,809060.0,68072.0,946926.0,13985.0
2020-06-22,60989.0,20398.0,24737.0,28863.0,829240.0,64791.0,959154.0,12228.0
2020-06-23,54023.0,17938.0,21807.0,25898.0,847110.0,61952.0,969858.0,10704.0
2020-06-24,47687.0,15874.0,19384.0,23185.0,861886.0,59430.0,979452.0,9594.0
2020-06-25,42119.0,14027.0,17218.0,20588.0,876120.0,57393.0,988012.0,8560.0
2020-06-26,36740.0,12616.0,15331.0,18472.0,888886.0,55622.0,995702.0,7690.0
2020-06-27,32370.0,11295.0,13511.0,16575.0,900975.0,54096.0,1002323.0,6621.0
2020-06-28,28505.0,9812.0,12058.0,14743.0,911187.0,52720.0,1008105.0,5782.0
2020-06-29,25019.0,8551.0,10585.0,13053.0,919580.0,51454.0,1013195.0,5090.0
2020-06-30,21653.0,7645.0,9201.0,11481.0,926978.0,50637.0,1017756.0,4561.0
2020-07-01,19069.0,6425.0,8119.0,10093.0,935153.0,49822.0,1021588.0,3832.0
2020-07-02,16595.0,5750.0,7083.0,8623.0,942127.0,48894.0,1024999.0,3411.0
2020-07-03,14585.0,4973.0,6217.0,7554.0,947057.0,48363.0,1027877.0,2878.0
2020-07-04,12799.0,4234.0,5477.0,6707.0,952543.0,47742.0,1030433.0,2556.0
2020-07-05,11155.0,3742.0,4745.0,5984.0,957116.0,47236.0,1032716.0,2283.0
2020-07-06,9834.0,3363.0,4173.0,5214.0,958498.0,46866.0,1034700.0,1984.0
