time,E,I1,I2,I3,R,S,cumI,diffI
2020-03-06,0.0,2.0,0.0,0.0,0.0,969442.0,0.0,0.0
2020-03-07,0.0,2.0,0.0,0.0,0.0,972262.0,0.0,0.0
2020-03-08,0.0,1.0,0.0,0.0,0.0,980558.0,0.0,0.0
2020-03-09,0.0,0.0,0.0,0.0,0.0,987579.0,0.0,0.0
2020-03-10,0.0,0.0,0.0,0.0,0.0,992350.0,0.0,0.0
2020-03-11,0.0,0.0,1.0,0.0,0.0,996994.0,0.0,0.0
2020-03-12,1.0,0.0,0.0,1.0,0.0,1000631.0,0.0,0.0
2020-03-13,1.0,0.0,0.0,1.0,0.0,1001220.0,0.0,0.0
2020-03-14,1.0,0.0,0.0,2.0,0.0,1004547.0,0.0,0.0
2020-03-15,3.0,0.0,0.0,0.0,2.0,1007287.0,0.0,0.0
2020-03-16,4.0,1.0,0.0,0.0,2.0,1008072.0,1.0,1.0
2020-03-17,3.0,2.0,0.0,0.0,1.0,1009738.0,3.0,2.0
2020-03-18,1.0,6.0,0.0,0.0,2.0,1011567.0,7.0,4.0
2020-03-19,4.0,1.0,5.0,0.0,3.0,1012323.0,8.0,1.0
2020-03-20,6.0,2.0,2.0,0.0,4.0,1013051.0,10.0,2.0
2020-03-21,15.0,1.0,3.0,0.0,8.0,1012447.0,12.0,2.0
2020-03-22,16.0,1.0,3.0,0.0,6.0,1012917.0,15.0,3.0
2020-03-23,25.0,7.0,5.0,3.0,6.0,1013388.0,21.0,6.0
2020-03-24,27.0,8.0,5.0,6.0,7.0,1013003.0,27.0,6.0
2020-03-25,41.0,9.0,9.0,6.0,7.0,1014563.0,30.0,3.0
2020-03-26,48.0,11.0,13.0,8.0,10.0,1015251.0,42.0,12.0
2020-03-27,49.0,16.0,5.0,10.0,16.0,1015152.0,54.0,12.0
2020-03-28,57.0,19.0,5.0,9.0,24.0,1015162.0,66.0,12.0
2020-03-29,72.0,13.0,13.0,5.0,36.0,1015023.0,73.0,7.0
2020-03-30,92.0,14.0,17.0,8.0,40.0,1015978.0,84.0,11.0
2020-03-31,102.0,21.0,16.0,9.0,59.0,1014402.0,102.0,18.0
2020-04-01,141.0,27.0,22.0,9.0,55.0,1015931.0,121.0,19.0
2020-04-02,181.0,30.0,40.0,12.0,66.0,1016720.0,146.0,25.0
2020-04-03,208.0,45.0,33.0,31.0,76.0,1017400.0,189.0,43.0
2020-04-04,241.0,60.0,49.0,26.0,91.0,1016317.0,236.0,47.0
2020-04-05,301.0,56.0,59.0,38.0,105.0,1015721.0,277.0,41.0
2020-04-06,353.0,69.0,66.0,43.0,131.0,1015609.0,338.0,61.0
2020-04-07,404.0,105.0,74.0,62.0,158.0,1015748.0,423.0,85.0
2020-04-08,478.0,104.0,89.0,73.0,197.0,1016883.0,498.0,75.0
2020-04-09,608.0,141.0,103.0,74.0,266.0,1017570.0,602.0,104.0
2020-04-10,728.0,171.0,131.0,90.0,302.0,1017972.0,737.0,135.0
2020-04-11,944.0,195.0,137.0,113.0,363.0,1018721.0,868.0,131.0
2020-04-12,1138.0,236.0,163.0,139.0,434.0,1018041.0,1067.0,199.0
2020-04-13,1316.0,282.0,213.0,170.0,511.0,1018174.0,1286.0,219.0
2020-04-14,1584.0,331.0,244.0,207.0,639.0,1017220.0,1552.0,266.0
2020-04-15,1951.0,387.0,292.0,231.0,813.0,1016887.0,1841.0,289.0
2020-04-16,2277.0,509.0,341.0,295.0,959.0,1016237.0,2232.0,391.0
2020-04-17,2696.0,562.0,435.0,339.0,1169.0,1015490.0,2662.0,430.0
2020-04-18,3192.0,704.0,530.0,355.0,1360.0,1013325.0,3183.0,521.0
2020-04-19,3889.0,799.0,609.0,492.0,1605.0,1012114.0,3784.0,601.0
2020-04-20,4543.0,996.0,771.0,585.0,1946.0,1010586.0,4567.0,783.0
2020-04-21,5513.0,1166.0,920.0,718.0,2344.0,1009155.0,5485.0,918.0
2020-04-22,6592.0,1387.0,1059.0,844.0,2893.0,1007520.0,6566.0,1081.0
2020-04-23,7888.0,1664.0,1311.0,989.0,3466.0,1006191.0,7903.0,1337.0
2020-04-24,9550.0,2015.0,1548.0,1191.0,4118.0,1004171.0,9497.0,1594.0
2020-04-25,11415.0,2440.0,1834.0,1408.0,4964.0,1000898.0,11447.0,1950.0
2020-04-26,13681.0,2888.0,2200.0,1685.0,5943.0,995505.0,13693.0,2246.0
2020-04-27,16410.0,3405.0,2683.0,2050.0,7180.0,990310.0,16389.0,2696.0
2020-04-28,19517.0,4220.0,3192.0,2461.0,8624.0,985234.0,19658.0,3269.0
2020-04-29,23233.0,5064.0,3925.0,2942.0,10250.0,978132.0,23670.0,4012.0
2020-04-30,27640.0,5777.0,4670.0,3557.0,12457.0,968714.0,28319.0,4649.0
2020-05-01,33024.0,7045.0,5574.0,4267.0,14982.0,957567.0,33874.0,5555.0
2020-05-02,39184.0,8373.0,6500.0,5261.0,17883.0,943985.0,40481.0,6607.0
2020-05-03,46625.0,10151.0,7705.0,6207.0,21565.0,930540.0,48341.0,7860.0
2020-05-04,55003.0,11952.0,9198.0,7456.0,25703.0,913748.0,57671.0,9330.0
2020-05-05,64794.0,13886.0,11022.0,8763.0,30497.0,894142.0,68448.0,10777.0
2020-05-06,75504.0,16240.0,12986.0,10338.0,36646.0,871033.0,81068.0,12620.0
2020-05-07,87999.0,19218.0,15340.0,12177.0,43905.0,845293.0,95978.0,14910.0
2020-05-08,101210.0,22580.0,17983.0,14128.0,52278.0,816202.0,113455.0,17477.0
2020-05-09,115758.0,26059.0,20853.0,16823.0,62016.0,780907.0,133449.0,19994.0
2020-05-10,131085.0,29874.0,24181.0,19704.0,73437.0,745186.0,156372.0,22923.0
2020-05-11,147831.0,33763.0,27873.0,22174.0,86985.0,706238.0,181901.0,25529.0
2020-05-12,163639.0,38033.0,31479.0,25698.0,102284.0,663025.0,210665.0,28764.0
2020-05-13,180057.0,42323.0,35939.0,29567.0,119645.0,616656.0,242363.0,31698.0
2020-05-14,195132.0,46238.0,40270.0,33388.0,139782.0,569216.0,276775.0,34412.0
2020-05-15,208591.0,50708.0,44180.0,37558.0,162764.0,520345.0,314217.0,37442.0
2020-05-16,218641.0,54484.0,48162.0,41630.0,187834.0,473082.0,354408.0,40191.0
2020-05-17,226548.0,57896.0,52012.0,45535.0,216047.0,426289.0,396096.0,41688.0
2020-05-18,231966.0,60131.0,55053.0,49424.0,246025.0,381496.0,438833.0,42737.0
2020-05-19,234373.0,61626.0,58192.0,52961.0,279342.0,338725.0,482370.0,43537.0
2020-05-20,232886.0,62832.0,59867.0,55796.0,314132.0,299741.0,526364.0,43994.0
2020-05-21,228350.0,62781.0,60995.0,57899.0,350559.0,264977.0,569571.0,43207.0
2020-05-22,220337.0,62257.0,62020.0,59109.0,387966.0,233783.0,611854.0,42283.0
2020-05-23,210014.0,60473.0,61392.0,60286.0,426175.0,205924.0,652471.0,40617.0
2020-05-24,198173.0,58471.0,59960.0,60681.0,465066.0,181966.0,691332.0,38861.0
2020-05-25,185835.0,55470.0,58402.0,59695.0,504222.0,162482.0,727575.0,36243.0
2020-05-26,173031.0,52199.0,56110.0,58413.0,541762.0,144790.0,761623.0,34048.0
2020-05-27,159183.0,48448.0,53420.0,56441.0,579305.0,129834.0,792793.0,31170.0
2020-05-28,145259.0,45015.0,49860.0,54122.0,613719.0,117479.0,821650.0,28857.0
2020-05-29,131836.0,41451.0,46461.0,51052.0,647494.0,106992.0,847865.0,26215.0
2020-05-30,119600.0,37473.0,42907.0,48300.0,679340.0,97825.0,871439.0,23574.0
2020-05-31,107653.0,34642.0,39565.0,44667.0,709621.0,90013.0,892987.0,21548.0
2020-06-01,96737.0,31484.0,36435.0,41432.0,736452.0,83974.0,912474.0,19487.0
2020-06-02,86862.0,28346.0,33362.0,38242.0,761346.0,78604.0,929960.0,17486.0
2020-06-03,77068.0,25477.0,30341.0,34744.0,784891.0,73855.0,945743.0,15783.0
2020-06-04,68539.0,22812.0,27400.0,31819.0,805895.0,70411.0,959838.0,14095.0
2020-06-05,60312.0,20476.0,24469.0,28889.0,824704.0,67027.0,972278.0,12440.0
2020-06-06,53797.0,18203.0,21861.0,26035.0,842876.0,64011.0,983081.0,10803.0
2020-06-07,47860.0,15892.0,19646.0,23474.0,858737.0,61729.0,992727.0,9646.0
2020-06-08,42483.0,14250.0,17288.0,20928.0,873768.0,59366.0,1001377.0,8650.0
2020-06-09,37525.0,12756.0,15349.0,18959.0,886568.0,57301.0,1009078.0,7701.0
2020-06-10,33096.0,11123.0,13779.0,16543.0,897593.0,55993.0,1015763.0,6685.0
2020-06-11,29339.0,9947.0,12356.0,15002.0,906672.0,54759.0,1021705.0,5942.0
2020-06-12,25875.0,8724.0,10912.0,13425.0,914418.0,53314.0,1026989.0,5284.0
2020-06-13,22602.0,7738.0,9494.0,11674.0,923435.0,52396.0,1031749.0,4760.0
2020-06-14,19848.0,6970.0,8435.0,10320.0,930582.0,51727.0,1035834.0,4085.0
2020-06-15,17351.0,6038.0,7697.0,9141.0,936889.0,51075.0,1039465.0,3631.0
2020-06-16,15261.0,5365.0,6655.0,8291.0,942474.0,50162.0,1042574.0,3109.0
2020-06-17,13388.0,4565.0,5870.0,7154.0,947737.0,49571.0,1045309.0,2735.0
2020-06-18,11797.0,4005.0,5094.0,6508.0,950691.0,48933.0,1047758.0,2449.0
2020-06-19,10345.0,3565.0,4455.0,5605.0,955450.0,48414.0,1049863.0,2105.0
2020-06-20,9125.0,3125.0,3879.0,4764.0,958499.0,48251.0,1051727.0,1864.0
2020-06-21,7994.0,2720.0,3484.0,4233.0,962298.0,48086.0,1053296.0,1569.0
2020-06-22,7043.0,2474.0,2962.0,3773.0,963788.0,47561.0,1054764.0,1468.0
2020-06-23,6220.0,2122.0,2634.0,3283.0,965205.0,47306.0,1055968.0,1204.0
2020-06-24,5479.0,1799.0,2318.0,2848.0,967434.0,47296.0,1057024.0,1056.0
2020-06-25,4722.0,1615.0,2053.0,2505.0,969760.0,47389.0,1058024.0,1000.0
2020-06-26,4131.0,1406.0,1768.0,2244.0,970149.0,47133.0,1058892.0,868.0
2020-06-27,3604.0,1246.0,1541.0,2000.0,971617.0,47171.0,1059639.0,747.0
2020-06-28,3148.0,1128.0,1377.0,1756.0,973862.0,47038.0,1060324.0,685.0
2020-06-29,2812.0,940.0,1210.0,1542.0,975619.0,46585.0,1060914.0,590.0
2020-06-30,2442.0,856.0,1016.0,1344.0,976300.0,46498.0,1061414.0,500.0
2020-07-01,2096.0,743.0,902.0,1148.0,976704.0,46304.0,1061845.0,431.0
2020-07-02,1886.0,672.0,808.0,988.0,978191.0,46207.0,1062232.0,387.0
2020-07-03,1616.0,582.0,714.0,847.0,979101.0,46017.0,1062577.0,345.0
2020-07-04,1469.0,505.0,621.0,750.0,979316.0,45800.0,1062878.0,301.0
2020-07-05,1227.0,420.0,519.0,695.0,978709.0,45931.0,1063133.0,255.0
2020-07-06,1064.0,351.0,460.0,574.0,978342.0,46147.0,1063325.0,192.0
