time,E,I1,I2,I3,R,S,cumI,diffI
2020-03-06,0.0,2.0,1.0,0.0,0.0,969908.0,0.0,0.0
2020-03-07,0.0,1.0,1.0,0.0,0.0,973935.0,0.0,0.0
2020-03-08,4.0,1.0,1.0,0.0,0.0,979948.0,0.0,0.0
2020-03-09,2.0,0.0,2.0,0.0,0.0,987629.0,0.0,0.0
2020-03-10,2.0,0.0,1.0,1.0,0.0,992565.0,0.0,0.0
2020-03-11,4.0,1.0,0.0,0.0,1.0,997992.0,1.0,1.0
2020-03-12,5.0,2.0,0.0,0.0,1.0,1001452.0,2.0,1.0
2020-03-13,5.0,0.0,1.0,0.0,1.0,1003047.0,2.0,0.0
2020-03-14,4.0,0.0,0.0,0.0,1.0,1005158.0,2.0,0.0
2020-03-15,4.0,0.0,0.0,1.0,1.0,1008343.0,3.0,1.0
2020-03-16,7.0,1.0,0.0,0.0,2.0,1008757.0,3.0,0.0
2020-03-17,5.0,1.0,0.0,0.0,2.0,1011102.0,3.0,0.0
2020-03-18,4.0,1.0,0.0,0.0,4.0,1012132.0,4.0,1.0
2020-03-19,9.0,0.0,3.0,0.0,5.0,1013250.0,4.0,0.0
2020-03-20,7.0,3.0,4.0,2.0,4.0,1012393.0,9.0,5.0
2020-03-21,6.0,3.0,1.0,3.0,6.0,1013428.0,12.0,3.0
2020-03-22,8.0,2.0,1.0,2.0,8.0,1013391.0,12.0,0.0
2020-03-23,12.0,2.0,2.0,1.0,7.0,1014199.0,14.0,2.0
2020-03-24,14.0,1.0,4.0,2.0,7.0,1015587.0,16.0,2.0
2020-03-25,19.0,5.0,2.0,1.0,12.0,1015050.0,19.0,3.0
2020-03-26,23.0,2.0,2.0,0.0,13.0,1015080.0,21.0,2.0
2020-03-27,26.0,4.0,2.0,1.0,12.0,1013211.0,26.0,5.0
2020-03-28,33.0,4.0,3.0,4.0,13.0,1013566.0,30.0,4.0
2020-03-29,30.0,7.0,5.0,4.0,12.0,1014481.0,36.0,6.0
2020-03-30,31.0,10.0,10.0,3.0,13.0,1014554.0,41.0,5.0
2020-03-31,36.0,6.0,12.0,6.0,17.0,1015354.0,51.0,10.0
2020-04-01,49.0,13.0,13.0,7.0,29.0,1014560.0,64.0,13.0
2020-04-02,60.0,21.0,13.0,8.0,24.0,1015293.0,77.0,13.0
2020-04-03,83.0,13.0,14.0,9.0,34.0,1015761.0,85.0,8.0
2020-04-04,92.0,20.0,15.0,7.0,32.0,1017025.0,99.0,14.0
2020-04-05,111.0,22.0,15.0,7.0,41.0,1018068.0,114.0,15.0
2020-04-06,148.0,27.0,27.0,17.0,43.0,1019357.0,138.0,24.0
2020-04-07,163.0,30.0,34.0,26.0,58.0,1019006.0,163.0,25.0
2020-04-08,198.0,32.0,37.0,24.0,79.0,1017850.0,194.0,31.0
2020-04-09,225.0,44.0,45.0,29.0,92.0,1017323.0,232.0,38.0
2020-04-10,283.0,50.0,48.0,40.0,118.0,1017438.0,271.0,39.0
2020-04-11,313.0,61.0,47.0,46.0,147.0,1017461.0,327.0,56.0
2020-04-12,397.0,83.0,61.0,46.0,166.0,1017607.0,396.0,69.0
2020-04-13,471.0,104.0,76.0,62.0,207.0,1017912.0,472.0,76.0
2020-04-14,582.0,121.0,92.0,58.0,255.0,1017684.0,558.0,86.0
2020-04-15,681.0,167.0,113.0,82.0,275.0,1017438.0,683.0,125.0
2020-04-16,837.0,174.0,128.0,106.0,323.0,1018832.0,817.0,134.0
2020-04-17,1001.0,183.0,163.0,116.0,398.0,1019159.0,970.0,153.0
2020-04-18,1197.0,229.0,192.0,134.0,465.0,1019207.0,1158.0,188.0
2020-04-19,1429.0,297.0,234.0,168.0,577.0,1017961.0,1394.0,236.0
2020-04-20,1712.0,344.0,293.0,218.0,728.0,1017994.0,1684.0,290.0
2020-04-21,2099.0,426.0,325.0,276.0,861.0,1016484.0,2022.0,338.0
2020-04-22,2483.0,523.0,400.0,341.0,1050.0,1016315.0,2449.0,427.0
2020-04-23,3044.0,613.0,495.0,413.0,1271.0,1016418.0,2977.0,528.0
2020-04-24,3618.0,749.0,609.0,443.0,1560.0,1014231.0,3595.0,618.0
2020-04-25,4376.0,888.0,697.0,544.0,1927.0,1012936.0,4289.0,694.0
2020-04-26,5230.0,1122.0,796.0,712.0,2298.0,1010735.0,5189.0,900.0
2020-04-27,6338.0,1328.0,1020.0,800.0,2753.0,1009842.0,6230.0,1041.0
2020-04-28,7542.0,1613.0,1246.0,937.0,3244.0,1007346.0,7520.0,1290.0
2020-04-29,9176.0,1914.0,1517.0,1177.0,3937.0,1004234.0,9069.0,1549.0
2020-04-30,10855.0,2330.0,1797.0,1401.0,4779.0,1000176.0,10923.0,1854.0
2020-05-01,12909.0,2859.0,2133.0,1675.0,5699.0,995999.0,13118.0,2195.0
2020-05-02,15629.0,3388.0,2619.0,2020.0,6811.0,990270.0,15707.0,2589.0
2020-05-03,18902.0,3992.0,3119.0,2317.0,8217.0,985784.0,18835.0,3128.0
2020-05-04,22509.0,4765.0,3706.0,2860.0,9880.0,978725.0,22541.0,3706.0
2020-05-05,27032.0,5786.0,4459.0,3474.0,11861.0,969285.0,27161.0,4620.0
2020-05-06,32089.0,6604.0,5423.0,4070.0,14262.0,960078.0,32437.0,5276.0
2020-05-07,37891.0,8177.0,6326.0,4965.0,17232.0,948753.0,38950.0,6513.0
2020-05-08,45164.0,9772.0,7570.0,5866.0,20607.0,934524.0,46479.0,7529.0
2020-05-09,53084.0,11621.0,8982.0,7156.0,24609.0,918512.0,55404.0,8925.0
2020-05-10,63019.0,13575.0,10503.0,8448.0,29626.0,899217.0,65812.0,10408.0
2020-05-11,73631.0,16131.0,12666.0,9769.0,35817.0,876213.0,78347.0,12535.0
2020-05-12,85221.0,18826.0,14854.0,11788.0,42478.0,851771.0,92904.0,14557.0
2020-05-13,98576.0,21769.0,17642.0,13785.0,50572.0,823128.0,109647.0,16743.0
2020-05-14,113005.0,25111.0,20360.0,16624.0,60175.0,789113.0,129044.0,19397.0
2020-05-15,128448.0,28992.0,23749.0,19279.0,71510.0,753212.0,151342.0,22298.0
2020-05-16,144559.0,32799.0,27409.0,22429.0,85022.0,713729.0,176533.0,25191.0
2020-05-17,161079.0,37286.0,30897.0,25654.0,100183.0,670451.0,204901.0,28368.0
2020-05-18,177283.0,41721.0,35037.0,29110.0,117686.0,624518.0,236126.0,31225.0
2020-05-19,192531.0,45774.0,39562.0,32601.0,137502.0,575772.0,270415.0,34289.0
2020-05-20,206302.0,49913.0,43591.0,37150.0,159536.0,528020.0,307149.0,36734.0
2020-05-21,218270.0,54089.0,47668.0,41069.0,183850.0,479727.0,346732.0,39583.0
2020-05-22,226651.0,57038.0,51581.0,45163.0,211714.0,431905.0,388227.0,41495.0
2020-05-23,231824.0,59867.0,55175.0,48790.0,241935.0,386491.0,431408.0,43181.0
2020-05-24,234119.0,61628.0,58022.0,52856.0,275169.0,344000.0,475128.0,43720.0
2020-05-25,233555.0,62601.0,60115.0,55725.0,310206.0,304366.0,518779.0,43651.0
2020-05-26,228633.0,62895.0,61660.0,57879.0,346576.0,268513.0,562065.0,43286.0
2020-05-27,221209.0,61947.0,62160.0,59541.0,384187.0,237303.0,604486.0,42421.0
2020-05-28,212070.0,60804.0,61570.0,59944.0,422334.0,209003.0,645431.0,40945.0
2020-05-29,200329.0,58460.0,60535.0,60221.0,461349.0,184454.0,684425.0,38994.0
2020-05-30,187285.0,55817.0,58475.0,59553.0,500690.0,163689.0,721169.0,36744.0
2020-05-31,172737.0,52802.0,56106.0,58817.0,539078.0,146315.0,755450.0,34281.0
2020-06-01,159753.0,49509.0,53391.0,56980.0,576296.0,131212.0,787073.0,31623.0
2020-06-02,145926.0,45903.0,50423.0,54199.0,612928.0,118023.0,816363.0,29290.0
2020-06-03,132293.0,42047.0,47249.0,51551.0,646329.0,107296.0,842756.0,26393.0
2020-06-04,119939.0,38487.0,43820.0,48077.0,678777.0,97820.0,866636.0,23880.0
2020-06-05,108031.0,34600.0,40146.0,45003.0,707992.0,90096.0,888277.0,21641.0
2020-06-06,97135.0,31895.0,36440.0,41892.0,735291.0,83279.0,908090.0,19813.0
2020-06-07,86829.0,28486.0,33416.0,38733.0,761038.0,77931.0,925611.0,17521.0
2020-06-08,77560.0,25615.0,30292.0,35218.0,785069.0,73552.0,941299.0,15688.0
2020-06-09,68993.0,22950.0,27239.0,32070.0,806840.0,69578.0,955168.0,13869.0
2020-06-10,61064.0,20476.0,24581.0,29197.0,825960.0,66072.0,967549.0,12381.0
2020-06-11,54511.0,18064.0,22093.0,26464.0,844043.0,63189.0,978460.0,10911.0
2020-06-12,48298.0,15947.0,19693.0,23468.0,858135.0,61178.0,988300.0,9840.0
2020-06-13,42452.0,14318.0,17389.0,21041.0,873193.0,59074.0,996972.0,8672.0
2020-06-14,37794.0,12627.0,15568.0,18991.0,886177.0,56771.0,1004530.0,7558.0
2020-06-15,33167.0,11384.0,13628.0,16930.0,896417.0,55111.0,1011446.0,6916.0
2020-06-16,29437.0,9993.0,12154.0,15026.0,906379.0,53883.0,1017402.0,5956.0
2020-06-17,25771.0,8807.0,10759.0,13094.0,915257.0,53102.0,1022694.0,5292.0
2020-06-18,22548.0,7760.0,9626.0,11490.0,922361.0,52294.0,1027371.0,4677.0
2020-06-19,19731.0,6871.0,8415.0,10429.0,930899.0,51371.0,1031409.0,4038.0
2020-06-20,17458.0,5879.0,7409.0,9195.0,936859.0,50651.0,1034850.0,3441.0
2020-06-21,15573.0,5322.0,6462.0,8093.0,941688.0,50035.0,1037986.0,3136.0
2020-06-22,13565.0,4649.0,5859.0,7127.0,948238.0,49362.0,1040794.0,2808.0
2020-06-23,11709.0,4009.0,5239.0,6233.0,952364.0,48684.0,1043197.0,2403.0
2020-06-24,10241.0,3630.0,4453.0,5659.0,956137.0,48376.0,1045317.0,2120.0
2020-06-25,8996.0,3140.0,3957.0,5013.0,960110.0,47961.0,1047160.0,1843.0
2020-06-26,7942.0,2766.0,3453.0,4465.0,962684.0,47453.0,1048840.0,1680.0
2020-06-27,6945.0,2351.0,3030.0,3869.0,964732.0,47365.0,1050273.0,1433.0
2020-06-28,6066.0,2000.0,2625.0,3380.0,967211.0,47286.0,1051514.0,1241.0
2020-06-29,5246.0,1780.0,2303.0,2906.0,969203.0,47186.0,1052593.0,1079.0
2020-06-30,4736.0,1529.0,1960.0,2467.0,971932.0,46699.0,1053477.0,884.0
2020-07-01,4103.0,1344.0,1741.0,2287.0,972210.0,46527.0,1054348.0,871.0
2020-07-02,3547.0,1206.0,1532.0,1958.0,973093.0,46568.0,1055102.0,754.0
2020-07-03,3137.0,1068.0,1358.0,1664.0,975250.0,46488.0,1055717.0,615.0
2020-07-04,2756.0,931.0,1215.0,1472.0,976143.0,46269.0,1056301.0,584.0
2020-07-05,2480.0,835.0,1059.0,1347.0,977235.0,46573.0,1056804.0,503.0
2020-07-06,2219.0,732.0,925.0,1243.0,978038.0,46056.0,1057262.0,458.0
