time,E,I1,I2,I3,R,S,cumI,diffI
2020-03-06,0.0,3.0,0.0,0.0,0.0,969566.0,0.0,0.0
2020-03-07,1.0,1.0,0.0,1.0,0.0,971864.0,0.0,0.0
2020-03-08,1.0,0.0,0.0,0.0,0.0,978934.0,0.0,0.0
2020-03-09,1.0,0.0,0.0,0.0,0.0,985621.0,0.0,0.0
2020-03-10,1.0,0.0,0.0,0.0,0.0,992139.0,1.0,1.0
2020-03-11,1.0,0.0,0.0,0.0,1.0,996308.0,1.0,0.0
2020-03-12,1.0,0.0,0.0,0.0,1.0,999566.0,1.0,0.0
2020-03-13,0.0,0.0,2.0,0.0,1.0,1002685.0,1.0,0.0
2020-03-14,0.0,0.0,1.0,0.0,1.0,1004921.0,1.0,0.0
2020-03-15,0.0,1.0,0.0,0.0,1.0,1005080.0,2.0,1.0
2020-03-16,0.0,1.0,0.0,0.0,1.0,1007237.0,2.0,0.0
2020-03-17,2.0,0.0,1.0,1.0,1.0,1009738.0,2.0,0.0
2020-03-18,3.0,0.0,0.0,1.0,2.0,1010804.0,2.0,0.0
2020-03-19,1.0,1.0,0.0,0.0,1.0,1011624.0,4.0,2.0
2020-03-20,3.0,1.0,0.0,0.0,1.0,1011442.0,4.0,0.0
2020-03-21,2.0,3.0,0.0,0.0,1.0,1013201.0,6.0,2.0
2020-03-22,5.0,1.0,1.0,0.0,0.0,1014253.0,6.0,0.0
2020-03-23,7.0,1.0,2.0,0.0,1.0,1014365.0,6.0,0.0
2020-03-24,12.0,3.0,4.0,0.0,2.0,1014113.0,8.0,2.0
2020-03-25,17.0,5.0,3.0,2.0,3.0,1013857.0,13.0,5.0
2020-03-26,13.0,2.0,2.0,1.0,4.0,1014900.0,15.0,2.0
2020-03-27,14.0,1.0,2.0,0.0,6.0,1014471.0,17.0,2.0
2020-03-28,18.0,3.0,2.0,1.0,6.0,1014440.0,19.0,2.0
2020-03-29,15.0,6.0,2.0,2.0,9.0,1014841.0,22.0,3.0
2020-03-30,18.0,2.0,5.0,0.0,10.0,1016862.0,22.0,0.0
2020-03-31,19.0,3.0,2.0,2.0,13.0,1016964.0,24.0,2.0
2020-04-01,21.0,5.0,1.0,4.0,12.0,1016600.0,27.0,3.0
2020-04-02,25.0,5.0,4.0,3.0,11.0,1017226.0,32.0,5.0
2020-04-03,28.0,7.0,2.0,4.0,11.0,1017518.0,37.0,5.0
2020-04-04,38.0,8.0,5.0,1.0,13.0,1017695.0,42.0,5.0
2020-04-05,38.0,5.0,4.0,5.0,18.0,1016991.0,49.0,7.0
2020-04-06,44.0,7.0,8.0,3.0,22.0,1016130.0,52.0,3.0
2020-04-07,53.0,8.0,9.0,7.0,24.0,1017150.0,58.0,6.0
2020-04-08,74.0,13.0,10.0,14.0,28.0,1017652.0,74.0,16.0
2020-04-09,82.0,16.0,12.0,9.0,45.0,1017783.0,89.0,15.0
2020-04-10,103.0,21.0,13.0,13.0,55.0,1017811.0,104.0,15.0
2020-04-11,119.0,30.0,18.0,21.0,54.0,1017673.0,127.0,23.0
2020-04-12,157.0,45.0,21.0,20.0,69.0,1017770.0,153.0,26.0
2020-04-13,219.0,53.0,29.0,23.0,84.0,1017491.0,186.0,33.0
2020-04-14,260.0,64.0,59.0,22.0,96.0,1017553.0,242.0,56.0
2020-04-15,330.0,64.0,58.0,40.0,118.0,1018447.0,291.0,49.0
2020-04-16,394.0,81.0,59.0,56.0,145.0,1017804.0,357.0,66.0
2020-04-17,436.0,92.0,66.0,61.0,199.0,1018378.0,427.0,70.0
2020-04-18,540.0,135.0,85.0,87.0,247.0,1018933.0,523.0,96.0
2020-04-19,647.0,150.0,111.0,92.0,279.0,1019311.0,640.0,117.0
2020-04-20,746.0,158.0,130.0,92.0,320.0,1017953.0,771.0,131.0
2020-04-21,893.0,192.0,153.0,127.0,379.0,1017270.0,925.0,154.0
2020-04-22,1127.0,241.0,176.0,145.0,451.0,1018417.0,1123.0,198.0
2020-04-23,1338.0,315.0,211.0,154.0,556.0,1017031.0,1373.0,250.0
2020-04-24,1578.0,337.0,279.0,195.0,667.0,1016847.0,1643.0,270.0
2020-04-25,1911.0,401.0,302.0,216.0,824.0,1018025.0,1951.0,308.0
2020-04-26,2273.0,492.0,400.0,250.0,955.0,1016646.0,2331.0,380.0
2020-04-27,2803.0,550.0,464.0,311.0,1170.0,1015317.0,2780.0,449.0
2020-04-28,3294.0,661.0,505.0,396.0,1410.0,1015617.0,3350.0,570.0
2020-04-29,3903.0,845.0,597.0,465.0,1673.0,1014708.0,4030.0,680.0
2020-04-30,4634.0,1004.0,759.0,589.0,2031.0,1012785.0,4822.0,792.0
2020-05-01,5652.0,1164.0,941.0,711.0,2327.0,1010384.0,5767.0,945.0
2020-05-02,6699.0,1400.0,1120.0,849.0,2813.0,1009111.0,6890.0,1123.0
2020-05-03,8294.0,1670.0,1302.0,1028.0,3481.0,1005346.0,8224.0,1334.0
2020-05-04,9895.0,2069.0,1612.0,1188.0,4276.0,1003274.0,9896.0,1672.0
2020-05-05,11910.0,2528.0,2005.0,1435.0,5158.0,999764.0,11909.0,2013.0
2020-05-06,14360.0,2981.0,2363.0,1847.0,6209.0,995192.0,14276.0,2367.0
2020-05-07,17293.0,3565.0,2825.0,2178.0,7420.0,989059.0,17091.0,2815.0
2020-05-08,20610.0,4337.0,3309.0,2561.0,9064.0,982748.0,20558.0,3467.0
2020-05-09,24505.0,5268.0,3945.0,3059.0,10956.0,975965.0,24640.0,4082.0
2020-05-10,29000.0,6246.0,4841.0,3772.0,13029.0,965647.0,29521.0,4881.0
2020-05-11,34856.0,7406.0,5686.0,4607.0,15725.0,954147.0,35288.0,5767.0
2020-05-12,41186.0,9024.0,6986.0,5338.0,18701.0,941351.0,42449.0,7161.0
2020-05-13,49132.0,10614.0,8378.0,6428.0,22515.0,928159.0,50812.0,8363.0
2020-05-14,57899.0,12645.0,9881.0,7782.0,27234.0,908957.0,60726.0,9914.0
2020-05-15,68309.0,15009.0,11795.0,9125.0,32792.0,886183.0,72293.0,11567.0
2020-05-16,79803.0,17557.0,14059.0,10914.0,39430.0,863190.0,85868.0,13575.0
2020-05-17,92675.0,20509.0,16122.0,12960.0,46614.0,835336.0,101727.0,15859.0
2020-05-18,106807.0,23731.0,18928.0,15028.0,55634.0,804048.0,119898.0,18171.0
2020-05-19,121529.0,27359.0,22211.0,17920.0,65866.0,769972.0,141121.0,21223.0
2020-05-20,137803.0,31499.0,25577.0,20832.0,78588.0,730197.0,165218.0,24097.0
2020-05-21,153909.0,35414.0,29453.0,23880.0,92750.0,687665.0,192301.0,27083.0
2020-05-22,170047.0,39746.0,33060.0,27620.0,108793.0,644015.0,222189.0,29888.0
2020-05-23,186645.0,44170.0,37453.0,31358.0,127773.0,596956.0,255121.0,32932.0
2020-05-24,201243.0,48447.0,41504.0,35563.0,149840.0,548188.0,291130.0,36009.0
2020-05-25,213800.0,52127.0,46114.0,39367.0,173957.0,499043.0,329852.0,38722.0
2020-05-26,223953.0,55737.0,50012.0,43892.0,201301.0,451394.0,370732.0,40880.0
2020-05-27,230926.0,58969.0,53363.0,47434.0,230557.0,403705.0,413115.0,42383.0
2020-05-28,234350.0,61069.0,56773.0,51236.0,262139.0,360080.0,456623.0,43508.0
2020-05-29,234310.0,62535.0,59393.0,54193.0,295835.0,318817.0,500507.0,43884.0
2020-05-30,231151.0,63111.0,60872.0,56921.0,331904.0,280818.0,544513.0,44006.0
2020-05-31,224682.0,62732.0,61667.0,59100.0,369912.0,247230.0,587495.0,42982.0
2020-06-01,215812.0,61568.0,62173.0,60623.0,408636.0,217380.0,629108.0,41613.0
2020-06-02,205208.0,59434.0,61267.0,60977.0,448435.0,191552.0,668613.0,39505.0
2020-06-03,192637.0,56723.0,59800.0,60333.0,487736.0,169126.0,706015.0,37402.0
2020-06-04,178934.0,53384.0,57270.0,59242.0,526047.0,150371.0,741113.0,35098.0
2020-06-05,164941.0,50409.0,54490.0,57603.0,563810.0,134482.0,774055.0,32942.0
2020-06-06,151403.0,46952.0,51308.0,55207.0,600313.0,121095.0,804077.0,30022.0
2020-06-07,137032.0,43500.0,48232.0,52758.0,635496.0,109318.0,831650.0,27573.0
2020-06-08,124170.0,39256.0,44938.0,49764.0,669270.0,99625.0,856343.0,24693.0
2020-06-09,112063.0,35778.0,41092.0,46439.0,701477.0,91222.0,878687.0,22344.0
2020-06-10,100747.0,32473.0,37453.0,42807.0,730385.0,84229.0,898977.0,20290.0
2020-06-11,89936.0,29309.0,33899.0,39416.0,756992.0,78380.0,916996.0,18019.0
2020-06-12,79678.0,26341.0,30801.0,36290.0,780382.0,73199.0,933270.0,16274.0
2020-06-13,71231.0,23414.0,27772.0,33277.0,802447.0,69027.0,947538.0,14268.0
2020-06-14,63164.0,20875.0,24883.0,29872.0,823386.0,65651.0,960292.0,12754.0
2020-06-15,55575.0,18752.0,22356.0,27120.0,841026.0,62727.0,971704.0,11412.0
2020-06-16,48877.0,16505.0,20245.0,24006.0,857664.0,59940.0,981780.0,10076.0
2020-06-17,43343.0,14357.0,17772.0,21714.0,873038.0,57601.0,990532.0,8752.0
2020-06-18,38171.0,12879.0,15741.0,19241.0,884833.0,55789.0,998278.0,7746.0
2020-06-19,33507.0,11393.0,13962.0,17393.0,895779.0,54448.0,1005175.0,6897.0
2020-06-20,29405.0,10119.0,12425.0,15438.0,906380.0,52831.0,1011314.0,6139.0
2020-06-21,25954.0,8791.0,10943.0,13365.0,916566.0,51740.0,1016556.0,5242.0
2020-06-22,22783.0,7735.0,9726.0,11871.0,924004.0,50717.0,1021102.0,4546.0
2020-06-23,19841.0,6812.0,8607.0,10401.0,931634.0,49885.0,1025171.0,4069.0
2020-06-24,17538.0,5926.0,7450.0,9256.0,938233.0,49230.0,1028730.0,3559.0
2020-06-25,15321.0,5189.0,6531.0,8288.0,945260.0,48663.0,1031789.0,3059.0
2020-06-26,13393.0,4622.0,5786.0,7142.0,949339.0,48241.0,1034540.0,2751.0
2020-06-27,11705.0,3954.0,5099.0,6311.0,952763.0,47940.0,1036983.0,2443.0
2020-06-28,10321.0,3437.0,4395.0,5489.0,956888.0,47410.0,1039057.0,2074.0
2020-06-29,9114.0,3082.0,3934.0,4796.0,960398.0,47320.0,1040895.0,1838.0
2020-06-30,7908.0,2755.0,3372.0,4275.0,964102.0,46984.0,1042529.0,1634.0
2020-07-01,6901.0,2363.0,3033.0,3742.0,967811.0,46609.0,1043941.0,1412.0
2020-07-02,5946.0,2035.0,2654.0,3326.0,970053.0,46412.0,1045220.0,1279.0
2020-07-03,5257.0,1855.0,2296.0,2875.0,972359.0,46079.0,1046312.0,1092.0
2020-07-04,4589.0,1604.0,2004.0,2473.0,973765.0,45848.0,1047314.0,1002.0
2020-07-05,4006.0,1441.0,1764.0,2193.0,974625.0,45895.0,1048179.0,865.0
2020-07-06,3516.0,1202.0,1592.0,1861.0,975807.0,45592.0,1048864.0,685.0
