time,E,I1,I2,I3,R,S,cumI,diffI
2020-03-06,1.0,3.0,0.0,0.0,0.0,970630.0,0.0,0.0
2020-03-07,2.0,3.0,0.0,0.0,0.0,973529.0,0.0,0.0
2020-03-08,2.0,2.0,0.0,0.0,0.0,980771.0,0.0,0.0
2020-03-09,3.0,0.0,1.0,0.0,0.0,987509.0,0.0,0.0
2020-03-10,2.0,1.0,0.0,1.0,0.0,993032.0,1.0,1.0
2020-03-11,4.0,0.0,0.0,0.0,2.0,997849.0,1.0,0.0
2020-03-12,3.0,0.0,0.0,0.0,2.0,1000221.0,1.0,0.0
2020-03-13,3.0,0.0,0.0,0.0,1.0,1003726.0,1.0,0.0
2020-03-14,1.0,1.0,0.0,0.0,1.0,1006855.0,2.0,1.0
2020-03-15,1.0,0.0,0.0,0.0,1.0,1008351.0,2.0,0.0
2020-03-16,0.0,0.0,1.0,0.0,0.0,1009686.0,2.0,0.0
2020-03-17,1.0,0.0,0.0,0.0,1.0,1009451.0,2.0,0.0
2020-03-18,1.0,0.0,0.0,0.0,1.0,1009544.0,2.0,0.0
2020-03-19,3.0,0.0,0.0,0.0,1.0,1011106.0,2.0,0.0
2020-03-20,3.0,0.0,0.0,0.0,1.0,1012392.0,2.0,0.0
2020-03-21,4.0,0.0,0.0,0.0,1.0,1012577.0,2.0,0.0
2020-03-22,5.0,0.0,1.0,0.0,2.0,1012834.0,2.0,0.0
2020-03-23,4.0,0.0,1.0,1.0,1.0,1013264.0,2.0,0.0
2020-03-24,1.0,1.0,1.0,1.0,2.0,1013876.0,3.0,1.0
2020-03-25,4.0,3.0,1.0,0.0,3.0,1014404.0,3.0,0.0
2020-03-26,12.0,3.0,3.0,3.0,3.0,1013525.0,4.0,1.0
2020-03-27,20.0,5.0,5.0,2.0,2.0,1014007.0,7.0,3.0
2020-03-28,18.0,6.0,4.0,2.0,3.0,1015376.0,14.0,7.0
2020-03-29,20.0,5.0,6.0,0.0,7.0,1015837.0,19.0,5.0
2020-03-30,20.0,5.0,5.0,2.0,5.0,1015468.0,23.0,4.0
2020-03-31,28.0,6.0,3.0,6.0,7.0,1015578.0,27.0,4.0
2020-04-01,36.0,8.0,6.0,5.0,13.0,1014720.0,32.0,5.0
2020-04-02,40.0,11.0,4.0,5.0,21.0,1015417.0,41.0,9.0
2020-04-03,54.0,10.0,8.0,7.0,22.0,1016668.0,46.0,5.0
2020-04-04,72.0,11.0,12.0,4.0,31.0,1016960.0,55.0,9.0
2020-04-05,72.0,10.0,19.0,10.0,31.0,1017738.0,66.0,11.0
2020-04-06,96.0,14.0,25.0,13.0,32.0,1017701.0,81.0,15.0
2020-04-07,110.0,21.0,20.0,10.0,50.0,1018731.0,102.0,21.0
2020-04-08,112.0,32.0,25.0,13.0,47.0,1018236.0,130.0,28.0
2020-04-09,153.0,35.0,34.0,17.0,71.0,1018688.0,153.0,23.0
2020-04-10,189.0,36.0,26.0,29.0,87.0,1016796.0,175.0,22.0
2020-04-11,255.0,42.0,37.0,38.0,112.0,1016742.0,209.0,34.0
2020-04-12,299.0,64.0,37.0,31.0,138.0,1016878.0,254.0,45.0
2020-04-13,335.0,90.0,61.0,40.0,160.0,1017309.0,327.0,73.0
2020-04-14,412.0,100.0,73.0,49.0,172.0,1017098.0,404.0,77.0
2020-04-15,501.0,110.0,85.0,68.0,180.0,1016902.0,483.0,79.0
2020-04-16,609.0,127.0,135.0,77.0,253.0,1018416.0,596.0,113.0
2020-04-17,795.0,176.0,117.0,116.0,318.0,1018478.0,725.0,129.0
2020-04-18,952.0,209.0,162.0,109.0,390.0,1017496.0,885.0,160.0
2020-04-19,1126.0,245.0,191.0,146.0,481.0,1015742.0,1092.0,207.0
2020-04-20,1391.0,265.0,208.0,166.0,563.0,1016824.0,1290.0,198.0
2020-04-21,1574.0,327.0,254.0,201.0,683.0,1016277.0,1569.0,279.0
2020-04-22,1854.0,416.0,323.0,233.0,849.0,1016767.0,1932.0,363.0
2020-04-23,2311.0,475.0,377.0,281.0,1034.0,1015820.0,2311.0,379.0
2020-04-24,2840.0,575.0,474.0,346.0,1234.0,1016102.0,2792.0,481.0
2020-04-25,3332.0,713.0,561.0,447.0,1403.0,1015177.0,3370.0,578.0
2020-04-26,4109.0,891.0,682.0,508.0,1720.0,1013668.0,4075.0,705.0
2020-04-27,4857.0,1012.0,782.0,610.0,2124.0,1012215.0,4868.0,793.0
2020-04-28,5934.0,1252.0,954.0,722.0,2552.0,1010229.0,5865.0,997.0
2020-04-29,7137.0,1529.0,1195.0,855.0,3059.0,1008223.0,7080.0,1215.0
2020-04-30,8602.0,1796.0,1464.0,1089.0,3720.0,1005046.0,8523.0,1443.0
2020-05-01,10477.0,2178.0,1664.0,1383.0,4596.0,1000846.0,10217.0,1694.0
2020-05-02,12448.0,2653.0,2024.0,1605.0,5603.0,997021.0,12295.0,2078.0
2020-05-03,14873.0,3197.0,2427.0,1969.0,6691.0,993099.0,14861.0,2566.0
2020-05-04,18063.0,3868.0,2935.0,2317.0,8006.0,986504.0,17931.0,3070.0
2020-05-05,21853.0,4562.0,3481.0,2787.0,9584.0,979648.0,21505.0,3574.0
2020-05-06,26135.0,5460.0,4225.0,3304.0,11542.0,971473.0,25840.0,4335.0
2020-05-07,31090.0,6613.0,5195.0,3945.0,13844.0,961186.0,31071.0,5231.0
2020-05-08,37045.0,7866.0,6232.0,4887.0,16604.0,949071.0,37258.0,6187.0
2020-05-09,43880.0,9232.0,7466.0,5721.0,20090.0,937628.0,44628.0,7370.0
2020-05-10,51784.0,11227.0,8710.0,6972.0,23974.0,921197.0,53512.0,8884.0
2020-05-11,61028.0,13211.0,10384.0,8233.0,28768.0,901661.0,63916.0,10404.0
2020-05-12,71504.0,15695.0,12352.0,9652.0,34467.0,879608.0,76211.0,12295.0
2020-05-13,83137.0,18321.0,14490.0,11501.0,41558.0,854992.0,90391.0,14180.0
2020-05-14,96165.0,21555.0,16953.0,13467.0,49238.0,825905.0,106742.0,16351.0
2020-05-15,110805.0,24666.0,20176.0,15788.0,58475.0,794277.0,125799.0,19057.0
2020-05-16,125708.0,28176.0,22983.0,18526.0,69197.0,759033.0,147235.0,21436.0
2020-05-17,141772.0,32053.0,26490.0,21422.0,82191.0,719115.0,171992.0,24757.0
2020-05-18,158824.0,36035.0,30371.0,24802.0,97085.0,676109.0,199630.0,27638.0
2020-05-19,174584.0,41083.0,34136.0,28424.0,113747.0,631280.0,230591.0,30961.0
2020-05-20,189550.0,45138.0,38363.0,32447.0,133319.0,584029.0,264232.0,33641.0
2020-05-21,203468.0,49559.0,42538.0,36506.0,155987.0,536138.0,301030.0,36798.0
2020-05-22,215415.0,53130.0,46865.0,40695.0,180614.0,487074.0,340131.0,39101.0
2020-05-23,225076.0,56696.0,50798.0,44394.0,207605.0,439224.0,381137.0,41006.0
2020-05-24,231150.0,59876.0,54177.0,48842.0,237914.0,393159.0,424111.0,42974.0
2020-05-25,234026.0,61613.0,57410.0,52161.0,270783.0,349294.0,467782.0,43671.0
2020-05-26,233350.0,62538.0,59633.0,54955.0,304746.0,308864.0,511588.0,43806.0
2020-05-27,229028.0,63121.0,61253.0,57588.0,340760.0,272893.0,554918.0,43330.0
2020-05-28,222576.0,62697.0,61924.0,59449.0,378547.0,240378.0,597513.0,42595.0
2020-05-29,213855.0,61120.0,61982.0,60579.0,417547.0,211821.0,638764.0,41251.0
2020-05-30,201670.0,58737.0,61016.0,60580.0,456746.0,186241.0,678002.0,39238.0
2020-05-31,189061.0,56345.0,58861.0,60016.0,496256.0,165384.0,714802.0,36800.0
2020-06-01,175986.0,52995.0,56797.0,58908.0,534528.0,146746.0,749378.0,34576.0
2020-06-02,161575.0,49658.0,53901.0,56831.0,573128.0,131567.0,781274.0,31896.0
2020-06-03,147564.0,45889.0,51039.0,54741.0,609208.0,118188.0,810671.0,29397.0
2020-06-04,134100.0,42435.0,47510.0,52266.0,643971.0,107299.0,837547.0,26876.0
2020-06-05,121137.0,38339.0,44292.0,49107.0,675353.0,97585.0,861760.0,24213.0
2020-06-06,108979.0,35136.0,40612.0,45692.0,705273.0,90125.0,883751.0,21991.0
2020-06-07,97640.0,31780.0,36997.0,42093.0,733549.0,83652.0,903521.0,19770.0
2020-06-08,87283.0,28477.0,33538.0,38576.0,759545.0,78117.0,921177.0,17656.0
2020-06-09,78062.0,25626.0,30179.0,35203.0,783413.0,73262.0,936928.0,15751.0
2020-06-10,69713.0,22992.0,27372.0,31919.0,803767.0,69241.0,950902.0,13974.0
2020-06-11,61967.0,20615.0,24778.0,28990.0,823367.0,66013.0,963400.0,12498.0
2020-06-12,54909.0,18248.0,22321.0,26065.0,841128.0,63255.0,974489.0,11089.0
2020-06-13,48239.0,16497.0,19695.0,23569.0,857372.0,60307.0,984514.0,10025.0
2020-06-14,42746.0,14316.0,17656.0,21227.0,872256.0,58128.0,993069.0,8555.0
2020-06-15,37698.0,12640.0,15573.0,18790.0,885190.0,56226.0,1000694.0,7625.0
2020-06-16,32985.0,11425.0,13794.0,16664.0,896930.0,54899.0,1007538.0,6844.0
2020-06-17,28956.0,9862.0,12049.0,14696.0,905877.0,53462.0,1013321.0,5783.0
2020-06-18,25122.0,8845.0,10733.0,13207.0,914589.0,52251.0,1018644.0,5323.0
2020-06-19,22249.0,7794.0,9652.0,11709.0,922588.0,51386.0,1023278.0,4634.0
2020-06-20,19713.0,6840.0,8385.0,10435.0,930856.0,50480.0,1027289.0,4011.0
2020-06-21,17366.0,5967.0,7379.0,9176.0,937402.0,49585.0,1030806.0,3517.0
2020-06-22,15228.0,5284.0,6564.0,8086.0,943660.0,49161.0,1033940.0,3134.0
2020-06-23,13285.0,4665.0,5696.0,7046.0,947924.0,48810.0,1036722.0,2782.0
2020-06-24,11696.0,3936.0,4956.0,6279.0,953066.0,48489.0,1039080.0,2358.0
2020-06-25,10176.0,3531.0,4262.0,5444.0,956900.0,48078.0,1041200.0,2120.0
2020-06-26,9069.0,3015.0,3842.0,4831.0,959582.0,47689.0,1042966.0,1766.0
2020-06-27,7865.0,2768.0,3387.0,4192.0,963261.0,47280.0,1044616.0,1650.0
2020-06-28,6855.0,2393.0,3033.0,3757.0,965926.0,47085.0,1045991.0,1375.0
2020-06-29,6015.0,2122.0,2625.0,3254.0,967836.0,47097.0,1047270.0,1279.0
2020-06-30,5323.0,1848.0,2312.0,2842.0,969109.0,46794.0,1048335.0,1065.0
2020-07-01,4680.0,1586.0,2043.0,2446.0,971136.0,46670.0,1049279.0,944.0
2020-07-02,4056.0,1367.0,1803.0,2164.0,971815.0,46513.0,1050083.0,804.0
2020-07-03,3555.0,1189.0,1475.0,2007.0,973456.0,46168.0,1050798.0,715.0
2020-07-04,3077.0,1044.0,1315.0,1685.0,975486.0,46336.0,1051422.0,624.0
2020-07-05,2711.0,944.0,1163.0,1426.0,976154.0,46024.0,1051994.0,572.0
2020-07-06,2429.0,788.0,1001.0,1293.0,977013.0,45923.0,1052460.0,466.0
