time,E,I1,I2,I3,R,S,cumI,diffI
2020-03-06,0.0,2.0,1.0,0.0,0.0,969899.0,0.0,0.0
2020-03-07,0.0,0.0,1.0,0.0,0.0,971445.0,0.0,0.0
2020-03-08,0.0,0.0,0.0,0.0,0.0,979098.0,0.0,0.0
2020-03-09,0.0,0.0,0.0,0.0,0.0,987146.0,0.0,0.0
2020-03-10,0.0,0.0,1.0,0.0,0.0,991204.0,0.0,0.0
2020-03-11,0.0,0.0,1.0,0.0,0.0,996558.0,0.0,0.0
2020-03-12,2.0,0.0,1.0,0.0,0.0,1000306.0,0.0,0.0
2020-03-13,1.0,0.0,0.0,1.0,0.0,1002316.0,0.0,0.0
2020-03-14,3.0,0.0,0.0,1.0,0.0,1006193.0,0.0,0.0
2020-03-15,2.0,0.0,0.0,0.0,1.0,1007935.0,1.0,1.0
2020-03-16,0.0,0.0,0.0,0.0,1.0,1009231.0,1.0,0.0
2020-03-17,3.0,0.0,1.0,1.0,1.0,1009775.0,2.0,1.0
2020-03-18,2.0,0.0,2.0,1.0,1.0,1011177.0,3.0,1.0
2020-03-19,5.0,0.0,0.0,2.0,2.0,1010929.0,3.0,0.0
2020-03-20,8.0,2.0,1.0,2.0,5.0,1012456.0,5.0,2.0
2020-03-21,10.0,2.0,1.0,2.0,6.0,1013019.0,6.0,1.0
2020-03-22,9.0,0.0,2.0,1.0,8.0,1011992.0,6.0,0.0
2020-03-23,8.0,1.0,2.0,0.0,7.0,1013192.0,8.0,2.0
2020-03-24,3.0,4.0,1.0,1.0,10.0,1014288.0,14.0,6.0
2020-03-25,9.0,4.0,2.0,1.0,8.0,1014496.0,15.0,1.0
2020-03-26,8.0,4.0,1.0,1.0,9.0,1013242.0,16.0,1.0
2020-03-27,14.0,3.0,2.0,0.0,8.0,1014285.0,17.0,1.0
2020-03-28,21.0,3.0,4.0,1.0,10.0,1014852.0,20.0,3.0
2020-03-29,22.0,2.0,3.0,1.0,11.0,1016041.0,22.0,2.0
2020-03-30,21.0,4.0,2.0,4.0,15.0,1015892.0,26.0,4.0
2020-03-31,35.0,6.0,3.0,1.0,18.0,1016923.0,30.0,4.0
2020-04-01,50.0,11.0,7.0,3.0,19.0,1017202.0,37.0,7.0
2020-04-02,62.0,8.0,10.0,7.0,18.0,1015641.0,44.0,7.0
2020-04-03,67.0,9.0,10.0,4.0,27.0,1016002.0,51.0,7.0
2020-04-04,62.0,14.0,9.0,9.0,36.0,1016530.0,65.0,14.0
2020-04-05,89.0,20.0,13.0,6.0,37.0,1016002.0,78.0,13.0
2020-04-06,92.0,17.0,11.0,10.0,47.0,1017153.0,94.0,16.0
2020-04-07,112.0,26.0,20.0,9.0,55.0,1017166.0,115.0,21.0
2020-04-08,123.0,38.0,16.0,19.0,61.0,1016671.0,145.0,30.0
2020-04-09,148.0,37.0,22.0,28.0,66.0,1015930.0,175.0,30.0
2020-04-10,176.0,42.0,29.0,31.0,85.0,1016208.0,202.0,27.0
2020-04-11,259.0,54.0,45.0,33.0,95.0,1016171.0,242.0,40.0
2020-04-12,284.0,62.0,50.0,29.0,138.0,1016623.0,295.0,53.0
2020-04-13,372.0,83.0,62.0,35.0,169.0,1018156.0,353.0,58.0
2020-04-14,413.0,84.0,75.0,53.0,181.0,1017131.0,433.0,80.0
2020-04-15,529.0,113.0,82.0,68.0,236.0,1018165.0,514.0,81.0
2020-04-16,591.0,129.0,110.0,76.0,281.0,1017668.0,619.0,105.0
2020-04-17,758.0,152.0,123.0,92.0,321.0,1017310.0,722.0,103.0
2020-04-18,898.0,204.0,134.0,109.0,382.0,1017568.0,883.0,161.0
2020-04-19,1084.0,226.0,174.0,127.0,456.0,1017482.0,1064.0,181.0
2020-04-20,1284.0,265.0,199.0,157.0,576.0,1016394.0,1276.0,212.0
2020-04-21,1557.0,339.0,231.0,193.0,667.0,1016910.0,1535.0,259.0
2020-04-22,1899.0,398.0,284.0,233.0,796.0,1015348.0,1846.0,311.0
2020-04-23,2220.0,506.0,374.0,276.0,925.0,1016019.0,2236.0,390.0
2020-04-24,2696.0,607.0,472.0,328.0,1083.0,1014766.0,2679.0,443.0
2020-04-25,3260.0,721.0,595.0,387.0,1326.0,1013287.0,3239.0,560.0
2020-04-26,3903.0,839.0,663.0,479.0,1613.0,1012696.0,3877.0,638.0
2020-04-27,4736.0,1043.0,734.0,592.0,1970.0,1011828.0,4698.0,821.0
2020-04-28,5620.0,1225.0,946.0,696.0,2425.0,1009691.0,5707.0,1009.0
2020-04-29,6826.0,1477.0,1127.0,873.0,3002.0,1009314.0,6858.0,1151.0
2020-04-30,8259.0,1802.0,1340.0,1029.0,3555.0,1005794.0,8316.0,1458.0
2020-05-01,9976.0,2057.0,1677.0,1250.0,4218.0,1002573.0,9910.0,1594.0
2020-05-02,12098.0,2493.0,1890.0,1545.0,5165.0,999042.0,11840.0,1930.0
2020-05-03,14296.0,3028.0,2407.0,1827.0,6115.0,993857.0,14284.0,2444.0
2020-05-04,17324.0,3646.0,2828.0,2205.0,7399.0,988621.0,17128.0,2844.0
2020-05-05,20745.0,4413.0,3391.0,2639.0,8985.0,980981.0,20563.0,3435.0
2020-05-06,24578.0,5289.0,3977.0,3248.0,10870.0,974225.0,24733.0,4170.0
2020-05-07,29334.0,6228.0,4802.0,3797.0,13037.0,966019.0,29639.0,4906.0
2020-05-08,34745.0,7361.0,5901.0,4464.0,15504.0,955423.0,35501.0,5862.0
2020-05-09,41373.0,8780.0,7150.0,5466.0,18628.0,942576.0,42452.0,6951.0
2020-05-10,48962.0,10657.0,8276.0,6501.0,22197.0,925722.0,50717.0,8265.0
2020-05-11,57749.0,12335.0,9852.0,7673.0,26570.0,909029.0,60420.0,9703.0
2020-05-12,67462.0,14706.0,11693.0,9086.0,31797.0,889700.0,71880.0,11460.0
2020-05-13,78355.0,16988.0,13673.0,10808.0,38150.0,866235.0,85172.0,13292.0
2020-05-14,91012.0,19783.0,15877.0,12913.0,45745.0,838199.0,100487.0,15315.0
2020-05-15,104417.0,23235.0,18627.0,14993.0,54532.0,807412.0,118460.0,17973.0
2020-05-16,119435.0,26633.0,21674.0,17092.0,65085.0,774131.0,138818.0,20358.0
2020-05-17,135429.0,30400.0,25226.0,20222.0,76909.0,735556.0,162067.0,23249.0
2020-05-18,151772.0,34879.0,28560.0,23591.0,90955.0,694760.0,188573.0,26506.0
2020-05-19,168248.0,39164.0,32597.0,26964.0,107098.0,651074.0,218125.0,29552.0
2020-05-20,184487.0,43643.0,36559.0,30618.0,125592.0,604094.0,250867.0,32742.0
2020-05-21,198164.0,48256.0,41189.0,34564.0,146147.0,556603.0,286682.0,35815.0
2020-05-22,210910.0,52277.0,45195.0,38717.0,169312.0,507603.0,324939.0,38257.0
2020-05-23,222170.0,55849.0,49349.0,42946.0,195479.0,458898.0,365291.0,40352.0
2020-05-24,230044.0,58598.0,53837.0,47037.0,224533.0,412360.0,407536.0,42245.0
2020-05-25,234437.0,60947.0,56487.0,50929.0,256272.0,368260.0,450971.0,43435.0
2020-05-26,234259.0,62761.0,58876.0,54056.0,290369.0,327120.0,495231.0,44260.0
2020-05-27,231183.0,63146.0,60700.0,56734.0,326057.0,288605.0,539091.0,43860.0
2020-05-28,226090.0,62833.0,61896.0,58717.0,362838.0,254065.0,582238.0,43147.0
2020-05-29,216835.0,61662.0,62013.0,60084.0,400733.0,224244.0,623809.0,41571.0
2020-05-30,206371.0,59854.0,61175.0,60517.0,439372.0,198238.0,664060.0,40251.0
2020-05-31,194747.0,57468.0,59593.0,60821.0,477876.0,175046.0,701975.0,37915.0
2020-06-01,180775.0,54104.0,57663.0,59712.0,517382.0,155811.0,737667.0,35692.0
2020-06-02,167457.0,50859.0,55076.0,57618.0,555707.0,138969.0,770771.0,33104.0
2020-06-03,153919.0,47704.0,52034.0,55479.0,591278.0,124828.0,801350.0,30579.0
2020-06-04,139988.0,43648.0,49130.0,53036.0,626206.0,112988.0,829188.0,27838.0
2020-06-05,126678.0,40448.0,45400.0,49913.0,658789.0,102817.0,854579.0,25391.0
2020-06-06,114683.0,36871.0,41751.0,46663.0,690129.0,94229.0,877708.0,23129.0
2020-06-07,103199.0,33429.0,38373.0,43186.0,718830.0,87707.0,898555.0,20847.0
2020-06-08,92038.0,30057.0,35287.0,40113.0,746438.0,81423.0,917192.0,18637.0
2020-06-09,82394.0,27158.0,31904.0,36914.0,771326.0,76414.0,933821.0,16629.0
2020-06-10,73607.0,24063.0,28388.0,33880.0,794041.0,72281.0,948533.0,14712.0
2020-06-11,65741.0,21407.0,25667.0,30711.0,814881.0,68331.0,961613.0,13080.0
2020-06-12,58480.0,19282.0,22997.0,27952.0,832853.0,65106.0,973218.0,11605.0
2020-06-13,51688.0,16989.0,20879.0,24746.0,848546.0,62563.0,983654.0,10436.0
2020-06-14,45499.0,15221.0,18541.0,22230.0,863010.0,60028.0,992978.0,9324.0
2020-06-15,40327.0,13651.0,16298.0,19797.0,877119.0,58068.0,1001098.0,8120.0
2020-06-16,35357.0,11958.0,14580.0,17768.0,890281.0,55944.0,1008315.0,7217.0
2020-06-17,31161.0,10543.0,12926.0,15780.0,899925.0,54203.0,1014651.0,6336.0
2020-06-18,27464.0,9327.0,11302.0,14091.0,909253.0,52786.0,1020249.0,5598.0
2020-06-19,24265.0,8156.0,10106.0,12495.0,918364.0,51956.0,1025062.0,4813.0
2020-06-20,21249.0,7200.0,8879.0,10992.0,926029.0,51202.0,1029377.0,4315.0
2020-06-21,18598.0,6439.0,7995.0,9660.0,931651.0,50351.0,1033191.0,3814.0
2020-06-22,16302.0,5546.0,7090.0,8677.0,938448.0,49541.0,1036498.0,3307.0
2020-06-23,14512.0,4883.0,6210.0,7611.0,944160.0,48978.0,1039384.0,2886.0
2020-06-24,12652.0,4312.0,5503.0,6623.0,948289.0,48582.0,1041931.0,2547.0
2020-06-25,11203.0,3846.0,4827.0,5933.0,951740.0,48032.0,1044197.0,2266.0
2020-06-26,9814.0,3412.0,4276.0,5123.0,955324.0,47452.0,1046163.0,1966.0
2020-06-27,8622.0,2943.0,3758.0,4665.0,958714.0,47177.0,1047962.0,1799.0
2020-06-28,7510.0,2615.0,3238.0,4096.0,961825.0,46991.0,1049488.0,1526.0
2020-06-29,6532.0,2336.0,2944.0,3547.0,965079.0,46947.0,1050864.0,1376.0
2020-06-30,5696.0,2107.0,2518.0,3125.0,967481.0,46888.0,1052066.0,1202.0
2020-07-01,4975.0,1847.0,2202.0,2714.0,969550.0,46536.0,1053129.0,1063.0
2020-07-02,4258.0,1647.0,1993.0,2309.0,970952.0,46452.0,1054084.0,955.0
2020-07-03,3764.0,1433.0,1699.0,2061.0,971516.0,46216.0,1054878.0,794.0
2020-07-04,3340.0,1224.0,1504.0,1867.0,973954.0,45933.0,1055559.0,681.0
2020-07-05,2930.0,1062.0,1313.0,1611.0,973886.0,46248.0,1056147.0,588.0
2020-07-06,2525.0,880.0,1165.0,1405.0,976038.0,45955.0,1056662.0,515.0
