time,E,I1,I2,I3,R,S,cumI,diffI
2020-03-06,0.0,2.0,1.0,0.0,0.0,970249.0,0.0,0.0
2020-03-07,1.0,0.0,1.0,0.0,0.0,972678.0,0.0,0.0
2020-03-08,1.0,0.0,1.0,0.0,0.0,979312.0,0.0,0.0
2020-03-09,1.0,0.0,1.0,0.0,0.0,987191.0,0.0,0.0
2020-03-10,1.0,1.0,1.0,0.0,0.0,993428.0,1.0,1.0
2020-03-11,2.0,0.0,1.0,0.0,0.0,997492.0,2.0,1.0
2020-03-12,1.0,0.0,0.0,1.0,0.0,1000285.0,2.0,0.0
2020-03-13,3.0,0.0,1.0,0.0,1.0,1003729.0,2.0,0.0
2020-03-14,4.0,1.0,0.0,1.0,0.0,1005618.0,3.0,1.0
2020-03-15,4.0,1.0,2.0,0.0,1.0,1006378.0,5.0,2.0
2020-03-16,5.0,0.0,0.0,0.0,2.0,1007657.0,5.0,0.0
2020-03-17,6.0,0.0,0.0,0.0,2.0,1010253.0,5.0,0.0
2020-03-18,5.0,2.0,0.0,0.0,4.0,1010829.0,5.0,0.0
2020-03-19,7.0,1.0,1.0,1.0,4.0,1010336.0,5.0,0.0
2020-03-20,9.0,0.0,1.0,3.0,0.0,1010957.0,6.0,1.0
2020-03-21,4.0,0.0,0.0,1.0,2.0,1010822.0,6.0,0.0
2020-03-22,6.0,1.0,2.0,2.0,4.0,1011328.0,7.0,1.0
2020-03-23,8.0,3.0,3.0,1.0,6.0,1011998.0,8.0,1.0
2020-03-24,13.0,1.0,4.0,3.0,4.0,1012544.0,9.0,1.0
2020-03-25,16.0,5.0,1.0,3.0,8.0,1013584.0,13.0,4.0
2020-03-26,23.0,3.0,3.0,5.0,9.0,1014388.0,16.0,3.0
2020-03-27,33.0,8.0,2.0,3.0,5.0,1013753.0,20.0,4.0
2020-03-28,32.0,6.0,7.0,3.0,3.0,1014187.0,25.0,5.0
2020-03-29,41.0,5.0,13.0,9.0,7.0,1015178.0,35.0,10.0
2020-03-30,56.0,11.0,7.0,7.0,14.0,1015062.0,42.0,7.0
2020-03-31,79.0,12.0,8.0,10.0,26.0,1015963.0,47.0,5.0
2020-04-01,84.0,19.0,16.0,8.0,36.0,1015449.0,64.0,17.0
2020-04-02,85.0,23.0,18.0,14.0,36.0,1016160.0,83.0,19.0
2020-04-03,105.0,25.0,18.0,17.0,52.0,1016813.0,97.0,14.0
2020-04-04,104.0,24.0,25.0,18.0,72.0,1016684.0,119.0,22.0
2020-04-05,121.0,18.0,28.0,17.0,82.0,1016972.0,134.0,15.0
2020-04-06,165.0,37.0,30.0,26.0,87.0,1016870.0,165.0,31.0
2020-04-07,202.0,39.0,39.0,25.0,116.0,1017532.0,199.0,34.0
2020-04-08,256.0,56.0,30.0,39.0,124.0,1017677.0,243.0,44.0
2020-04-09,304.0,59.0,44.0,38.0,141.0,1017404.0,288.0,45.0
2020-04-10,341.0,63.0,70.0,40.0,155.0,1017234.0,343.0,55.0
2020-04-11,397.0,88.0,75.0,38.0,169.0,1017441.0,403.0,60.0
2020-04-12,477.0,111.0,91.0,51.0,203.0,1016941.0,492.0,89.0
2020-04-13,598.0,124.0,97.0,84.0,238.0,1016605.0,587.0,95.0
2020-04-14,711.0,148.0,121.0,91.0,325.0,1017351.0,707.0,120.0
2020-04-15,856.0,201.0,138.0,105.0,418.0,1016900.0,866.0,159.0
2020-04-16,1077.0,235.0,161.0,128.0,450.0,1017412.0,1033.0,167.0
2020-04-17,1237.0,297.0,219.0,157.0,528.0,1017219.0,1254.0,221.0
2020-04-18,1498.0,350.0,269.0,195.0,667.0,1017671.0,1521.0,267.0
2020-04-19,1941.0,393.0,316.0,234.0,808.0,1017180.0,1839.0,318.0
2020-04-20,2319.0,485.0,384.0,272.0,996.0,1016726.0,2220.0,381.0
2020-04-21,2753.0,580.0,489.0,313.0,1149.0,1015566.0,2684.0,464.0
2020-04-22,3282.0,688.0,542.0,417.0,1402.0,1015065.0,3242.0,558.0
2020-04-23,4035.0,812.0,633.0,518.0,1676.0,1013341.0,3913.0,671.0
2020-04-24,4825.0,990.0,770.0,626.0,2039.0,1011083.0,4720.0,807.0
2020-04-25,5826.0,1200.0,927.0,695.0,2471.0,1009901.0,5663.0,943.0
2020-04-26,7027.0,1544.0,1096.0,855.0,3009.0,1008029.0,6822.0,1159.0
2020-04-27,8447.0,1823.0,1330.0,1013.0,3584.0,1004845.0,8218.0,1396.0
2020-04-28,10119.0,2168.0,1671.0,1261.0,4280.0,1001046.0,9930.0,1712.0
2020-04-29,12356.0,2643.0,2034.0,1552.0,5250.0,998252.0,11991.0,2061.0
2020-04-30,14996.0,3083.0,2420.0,1879.0,6311.0,994082.0,14437.0,2446.0
2020-05-01,17733.0,3689.0,2866.0,2220.0,7646.0,987063.0,17327.0,2890.0
2020-05-02,20981.0,4491.0,3439.0,2665.0,9195.0,980800.0,20909.0,3582.0
2020-05-03,25043.0,5300.0,4179.0,3152.0,11002.0,973327.0,25057.0,4148.0
2020-05-04,29884.0,6352.0,5011.0,3879.0,13277.0,962474.0,30139.0,5082.0
2020-05-05,35421.0,7550.0,6009.0,4607.0,16054.0,952179.0,36108.0,5969.0
2020-05-06,41995.0,9058.0,6967.0,5562.0,19145.0,938572.0,43219.0,7111.0
2020-05-07,49588.0,10711.0,8396.0,6532.0,22966.0,922903.0,51439.0,8220.0
2020-05-08,58440.0,12585.0,9877.0,7881.0,27665.0,905586.0,61252.0,9813.0
2020-05-09,68585.0,15009.0,11880.0,9304.0,33132.0,884574.0,72968.0,11716.0
2020-05-10,80212.0,17777.0,13972.0,10991.0,39572.0,861595.0,86673.0,13705.0
2020-05-11,93054.0,20623.0,16557.0,13113.0,47180.0,832475.0,102711.0,16038.0
2020-05-12,107486.0,24112.0,19242.0,15514.0,56595.0,801031.0,121290.0,18579.0
2020-05-13,122376.0,27644.0,22490.0,18038.0,67176.0,765457.0,142526.0,21236.0
2020-05-14,137983.0,31274.0,26206.0,20772.0,79741.0,728229.0,166540.0,24014.0
2020-05-15,154610.0,35667.0,29509.0,24318.0,94011.0,684537.0,193596.0,27056.0
2020-05-16,171610.0,39862.0,33636.0,27881.0,110721.0,640471.0,223401.0,29805.0
2020-05-17,186745.0,44747.0,38092.0,31308.0,129746.0,592732.0,256935.0,33534.0
2020-05-18,200662.0,48607.0,42216.0,35467.0,151573.0,544506.0,292694.0,35759.0
2020-05-19,213687.0,52620.0,46298.0,39583.0,175639.0,496053.0,331326.0,38632.0
2020-05-20,223906.0,56070.0,50217.0,43363.0,202875.0,447674.0,372096.0,40770.0
2020-05-21,230288.0,59139.0,53890.0,47912.0,232475.0,400726.0,414923.0,42827.0
2020-05-22,233812.0,61418.0,56444.0,51216.0,264378.0,357620.0,458218.0,43295.0
2020-05-23,234156.0,62840.0,59260.0,54485.0,298143.0,316665.0,502487.0,44269.0
2020-05-24,229872.0,62902.0,61376.0,57396.0,334434.0,279636.0,546205.0,43718.0
2020-05-25,223073.0,62503.0,61692.0,59132.0,372144.0,246207.0,589146.0,42941.0
2020-05-26,214282.0,61109.0,61653.0,60142.0,409951.0,216810.0,630191.0,41045.0
2020-05-27,203091.0,59376.0,60727.0,60492.0,449340.0,191953.0,669933.0,39742.0
2020-05-28,190806.0,56293.0,59356.0,60344.0,488394.0,169765.0,707173.0,37240.0
2020-05-29,177081.0,53041.0,56700.0,59239.0,526795.0,150923.0,742122.0,34949.0
2020-05-30,163720.0,50039.0,53965.0,57663.0,564979.0,134882.0,774230.0,32108.0
2020-05-31,149827.0,46868.0,51003.0,55465.0,601648.0,121151.0,804068.0,29838.0
2020-06-01,136413.0,43033.0,48218.0,52230.0,635937.0,109732.0,831758.0,27690.0
2020-06-02,123414.0,39387.0,44563.0,49205.0,668864.0,100180.0,856353.0,24595.0
2020-06-03,111303.0,35797.0,41106.0,46046.0,699710.0,91959.0,878792.0,22439.0
2020-06-04,99711.0,32575.0,37676.0,42784.0,728397.0,85177.0,899039.0,20247.0
2020-06-05,89359.0,29076.0,34233.0,39522.0,755922.0,79248.0,916902.0,17863.0
2020-06-06,79428.0,26200.0,30987.0,35822.0,780228.0,74533.0,933143.0,16241.0
2020-06-07,70835.0,23309.0,27890.0,32740.0,802292.0,70264.0,947368.0,14225.0
2020-06-08,62579.0,21071.0,25045.0,29803.0,821673.0,66808.0,960165.0,12797.0
2020-06-09,55661.0,18475.0,22694.0,26872.0,839671.0,63595.0,971292.0,11127.0
2020-06-10,49159.0,16556.0,20153.0,24098.0,856384.0,61210.0,981373.0,10081.0
2020-06-11,43491.0,14815.0,18071.0,21651.0,870386.0,58894.0,990258.0,8885.0
2020-06-12,38461.0,12870.0,16080.0,19380.0,884020.0,57022.0,997874.0,7616.0
2020-06-13,34029.0,11519.0,14292.0,17136.0,895906.0,55631.0,1004864.0,6990.0
2020-06-14,29922.0,10049.0,12658.0,15289.0,906277.0,54314.0,1010927.0,6063.0
2020-06-15,26329.0,8864.0,11128.0,13604.0,915867.0,52699.0,1016255.0,5328.0
2020-06-16,22932.0,7744.0,9758.0,12005.0,923794.0,51741.0,1020939.0,4684.0
2020-06-17,20124.0,6942.0,8617.0,10523.0,930162.0,50724.0,1025129.0,4190.0
2020-06-18,17693.0,5970.0,7707.0,9256.0,937484.0,50159.0,1028676.0,3547.0
2020-06-19,15525.0,5368.0,6636.0,8303.0,943053.0,49740.0,1031841.0,3165.0
2020-06-20,13660.0,4736.0,5776.0,7268.0,948472.0,49258.0,1034595.0,2754.0
2020-06-21,11971.0,4144.0,5206.0,6391.0,951429.0,48820.0,1037102.0,2507.0
2020-06-22,10604.0,3581.0,4532.0,5625.0,956108.0,48052.0,1039255.0,2153.0
2020-06-23,9166.0,3149.0,4075.0,4923.0,958094.0,47681.0,1041197.0,1942.0
2020-06-24,8073.0,2744.0,3513.0,4439.0,962182.0,47401.0,1042834.0,1637.0
2020-06-25,7005.0,2330.0,3080.0,3858.0,964432.0,47228.0,1044223.0,1389.0
2020-06-26,6228.0,2131.0,2687.0,3275.0,967187.0,47019.0,1045523.0,1300.0
2020-06-27,5430.0,1871.0,2312.0,2871.0,970111.0,46706.0,1046627.0,1104.0
2020-06-28,4722.0,1649.0,2027.0,2493.0,971343.0,46752.0,1047617.0,990.0
2020-06-29,4107.0,1400.0,1809.0,2209.0,973283.0,46441.0,1048450.0,833.0
2020-06-30,3566.0,1217.0,1566.0,1919.0,974218.0,46043.0,1049179.0,729.0
2020-07-01,3071.0,1109.0,1348.0,1683.0,975629.0,46131.0,1049841.0,662.0
2020-07-02,2689.0,994.0,1151.0,1496.0,976576.0,46047.0,1050414.0,573.0
2020-07-03,2441.0,822.0,1046.0,1316.0,976844.0,45922.0,1050883.0,469.0
2020-07-04,2115.0,690.0,914.0,1126.0,977627.0,45677.0,1051278.0,395.0
2020-07-05,1859.0,602.0,776.0,1007.0,978031.0,45963.0,1051634.0,356.0
2020-07-06,1602.0,572.0,735.0,927.0,977966.0,45640.0,1051992.0,358.0
