time,E,I1,I2,I3,R,S,cumI,diffI
2020-03-06,2.0,2.0,1.0,0.0,0.0,969740.0,0.0,0.0
2020-03-07,3.0,0.0,2.0,0.0,0.0,973166.0,1.0,1.0
2020-03-08,3.0,0.0,1.0,0.0,0.0,980549.0,1.0,0.0
2020-03-09,3.0,0.0,0.0,1.0,0.0,987754.0,1.0,0.0
2020-03-10,3.0,0.0,1.0,0.0,0.0,993270.0,2.0,1.0
2020-03-11,1.0,2.0,0.0,0.0,0.0,997325.0,4.0,2.0
2020-03-12,2.0,1.0,1.0,0.0,0.0,1000161.0,5.0,1.0
2020-03-13,4.0,1.0,1.0,0.0,0.0,1003091.0,6.0,1.0
2020-03-14,8.0,1.0,2.0,1.0,1.0,1005786.0,9.0,3.0
2020-03-15,7.0,1.0,0.0,1.0,4.0,1006848.0,10.0,1.0
2020-03-16,5.0,1.0,0.0,0.0,4.0,1008320.0,10.0,0.0
2020-03-17,5.0,3.0,0.0,1.0,4.0,1007769.0,13.0,3.0
2020-03-18,7.0,2.0,2.0,0.0,2.0,1009864.0,14.0,1.0
2020-03-19,7.0,3.0,2.0,0.0,1.0,1011847.0,16.0,2.0
2020-03-20,13.0,1.0,2.0,3.0,2.0,1012446.0,17.0,1.0
2020-03-21,11.0,2.0,0.0,1.0,5.0,1011921.0,18.0,1.0
2020-03-22,12.0,5.0,0.0,1.0,6.0,1012247.0,20.0,2.0
2020-03-23,15.0,3.0,3.0,2.0,3.0,1012871.0,23.0,3.0
2020-03-24,21.0,6.0,2.0,2.0,6.0,1013482.0,27.0,4.0
2020-03-25,25.0,11.0,1.0,2.0,6.0,1013067.0,31.0,4.0
2020-03-26,30.0,7.0,6.0,3.0,16.0,1013979.0,39.0,8.0
2020-03-27,38.0,3.0,9.0,6.0,17.0,1013656.0,43.0,4.0
2020-03-28,50.0,6.0,7.0,5.0,19.0,1014548.0,51.0,8.0
2020-03-29,53.0,6.0,6.0,11.0,24.0,1015046.0,61.0,10.0
2020-03-30,53.0,17.0,4.0,9.0,31.0,1014485.0,76.0,15.0
2020-03-31,65.0,22.0,9.0,13.0,31.0,1013964.0,87.0,11.0
2020-04-01,95.0,24.0,12.0,8.0,53.0,1014506.0,98.0,11.0
2020-04-02,111.0,26.0,16.0,16.0,59.0,1014899.0,119.0,21.0
2020-04-03,132.0,24.0,20.0,21.0,62.0,1015990.0,138.0,19.0
2020-04-04,153.0,26.0,21.0,29.0,75.0,1016361.0,157.0,19.0
2020-04-05,193.0,44.0,35.0,24.0,94.0,1018189.0,196.0,39.0
2020-04-06,234.0,40.0,44.0,29.0,107.0,1017410.0,233.0,37.0
2020-04-07,261.0,60.0,55.0,37.0,134.0,1017788.0,286.0,53.0
2020-04-08,328.0,81.0,46.0,43.0,160.0,1017691.0,346.0,60.0
2020-04-09,407.0,72.0,53.0,63.0,186.0,1017858.0,399.0,53.0
2020-04-10,499.0,108.0,53.0,72.0,227.0,1017278.0,475.0,76.0
2020-04-11,619.0,107.0,96.0,58.0,256.0,1017767.0,569.0,94.0
2020-04-12,737.0,155.0,110.0,80.0,305.0,1017453.0,705.0,136.0
2020-04-13,842.0,185.0,135.0,90.0,363.0,1016631.0,860.0,155.0
2020-04-14,1012.0,231.0,161.0,117.0,430.0,1016720.0,1033.0,173.0
2020-04-15,1260.0,275.0,179.0,144.0,503.0,1018122.0,1247.0,214.0
2020-04-16,1510.0,310.0,215.0,179.0,598.0,1016826.0,1494.0,247.0
2020-04-17,1697.0,361.0,278.0,185.0,709.0,1016113.0,1787.0,293.0
2020-04-18,2083.0,423.0,354.0,258.0,849.0,1015265.0,2119.0,332.0
2020-04-19,2425.0,504.0,393.0,294.0,1024.0,1014917.0,2502.0,383.0
2020-04-20,2977.0,622.0,421.0,354.0,1250.0,1014728.0,2995.0,493.0
2020-04-21,3492.0,761.0,574.0,467.0,1507.0,1013500.0,3578.0,583.0
2020-04-22,4261.0,884.0,731.0,520.0,1798.0,1012824.0,4267.0,689.0
2020-04-23,5132.0,1101.0,825.0,667.0,2135.0,1010639.0,5127.0,860.0
2020-04-24,6173.0,1307.0,1032.0,737.0,2533.0,1008527.0,6120.0,993.0
2020-04-25,7420.0,1570.0,1194.0,894.0,3123.0,1006321.0,7350.0,1230.0
2020-04-26,8899.0,1887.0,1453.0,1106.0,3733.0,1003120.0,8837.0,1487.0
2020-04-27,10647.0,2264.0,1726.0,1411.0,4487.0,999353.0,10684.0,1847.0
2020-04-28,12867.0,2707.0,2015.0,1684.0,5443.0,995250.0,12809.0,2125.0
2020-04-29,15432.0,3376.0,2493.0,1902.0,6650.0,991735.0,15417.0,2608.0
2020-04-30,18677.0,4010.0,2996.0,2330.0,7938.0,984981.0,18487.0,3070.0
2020-05-01,22214.0,4850.0,3650.0,2892.0,9493.0,977273.0,22304.0,3817.0
2020-05-02,26822.0,5620.0,4461.0,3498.0,11482.0,969550.0,26734.0,4430.0
2020-05-03,31898.0,6727.0,5214.0,4170.0,13951.0,959922.0,32086.0,5352.0
2020-05-04,37604.0,8129.0,6263.0,4838.0,17036.0,948256.0,38426.0,6340.0
2020-05-05,44633.0,9485.0,7461.0,5879.0,20530.0,934341.0,45836.0,7410.0
2020-05-06,52452.0,11122.0,8833.0,6951.0,24458.0,918859.0,54634.0,8798.0
2020-05-07,61649.0,13439.0,10500.0,8338.0,29263.0,900226.0,65133.0,10499.0
2020-05-08,72262.0,15693.0,12535.0,9809.0,34947.0,878147.0,77200.0,12067.0
2020-05-09,83820.0,18537.0,14551.0,11513.0,41639.0,850836.0,91447.0,14247.0
2020-05-10,97090.0,21626.0,17147.0,13719.0,49698.0,823398.0,108235.0,16788.0
2020-05-11,110897.0,24660.0,19955.0,15853.0,59361.0,790743.0,127326.0,19091.0
2020-05-12,125531.0,28719.0,23198.0,18749.0,69706.0,755084.0,149487.0,22161.0
2020-05-13,142090.0,32498.0,26772.0,21878.0,83063.0,715922.0,174297.0,24810.0
2020-05-14,158486.0,36929.0,30559.0,24974.0,97826.0,673760.0,202262.0,27965.0
2020-05-15,175052.0,41013.0,34697.0,28742.0,115275.0,628004.0,233151.0,30889.0
2020-05-16,189850.0,45380.0,38697.0,32510.0,134879.0,581128.0,267169.0,34018.0
2020-05-17,203414.0,49814.0,42747.0,36634.0,157158.0,533553.0,303928.0,36759.0
2020-05-18,215832.0,53267.0,46774.0,40543.0,181567.0,485184.0,342754.0,38826.0
2020-05-19,225559.0,56904.0,50659.0,44738.0,208294.0,436963.0,383962.0,41208.0
2020-05-20,230502.0,59590.0,54340.0,48187.0,238065.0,392357.0,426652.0,42690.0
2020-05-21,233559.0,61631.0,57431.0,51679.0,270475.0,350223.0,470158.0,43506.0
2020-05-22,233171.0,63161.0,59511.0,54839.0,304413.0,309206.0,514208.0,44050.0
2020-05-23,228571.0,62970.0,60803.0,57128.0,340971.0,273613.0,557534.0,43326.0
2020-05-24,221780.0,61923.0,61601.0,59304.0,377680.0,241384.0,599727.0,42193.0
2020-05-25,212166.0,60759.0,61119.0,60043.0,416093.0,212838.0,640652.0,40925.0
2020-05-26,201016.0,58307.0,60576.0,60412.0,454416.0,188308.0,679529.0,38877.0
2020-05-27,188100.0,56086.0,58822.0,59532.0,492871.0,167162.0,716402.0,36873.0
2020-05-28,174738.0,52542.0,57156.0,58619.0,531076.0,148939.0,750954.0,34552.0
2020-05-29,161189.0,49525.0,53821.0,56989.0,568259.0,133103.0,783097.0,32143.0
2020-05-30,147885.0,46140.0,50816.0,55037.0,604487.0,119940.0,812670.0,29573.0
2020-05-31,134453.0,42242.0,47882.0,52011.0,639252.0,108761.0,839575.0,26905.0
2020-06-01,121723.0,38713.0,44442.0,48906.0,671974.0,99372.0,863961.0,24386.0
2020-06-02,109837.0,35593.0,40827.0,45634.0,701242.0,91815.0,886076.0,22115.0
2020-06-03,98704.0,31915.0,37233.0,42250.0,730146.0,85242.0,905791.0,19715.0
2020-06-04,88405.0,28656.0,33728.0,38709.0,755429.0,80069.0,923312.0,17521.0
2020-06-05,79032.0,26024.0,30231.0,35524.0,779439.0,74862.0,939253.0,15941.0
2020-06-06,70325.0,23139.0,27543.0,32150.0,800041.0,70890.0,953345.0,14092.0
2020-06-07,62935.0,20609.0,24969.0,29311.0,819063.0,67211.0,966010.0,12665.0
2020-06-08,55807.0,18692.0,22385.0,26612.0,837176.0,64623.0,977479.0,11469.0
2020-06-09,49199.0,16644.0,19954.0,24029.0,853025.0,62287.0,987653.0,10174.0
2020-06-10,43243.0,14786.0,17690.0,21327.0,869028.0,59941.0,996450.0,8797.0
2020-06-11,38486.0,12874.0,15848.0,19133.0,881735.0,57962.0,1004176.0,7726.0
2020-06-12,33913.0,11581.0,13920.0,17232.0,892860.0,56145.0,1011023.0,6847.0
2020-06-13,29959.0,10179.0,12505.0,15157.0,903450.0,54934.0,1017075.0,6052.0
2020-06-14,26586.0,8909.0,11018.0,13463.0,913046.0,53660.0,1022367.0,5292.0
2020-06-15,23420.0,7842.0,10018.0,11984.0,920130.0,52671.0,1027126.0,4759.0
2020-06-16,20708.0,7002.0,8792.0,10688.0,928054.0,51573.0,1031350.0,4224.0
2020-06-17,18054.0,6158.0,7667.0,9342.0,935453.0,50979.0,1035054.0,3704.0
2020-06-18,15962.0,5380.0,6932.0,8225.0,940434.0,50305.0,1038273.0,3219.0
2020-06-19,14020.0,4797.0,6026.0,7410.0,945389.0,49665.0,1041094.0,2821.0
2020-06-20,12376.0,4198.0,5213.0,6602.0,950439.0,49046.0,1043511.0,2417.0
2020-06-21,10708.0,3686.0,4604.0,5852.0,954283.0,48382.0,1045743.0,2232.0
2020-06-22,9388.0,3258.0,4165.0,5061.0,959107.0,48164.0,1047631.0,1888.0
2020-06-23,8312.0,2846.0,3538.0,4533.0,962148.0,47903.0,1049241.0,1610.0
2020-06-24,7293.0,2548.0,3176.0,3932.0,964578.0,47623.0,1050719.0,1478.0
2020-06-25,6492.0,2259.0,2765.0,3493.0,965531.0,47528.0,1052041.0,1322.0
2020-06-26,5636.0,1966.0,2498.0,2990.0,968032.0,47398.0,1053202.0,1161.0
2020-06-27,4932.0,1728.0,2163.0,2635.0,969627.0,47174.0,1054228.0,1026.0
2020-06-28,4317.0,1491.0,1855.0,2320.0,970810.0,46823.0,1055042.0,814.0
2020-06-29,3804.0,1246.0,1637.0,2051.0,971151.0,46496.0,1055784.0,742.0
2020-06-30,3303.0,1183.0,1376.0,1753.0,972820.0,46511.0,1056453.0,669.0
2020-07-01,2950.0,1052.0,1239.0,1558.0,973368.0,46329.0,1057046.0,593.0
2020-07-02,2607.0,936.0,1143.0,1371.0,976025.0,46377.0,1057572.0,526.0
2020-07-03,2294.0,720.0,974.0,1188.0,977230.0,46413.0,1057974.0,402.0
2020-07-04,1985.0,649.0,836.0,1015.0,976407.0,46251.0,1058385.0,411.0
2020-07-05,1722.0,588.0,746.0,932.0,977973.0,46102.0,1058753.0,368.0
2020-07-06,1534.0,509.0,610.0,818.0,977573.0,45918.0,1059045.0,292.0
