time,E,I1,I2,I3,R,S,cumI,diffI
2020-03-06,0.0,2.0,0.0,0.0,0.0,970218.0,0.0,0.0
2020-03-07,1.0,1.0,0.0,0.0,0.0,972699.0,0.0,0.0
2020-03-08,1.0,1.0,0.0,0.0,0.0,980448.0,0.0,0.0
2020-03-09,1.0,1.0,0.0,0.0,0.0,987185.0,0.0,0.0
2020-03-10,2.0,2.0,0.0,0.0,0.0,992327.0,1.0,1.0
2020-03-11,1.0,1.0,0.0,2.0,0.0,996639.0,2.0,1.0
2020-03-12,1.0,2.0,0.0,1.0,1.0,1000347.0,3.0,1.0
2020-03-13,2.0,0.0,1.0,0.0,2.0,1002365.0,4.0,1.0
2020-03-14,0.0,0.0,0.0,1.0,3.0,1004348.0,4.0,0.0
2020-03-15,2.0,0.0,0.0,1.0,2.0,1007247.0,4.0,0.0
2020-03-16,2.0,0.0,1.0,1.0,1.0,1008469.0,5.0,1.0
2020-03-17,2.0,1.0,0.0,1.0,2.0,1008676.0,6.0,1.0
2020-03-18,5.0,0.0,0.0,0.0,4.0,1009513.0,6.0,0.0
2020-03-19,5.0,1.0,0.0,0.0,4.0,1011406.0,7.0,1.0
2020-03-20,8.0,2.0,1.0,0.0,5.0,1011233.0,8.0,1.0
2020-03-21,10.0,2.0,2.0,2.0,6.0,1011097.0,9.0,1.0
2020-03-22,14.0,2.0,3.0,2.0,7.0,1011370.0,11.0,2.0
2020-03-23,16.0,2.0,1.0,1.0,7.0,1010971.0,15.0,4.0
2020-03-24,16.0,3.0,5.0,2.0,6.0,1013151.0,19.0,4.0
2020-03-25,16.0,0.0,3.0,3.0,7.0,1014088.0,19.0,0.0
2020-03-26,19.0,1.0,2.0,3.0,7.0,1013889.0,21.0,2.0
2020-03-27,22.0,5.0,0.0,1.0,14.0,1015847.0,25.0,4.0
2020-03-28,24.0,2.0,3.0,5.0,13.0,1016400.0,29.0,4.0
2020-03-29,26.0,3.0,2.0,3.0,17.0,1015308.0,31.0,2.0
2020-03-30,41.0,5.0,6.0,5.0,16.0,1015518.0,36.0,5.0
2020-03-31,41.0,10.0,5.0,5.0,14.0,1015708.0,45.0,9.0
2020-04-01,62.0,9.0,9.0,4.0,24.0,1015722.0,52.0,7.0
2020-04-02,71.0,15.0,5.0,5.0,26.0,1016030.0,63.0,11.0
2020-04-03,71.0,15.0,11.0,5.0,31.0,1017679.0,73.0,10.0
2020-04-04,93.0,16.0,8.0,9.0,28.0,1017721.0,85.0,12.0
2020-04-05,107.0,18.0,13.0,14.0,38.0,1018051.0,102.0,17.0
2020-04-06,126.0,31.0,28.0,12.0,47.0,1017009.0,129.0,27.0
2020-04-07,159.0,31.0,24.0,18.0,61.0,1016807.0,155.0,26.0
2020-04-08,195.0,35.0,28.0,19.0,79.0,1017205.0,185.0,30.0
2020-04-09,200.0,43.0,33.0,21.0,92.0,1018028.0,229.0,44.0
2020-04-10,262.0,47.0,41.0,29.0,113.0,1016327.0,270.0,41.0
2020-04-11,314.0,67.0,56.0,42.0,144.0,1015927.0,328.0,58.0
2020-04-12,393.0,67.0,74.0,59.0,160.0,1016917.0,380.0,52.0
2020-04-13,453.0,97.0,58.0,55.0,206.0,1018436.0,465.0,85.0
2020-04-14,554.0,117.0,87.0,59.0,239.0,1018039.0,540.0,75.0
2020-04-15,660.0,140.0,96.0,90.0,279.0,1018147.0,653.0,113.0
2020-04-16,843.0,183.0,133.0,108.0,336.0,1017837.0,799.0,146.0
2020-04-17,1042.0,214.0,177.0,129.0,433.0,1016851.0,969.0,170.0
2020-04-18,1280.0,265.0,186.0,143.0,549.0,1017549.0,1170.0,201.0
2020-04-19,1531.0,348.0,234.0,166.0,628.0,1016400.0,1427.0,257.0
2020-04-20,1830.0,378.0,315.0,226.0,745.0,1015692.0,1748.0,321.0
2020-04-21,2227.0,468.0,369.0,275.0,957.0,1016068.0,2127.0,379.0
2020-04-22,2672.0,544.0,444.0,344.0,1140.0,1015184.0,2567.0,440.0
2020-04-23,3189.0,695.0,526.0,393.0,1394.0,1014965.0,3113.0,546.0
2020-04-24,3905.0,860.0,663.0,516.0,1628.0,1013315.0,3783.0,670.0
2020-04-25,4727.0,1008.0,786.0,597.0,2022.0,1012087.0,4571.0,788.0
2020-04-26,5707.0,1243.0,935.0,702.0,2410.0,1012495.0,5526.0,955.0
2020-04-27,6926.0,1476.0,1158.0,894.0,2918.0,1008247.0,6653.0,1127.0
2020-04-28,8309.0,1733.0,1384.0,1050.0,3554.0,1006990.0,8025.0,1372.0
2020-04-29,10062.0,2104.0,1640.0,1259.0,4305.0,1002355.0,9718.0,1693.0
2020-04-30,12053.0,2564.0,1996.0,1447.0,5181.0,998877.0,11778.0,2060.0
2020-05-01,14535.0,2990.0,2419.0,1814.0,6184.0,995241.0,14210.0,2432.0
2020-05-02,17595.0,3530.0,2848.0,2276.0,7527.0,990616.0,17043.0,2833.0
2020-05-03,20868.0,4401.0,3316.0,2638.0,9060.0,983170.0,20490.0,3447.0
2020-05-04,24732.0,5348.0,3974.0,3226.0,10896.0,975594.0,24653.0,4163.0
2020-05-05,29638.0,6474.0,4829.0,3812.0,13224.0,965521.0,29652.0,4999.0
2020-05-06,35274.0,7727.0,5908.0,4668.0,15798.0,953913.0,35695.0,6043.0
2020-05-07,41907.0,8955.0,6973.0,5474.0,18913.0,941600.0,42715.0,7020.0
2020-05-08,49700.0,10755.0,8253.0,6543.0,22834.0,925202.0,50998.0,8283.0
2020-05-09,58545.0,12575.0,10103.0,7705.0,27584.0,906831.0,60732.0,9734.0
2020-05-10,68741.0,14975.0,11944.0,9429.0,33006.0,884775.0,72432.0,11700.0
2020-05-11,80636.0,17841.0,14102.0,11090.0,39599.0,861356.0,86416.0,13984.0
2020-05-12,93804.0,20793.0,16552.0,13123.0,47714.0,833778.0,102329.0,15913.0
2020-05-13,107263.0,24070.0,19325.0,15388.0,56801.0,800707.0,120737.0,18408.0
2020-05-14,122321.0,27941.0,22302.0,17949.0,67313.0,766080.0,141906.0,21169.0
2020-05-15,138293.0,31731.0,25849.0,20767.0,79838.0,726603.0,165985.0,24079.0
2020-05-16,155419.0,36243.0,29645.0,24253.0,93816.0,684769.0,193050.0,27065.0
2020-05-17,172032.0,40472.0,33692.0,28160.0,110385.0,639929.0,223272.0,30222.0
2020-05-18,187374.0,44827.0,37834.0,31542.0,129554.0,592379.0,256694.0,33422.0
2020-05-19,202370.0,48516.0,41860.0,35546.0,151700.0,545150.0,292508.0,35814.0
2020-05-20,214461.0,52498.0,46239.0,40019.0,175184.0,496558.0,331347.0,38839.0
2020-05-21,223781.0,56099.0,50153.0,43757.0,202652.0,448079.0,372186.0,40839.0
2020-05-22,230350.0,59203.0,53666.0,47657.0,232306.0,401812.0,414706.0,42520.0
2020-05-23,234064.0,61398.0,56869.0,51309.0,263591.0,358180.0,458565.0,43859.0
2020-05-24,234005.0,62761.0,59204.0,54334.0,297872.0,317697.0,502692.0,44127.0
2020-05-25,230657.0,63172.0,60767.0,57013.0,334065.0,280897.0,546323.0,43631.0
2020-05-26,223839.0,62883.0,61760.0,58895.0,371320.0,247816.0,589178.0,42855.0
2020-05-27,214300.0,61201.0,61958.0,60280.0,409456.0,218478.0,630556.0,41378.0
2020-05-28,203768.0,59077.0,60814.0,60883.0,448193.0,192670.0,669812.0,39256.0
2020-05-29,190916.0,56858.0,59289.0,60586.0,488711.0,170792.0,707269.0,37457.0
2020-05-30,178190.0,53620.0,57274.0,59484.0,526590.0,151207.0,742192.0,34923.0
2020-05-31,165014.0,50322.0,54703.0,57691.0,565079.0,135209.0,774818.0,32626.0
2020-06-01,151423.0,46774.0,51529.0,55213.0,599661.0,121447.0,804687.0,29869.0
2020-06-02,137829.0,43305.0,48732.0,52380.0,635127.0,110479.0,832118.0,27431.0
2020-06-03,124509.0,39489.0,44930.0,49211.0,667724.0,101080.0,857184.0,25066.0
2020-06-04,111960.0,35997.0,41475.0,46464.0,699851.0,92880.0,879746.0,22562.0
2020-06-05,100364.0,32776.0,37900.0,43094.0,727130.0,85527.0,900108.0,20362.0
2020-06-06,89940.0,29671.0,34387.0,39748.0,753662.0,80242.0,918398.0,18290.0
2020-06-07,80629.0,26664.0,31441.0,36215.0,778753.0,75427.0,934724.0,16326.0
2020-06-08,71688.0,23677.0,28176.0,33236.0,800410.0,70929.0,949309.0,14585.0
2020-06-09,63564.0,21081.0,25510.0,30138.0,820416.0,67247.0,962290.0,12981.0
2020-06-10,56273.0,18674.0,22822.0,27165.0,839204.0,63598.0,973655.0,11365.0
2020-06-11,49784.0,16599.0,20530.0,24267.0,855424.0,61106.0,983836.0,10181.0
2020-06-12,43742.0,14877.0,18257.0,21937.0,870143.0,58804.0,992899.0,9063.0
2020-06-13,39035.0,13206.0,16303.0,19570.0,882093.0,57045.0,1000700.0,7801.0
2020-06-14,34287.0,11793.0,14460.0,17343.0,894408.0,55655.0,1007724.0,7024.0
2020-06-15,30202.0,10345.0,12742.0,15641.0,905165.0,54231.0,1013872.0,6148.0
2020-06-16,26648.0,9201.0,11314.0,13779.0,914499.0,53179.0,1019380.0,5508.0
2020-06-17,23460.0,8109.0,10070.0,12269.0,923451.0,51986.0,1024185.0,4805.0
2020-06-18,20827.0,7086.0,8833.0,10879.0,931220.0,51268.0,1028345.0,4160.0
2020-06-19,18233.0,6246.0,7776.0,9559.0,937536.0,50424.0,1032100.0,3755.0
2020-06-20,15871.0,5596.0,6893.0,8349.0,942388.0,49569.0,1035548.0,3448.0
2020-06-21,14041.0,4759.0,6100.0,7395.0,946385.0,48989.0,1038425.0,2877.0
2020-06-22,12174.0,4206.0,5246.0,6587.0,950033.0,48584.0,1040934.0,2509.0
2020-06-23,10693.0,3738.0,4582.0,5775.0,954421.0,48196.0,1043205.0,2271.0
2020-06-24,9379.0,3214.0,4122.0,5100.0,958187.0,47999.0,1045114.0,1909.0
2020-06-25,8304.0,2826.0,3561.0,4658.0,962262.0,47578.0,1046762.0,1648.0
2020-06-26,7186.0,2486.0,3079.0,3934.0,964515.0,47362.0,1048202.0,1440.0
2020-06-27,6257.0,2081.0,2795.0,3497.0,967655.0,46811.0,1049480.0,1278.0
2020-06-28,5474.0,1903.0,2379.0,3052.0,969186.0,46686.0,1050628.0,1148.0
2020-06-29,4753.0,1614.0,2058.0,2660.0,970732.0,46404.0,1051595.0,967.0
2020-06-30,4187.0,1480.0,1838.0,2259.0,972618.0,46174.0,1052472.0,877.0
2020-07-01,3671.0,1300.0,1570.0,2027.0,975450.0,46216.0,1053239.0,767.0
2020-07-02,3233.0,1147.0,1324.0,1800.0,976899.0,46333.0,1053872.0,633.0
2020-07-03,2774.0,970.0,1217.0,1521.0,976931.0,46161.0,1054456.0,584.0
2020-07-04,2423.0,806.0,1046.0,1320.0,978071.0,45865.0,1054938.0,482.0
2020-07-05,2101.0,703.0,941.0,1133.0,978605.0,45787.0,1055349.0,411.0
2020-07-06,1838.0,603.0,829.0,971.0,978556.0,45772.0,1055716.0,367.0
