time,E,I1,I2,I3,R,S,cumI,diffI
2020-03-06,0.0,2.0,1.0,0.0,0.0,970320.0,0.0,0.0
2020-03-07,2.0,1.0,0.0,1.0,1.0,973143.0,0.0,0.0
2020-03-08,2.0,0.0,0.0,1.0,0.0,979658.0,0.0,0.0
2020-03-09,3.0,0.0,0.0,1.0,0.0,986958.0,0.0,0.0
2020-03-10,2.0,0.0,0.0,0.0,1.0,992256.0,0.0,0.0
2020-03-11,1.0,0.0,0.0,0.0,1.0,996841.0,0.0,0.0
2020-03-12,1.0,0.0,0.0,0.0,1.0,999714.0,0.0,0.0
2020-03-13,1.0,0.0,0.0,0.0,1.0,1002904.0,0.0,0.0
2020-03-14,1.0,0.0,0.0,0.0,0.0,1005147.0,0.0,0.0
2020-03-15,0.0,0.0,0.0,0.0,0.0,1006784.0,0.0,0.0
2020-03-16,0.0,0.0,0.0,0.0,0.0,1007632.0,0.0,0.0
2020-03-17,2.0,0.0,0.0,1.0,2.0,1009270.0,0.0,0.0
2020-03-18,3.0,0.0,0.0,0.0,3.0,1010281.0,0.0,0.0
2020-03-19,4.0,0.0,1.0,0.0,3.0,1011490.0,0.0,0.0
2020-03-20,6.0,0.0,0.0,0.0,4.0,1011561.0,0.0,0.0
2020-03-21,6.0,0.0,3.0,0.0,5.0,1012646.0,3.0,3.0
2020-03-22,6.0,1.0,0.0,1.0,4.0,1011541.0,4.0,1.0
2020-03-23,7.0,0.0,2.0,0.0,5.0,1012394.0,4.0,0.0
2020-03-24,11.0,1.0,2.0,1.0,5.0,1011713.0,4.0,0.0
2020-03-25,10.0,3.0,2.0,2.0,5.0,1010768.0,7.0,3.0
2020-03-26,11.0,3.0,5.0,1.0,6.0,1011684.0,10.0,3.0
2020-03-27,10.0,1.0,4.0,2.0,5.0,1013384.0,14.0,4.0
2020-03-28,17.0,2.0,3.0,4.0,7.0,1013444.0,17.0,3.0
2020-03-29,12.0,4.0,3.0,5.0,7.0,1014885.0,22.0,5.0
2020-03-30,12.0,3.0,4.0,4.0,10.0,1014994.0,24.0,2.0
2020-03-31,22.0,4.0,1.0,4.0,16.0,1015949.0,26.0,2.0
2020-04-01,18.0,6.0,2.0,3.0,19.0,1016353.0,33.0,7.0
2020-04-02,27.0,7.0,5.0,7.0,21.0,1016445.0,37.0,4.0
2020-04-03,45.0,7.0,6.0,6.0,21.0,1016723.0,40.0,3.0
2020-04-04,45.0,13.0,8.0,5.0,22.0,1016752.0,50.0,10.0
2020-04-05,60.0,13.0,9.0,8.0,24.0,1016795.0,58.0,8.0
2020-04-06,65.0,10.0,14.0,6.0,21.0,1016636.0,68.0,10.0
2020-04-07,88.0,12.0,9.0,11.0,33.0,1016677.0,79.0,11.0
2020-04-08,102.0,20.0,16.0,16.0,46.0,1016715.0,99.0,20.0
2020-04-09,109.0,26.0,14.0,17.0,46.0,1016704.0,120.0,21.0
2020-04-10,128.0,35.0,19.0,6.0,61.0,1017209.0,141.0,21.0
2020-04-11,150.0,32.0,23.0,11.0,70.0,1017112.0,167.0,26.0
2020-04-12,207.0,35.0,28.0,29.0,83.0,1017598.0,195.0,28.0
2020-04-13,225.0,49.0,32.0,32.0,84.0,1017955.0,235.0,40.0
2020-04-14,270.0,56.0,46.0,30.0,110.0,1017550.0,287.0,52.0
2020-04-15,349.0,64.0,66.0,41.0,138.0,1018761.0,344.0,57.0
2020-04-16,401.0,90.0,68.0,46.0,163.0,1017911.0,422.0,78.0
2020-04-17,512.0,128.0,79.0,64.0,197.0,1017864.0,524.0,102.0
2020-04-18,651.0,130.0,99.0,86.0,241.0,1016895.0,625.0,101.0
2020-04-19,773.0,151.0,126.0,94.0,281.0,1016904.0,746.0,121.0
2020-04-20,937.0,184.0,174.0,111.0,378.0,1016892.0,902.0,156.0
2020-04-21,1099.0,247.0,179.0,147.0,459.0,1016596.0,1099.0,197.0
2020-04-22,1311.0,292.0,220.0,178.0,532.0,1017256.0,1323.0,224.0
2020-04-23,1581.0,347.0,297.0,188.0,682.0,1015143.0,1601.0,278.0
2020-04-24,1895.0,397.0,362.0,216.0,838.0,1015944.0,1947.0,346.0
2020-04-25,2240.0,483.0,382.0,264.0,955.0,1015702.0,2282.0,335.0
2020-04-26,2718.0,537.0,485.0,326.0,1182.0,1014674.0,2740.0,458.0
2020-04-27,3333.0,669.0,522.0,450.0,1358.0,1013504.0,3297.0,557.0
2020-04-28,3967.0,862.0,637.0,515.0,1703.0,1013372.0,4005.0,708.0
2020-04-29,4772.0,980.0,833.0,590.0,2015.0,1012138.0,4818.0,813.0
2020-04-30,5737.0,1192.0,920.0,724.0,2433.0,1010463.0,5735.0,917.0
2020-05-01,6684.0,1412.0,1128.0,861.0,2968.0,1008462.0,6864.0,1129.0
2020-05-02,8138.0,1684.0,1393.0,1015.0,3580.0,1004824.0,8233.0,1369.0
2020-05-03,9739.0,2126.0,1615.0,1276.0,4261.0,1002351.0,9892.0,1659.0
2020-05-04,11670.0,2525.0,1901.0,1503.0,5219.0,999181.0,11888.0,1996.0
2020-05-05,14080.0,2997.0,2262.0,1840.0,6285.0,994454.0,14239.0,2351.0
2020-05-06,16795.0,3571.0,2775.0,2157.0,7504.0,988892.0,17043.0,2804.0
2020-05-07,20147.0,4323.0,3246.0,2547.0,8943.0,982988.0,20442.0,3399.0
2020-05-08,24089.0,5154.0,3974.0,3082.0,10772.0,974379.0,24500.0,4058.0
2020-05-09,28935.0,6257.0,4789.0,3734.0,12967.0,965459.0,29446.0,4946.0
2020-05-10,34556.0,7423.0,5772.0,4506.0,15573.0,954690.0,35185.0,5739.0
2020-05-11,40900.0,8796.0,6818.0,5457.0,18648.0,942051.0,42021.0,6836.0
2020-05-12,48395.0,10558.0,8157.0,6456.0,22477.0,925411.0,50251.0,8230.0
2020-05-13,57343.0,12541.0,9792.0,7455.0,27006.0,907454.0,59963.0,9712.0
2020-05-14,67607.0,14604.0,11600.0,8988.0,32505.0,887256.0,71345.0,11382.0
2020-05-15,78582.0,17065.0,13632.0,10711.0,38751.0,864307.0,84730.0,13385.0
2020-05-16,91284.0,20072.0,16121.0,12658.0,46003.0,837464.0,100354.0,15624.0
2020-05-17,105279.0,23358.0,18853.0,14851.0,54936.0,805583.0,118505.0,18151.0
2020-05-18,119547.0,26845.0,21921.0,17454.0,65973.0,772387.0,139193.0,20688.0
2020-05-19,135187.0,30835.0,25243.0,20311.0,78056.0,734123.0,162730.0,23537.0
2020-05-20,151625.0,34704.0,28984.0,23350.0,92016.0,692898.0,189086.0,26356.0
2020-05-21,168286.0,39458.0,32353.0,27066.0,108021.0,648718.0,218941.0,29855.0
2020-05-22,184624.0,43785.0,36829.0,30541.0,126763.0,601686.0,251585.0,32644.0
2020-05-23,199248.0,48258.0,41077.0,34755.0,147914.0,555253.0,287060.0,35475.0
2020-05-24,212446.0,52421.0,45381.0,38863.0,171514.0,505585.0,325592.0,38532.0
2020-05-25,222688.0,55105.0,49843.0,43009.0,197480.0,457528.0,365716.0,40124.0
2020-05-26,229622.0,58541.0,53066.0,46567.0,226394.0,410730.0,407855.0,42139.0
2020-05-27,233051.0,60906.0,56238.0,50497.0,258088.0,366881.0,451300.0,43445.0
2020-05-28,233684.0,62424.0,58731.0,54328.0,291126.0,324713.0,494819.0,43519.0
2020-05-29,231544.0,62680.0,60685.0,56707.0,326641.0,285761.0,538390.0,43571.0
2020-05-30,225531.0,62601.0,61074.0,58888.0,363780.0,252318.0,581443.0,43053.0
2020-05-31,216459.0,61640.0,61497.0,59978.0,402901.0,223008.0,623318.0,41875.0
2020-06-01,205773.0,59658.0,61133.0,60572.0,441572.0,196507.0,663356.0,40038.0
2020-06-02,193600.0,56907.0,59472.0,60519.0,482862.0,173678.0,701188.0,37832.0
2020-06-03,180478.0,54293.0,57929.0,59430.0,520835.0,153993.0,736831.0,35643.0
2020-06-04,167006.0,50997.0,54729.0,58412.0,558367.0,137894.0,769626.0,32795.0
2020-06-05,152968.0,47426.0,51746.0,55692.0,595081.0,123521.0,800083.0,30457.0
2020-06-06,138885.0,43971.0,48541.0,53016.0,629643.0,111511.0,828103.0,28020.0
2020-06-07,125774.0,40213.0,45538.0,49608.0,663484.0,101519.0,853371.0,25268.0
2020-06-08,113507.0,36579.0,41352.0,46733.0,694230.0,93359.0,876101.0,22730.0
2020-06-09,102234.0,32996.0,38093.0,43396.0,723518.0,86077.0,896569.0,20468.0
2020-06-10,91565.0,29760.0,34772.0,39870.0,750474.0,80093.0,914959.0,18390.0
2020-06-11,81599.0,26934.0,31717.0,36591.0,775593.0,75242.0,931574.0,16615.0
2020-06-12,72308.0,24011.0,28606.0,33423.0,797352.0,71191.0,946120.0,14546.0
2020-06-13,64291.0,21311.0,25810.0,30386.0,817812.0,67142.0,959114.0,12994.0
2020-06-14,56992.0,19047.0,23178.0,27314.0,835129.0,64251.0,970787.0,11673.0
2020-06-15,50547.0,17233.0,20631.0,24481.0,851388.0,61411.0,981083.0,10296.0
2020-06-16,44824.0,15125.0,18440.0,22249.0,865461.0,59103.0,990136.0,9053.0
2020-06-17,39519.0,13408.0,16438.0,19911.0,878854.0,57154.0,998216.0,8080.0
2020-06-18,34883.0,11802.0,14598.0,17709.0,891197.0,55359.0,1005297.0,7081.0
2020-06-19,30701.0,10540.0,12883.0,15481.0,902506.0,54333.0,1011468.0,6171.0
2020-06-20,27023.0,9134.0,11424.0,13832.0,913014.0,53226.0,1016943.0,5475.0
2020-06-21,23742.0,8140.0,10256.0,12089.0,921953.0,52107.0,1021839.0,4896.0
2020-06-22,21000.0,7117.0,8917.0,10684.0,929681.0,51088.0,1026097.0,4258.0
2020-06-23,18510.0,6257.0,7854.0,9476.0,934592.0,50555.0,1029867.0,3770.0
2020-06-24,16194.0,5604.0,6856.0,8385.0,940124.0,49819.0,1033189.0,3322.0
2020-06-25,14079.0,4843.0,6078.0,7317.0,945333.0,49315.0,1036077.0,2888.0
2020-06-26,12348.0,4331.0,5328.0,6595.0,950414.0,48626.0,1038571.0,2494.0
2020-06-27,10903.0,3702.0,4782.0,5958.0,955578.0,48317.0,1040810.0,2239.0
2020-06-28,9623.0,3186.0,4181.0,5174.0,958818.0,47912.0,1042695.0,1885.0
2020-06-29,8361.0,2866.0,3641.0,4517.0,961906.0,47694.0,1044428.0,1733.0
2020-06-30,7427.0,2466.0,3221.0,4047.0,962860.0,47233.0,1045903.0,1475.0
2020-07-01,6462.0,2139.0,2729.0,3534.0,964819.0,46959.0,1047175.0,1272.0
2020-07-02,5655.0,1887.0,2377.0,3087.0,967036.0,46928.0,1048290.0,1115.0
2020-07-03,4961.0,1678.0,2062.0,2654.0,969596.0,47153.0,1049299.0,1009.0
2020-07-04,4293.0,1440.0,1908.0,2305.0,970885.0,46924.0,1050158.0,859.0
2020-07-05,3807.0,1266.0,1638.0,2000.0,971352.0,46676.0,1050920.0,762.0
2020-07-06,3312.0,1112.0,1444.0,1820.0,973907.0,46333.0,1051591.0,671.0
