time,E,I1,I2,I3,R,S,cumI,diffI
2020-03-06,0.0,2.0,0.0,0.0,0.0,970504.0,0.0,0.0
2020-03-07,0.0,0.0,0.0,0.0,0.0,973224.0,0.0,0.0
2020-03-08,0.0,0.0,0.0,0.0,0.0,979720.0,0.0,0.0
2020-03-09,0.0,0.0,0.0,0.0,0.0,987348.0,0.0,0.0
2020-03-10,0.0,0.0,0.0,0.0,0.0,993068.0,0.0,0.0
2020-03-11,0.0,0.0,0.0,0.0,0.0,997205.0,0.0,0.0
2020-03-12,0.0,0.0,0.0,1.0,0.0,1000525.0,0.0,0.0
2020-03-13,1.0,0.0,0.0,1.0,0.0,1003296.0,0.0,0.0
2020-03-14,2.0,1.0,0.0,1.0,0.0,1004618.0,1.0,1.0
2020-03-15,3.0,0.0,0.0,0.0,2.0,1006032.0,1.0,0.0
2020-03-16,0.0,0.0,0.0,0.0,3.0,1006393.0,1.0,0.0
2020-03-17,3.0,0.0,0.0,0.0,3.0,1007971.0,1.0,0.0
2020-03-18,2.0,0.0,0.0,0.0,2.0,1010117.0,1.0,0.0
2020-03-19,3.0,0.0,0.0,0.0,2.0,1011569.0,1.0,0.0
2020-03-20,4.0,1.0,0.0,0.0,2.0,1011855.0,2.0,1.0
2020-03-21,5.0,1.0,2.0,0.0,1.0,1012504.0,3.0,1.0
2020-03-22,3.0,2.0,2.0,0.0,1.0,1011951.0,4.0,1.0
2020-03-23,11.0,0.0,2.0,2.0,2.0,1011965.0,4.0,0.0
2020-03-24,12.0,0.0,1.0,0.0,6.0,1012500.0,4.0,0.0
2020-03-25,8.0,2.0,0.0,1.0,5.0,1012239.0,6.0,2.0
2020-03-26,12.0,1.0,1.0,1.0,5.0,1012324.0,7.0,1.0
2020-03-27,9.0,2.0,2.0,1.0,4.0,1014104.0,9.0,2.0
2020-03-28,13.0,3.0,1.0,1.0,4.0,1015002.0,10.0,1.0
2020-03-29,13.0,1.0,1.0,2.0,5.0,1016788.0,11.0,1.0
2020-03-30,10.0,2.0,2.0,0.0,4.0,1015980.0,15.0,4.0
2020-03-31,10.0,1.0,3.0,0.0,6.0,1015674.0,17.0,2.0
2020-04-01,18.0,4.0,2.0,2.0,8.0,1014427.0,19.0,2.0
2020-04-02,18.0,10.0,2.0,1.0,8.0,1014611.0,26.0,7.0
2020-04-03,22.0,7.0,6.0,2.0,9.0,1016483.0,29.0,3.0
2020-04-04,27.0,8.0,5.0,6.0,18.0,1017073.0,35.0,6.0
2020-04-05,29.0,5.0,6.0,3.0,15.0,1016601.0,38.0,3.0
2020-04-06,28.0,6.0,6.0,5.0,27.0,1017912.0,44.0,6.0
2020-04-07,45.0,9.0,12.0,7.0,36.0,1017722.0,52.0,8.0
2020-04-08,67.0,19.0,10.0,7.0,41.0,1016191.0,68.0,16.0
2020-04-09,89.0,21.0,18.0,13.0,41.0,1017586.0,82.0,14.0
2020-04-10,97.0,27.0,11.0,20.0,56.0,1017093.0,104.0,22.0
2020-04-11,145.0,16.0,23.0,14.0,58.0,1018629.0,115.0,11.0
2020-04-12,179.0,33.0,22.0,25.0,68.0,1017458.0,141.0,26.0
2020-04-13,197.0,47.0,27.0,22.0,86.0,1019430.0,178.0,37.0
2020-04-14,263.0,48.0,37.0,32.0,109.0,1019095.0,211.0,33.0
2020-04-15,311.0,71.0,44.0,39.0,126.0,1019084.0,265.0,54.0
2020-04-16,359.0,76.0,57.0,43.0,157.0,1018508.0,319.0,54.0
2020-04-17,456.0,91.0,78.0,40.0,208.0,1018824.0,392.0,73.0
2020-04-18,538.0,102.0,79.0,66.0,240.0,1018751.0,477.0,85.0
2020-04-19,617.0,120.0,119.0,69.0,279.0,1017930.0,583.0,106.0
2020-04-20,740.0,162.0,128.0,93.0,343.0,1018414.0,715.0,132.0
2020-04-21,942.0,190.0,152.0,124.0,398.0,1019111.0,868.0,153.0
2020-04-22,1153.0,226.0,165.0,155.0,472.0,1019379.0,1052.0,184.0
2020-04-23,1352.0,301.0,230.0,165.0,583.0,1018872.0,1279.0,227.0
2020-04-24,1676.0,313.0,294.0,195.0,723.0,1019157.0,1504.0,225.0
2020-04-25,2003.0,409.0,331.0,241.0,866.0,1017201.0,1849.0,345.0
2020-04-26,2492.0,523.0,416.0,317.0,1018.0,1016561.0,2266.0,417.0
2020-04-27,3139.0,613.0,500.0,406.0,1208.0,1014704.0,2769.0,503.0
2020-04-28,3672.0,746.0,557.0,490.0,1457.0,1014993.0,3375.0,606.0
2020-04-29,4357.0,955.0,709.0,543.0,1788.0,1013067.0,4136.0,761.0
2020-04-30,5270.0,1148.0,866.0,668.0,2159.0,1012385.0,5000.0,864.0
2020-05-01,6318.0,1352.0,1030.0,837.0,2692.0,1009890.0,6024.0,1024.0
2020-05-02,7637.0,1632.0,1260.0,965.0,3304.0,1006999.0,7274.0,1250.0
2020-05-03,9470.0,1891.0,1498.0,1162.0,3973.0,1004338.0,8781.0,1507.0
2020-05-04,11174.0,2307.0,1891.0,1407.0,4805.0,1000416.0,10617.0,1836.0
2020-05-05,13481.0,2769.0,2191.0,1700.0,5782.0,995439.0,12744.0,2127.0
2020-05-06,16088.0,3360.0,2564.0,2018.0,6964.0,990592.0,15338.0,2594.0
2020-05-07,19397.0,4073.0,3030.0,2461.0,8391.0,985577.0,18463.0,3125.0
2020-05-08,23053.0,4853.0,3734.0,2877.0,10200.0,977855.0,22230.0,3767.0
2020-05-09,27614.0,5857.0,4462.0,3489.0,12169.0,967056.0,26757.0,4527.0
2020-05-10,33234.0,7136.0,5454.0,4302.0,14745.0,957046.0,32387.0,5630.0
2020-05-11,39921.0,8482.0,6652.0,5293.0,17945.0,944061.0,38987.0,6600.0
2020-05-12,47628.0,10295.0,8003.0,6317.0,21688.0,929313.0,47053.0,8066.0
2020-05-13,55965.0,12205.0,9588.0,7468.0,26150.0,912064.0,56549.0,9496.0
2020-05-14,66219.0,14173.0,11360.0,8840.0,31632.0,890726.0,67468.0,10919.0
2020-05-15,77254.0,16685.0,13455.0,10578.0,37975.0,867444.0,80517.0,13049.0
2020-05-16,89828.0,19735.0,15799.0,12519.0,45279.0,840288.0,95985.0,15468.0
2020-05-17,103814.0,22884.0,18418.0,14782.0,54005.0,810000.0,113637.0,17652.0
2020-05-18,118678.0,26316.0,21749.0,17187.0,64224.0,775954.0,133862.0,20225.0
2020-05-19,134504.0,30657.0,25060.0,20321.0,76528.0,737487.0,157204.0,23342.0
2020-05-20,151681.0,34401.0,28874.0,23553.0,90860.0,695583.0,183252.0,26048.0
2020-05-21,167914.0,39142.0,32584.0,27084.0,107249.0,650626.0,212858.0,29606.0
2020-05-22,184330.0,43464.0,36815.0,30983.0,125588.0,603346.0,245587.0,32729.0
2020-05-23,200169.0,47463.0,41073.0,34938.0,146571.0,555131.0,280643.0,35056.0
2020-05-24,212486.0,51764.0,45209.0,38918.0,170819.0,505587.0,318708.0,38065.0
2020-05-25,223261.0,55841.0,49312.0,43113.0,197956.0,456470.0,359314.0,40606.0
2020-05-26,230327.0,59130.0,52799.0,47318.0,227474.0,408838.0,402016.0,42702.0
2020-05-27,234270.0,61229.0,56659.0,50774.0,259083.0,363413.0,445560.0,43544.0
2020-05-28,234827.0,62635.0,59346.0,54346.0,293806.0,320741.0,489378.0,43818.0
2020-05-29,232121.0,63274.0,60863.0,57256.0,329525.0,282258.0,533518.0,44140.0
2020-05-30,225305.0,62907.0,62015.0,58954.0,367749.0,248223.0,576512.0,42994.0
2020-05-31,216230.0,61674.0,61850.0,60427.0,406519.0,217905.0,618027.0,41515.0
2020-06-01,205432.0,59460.0,61396.0,61069.0,445928.0,191180.0,657766.0,39739.0
2020-06-02,192551.0,56599.0,60313.0,60599.0,486247.0,168481.0,695472.0,37706.0
2020-06-03,178951.0,53552.0,57868.0,59638.0,526209.0,149321.0,730588.0,35116.0
2020-06-04,164858.0,50385.0,54629.0,57825.0,564813.0,132686.0,763209.0,32621.0
2020-06-05,150883.0,46801.0,51526.0,55426.0,602534.0,118784.0,793187.0,29978.0
2020-06-06,136821.0,43139.0,47957.0,52509.0,638121.0,107524.0,820704.0,27517.0
2020-06-07,123634.0,39357.0,44526.0,49305.0,671677.0,97505.0,845171.0,24467.0
2020-06-08,110932.0,35780.0,40995.0,46063.0,702790.0,89215.0,867387.0,22216.0
2020-06-09,99112.0,32367.0,37726.0,42557.0,732117.0,82380.0,887430.0,20043.0
2020-06-10,88351.0,29146.0,34205.0,39554.0,758738.0,76785.0,905432.0,18002.0
2020-06-11,78661.0,26126.0,30742.0,35906.0,782900.0,71913.0,921325.0,15893.0
2020-06-12,70083.0,23059.0,27445.0,32561.0,805916.0,67766.0,935423.0,14098.0
2020-06-13,61609.0,20685.0,24869.0,29311.0,826974.0,64294.0,948179.0,12756.0
2020-06-14,54423.0,18023.0,22168.0,26458.0,844882.0,60868.0,959034.0,10855.0
2020-06-15,47706.0,16006.0,19521.0,23495.0,862073.0,58735.0,968786.0,9752.0
2020-06-16,41830.0,14274.0,17211.0,21073.0,875234.0,56527.0,977324.0,8538.0
2020-06-17,36794.0,12617.0,15492.0,18700.0,887907.0,54584.0,984922.0,7598.0
2020-06-18,32331.0,10869.0,13653.0,16498.0,899996.0,53003.0,991478.0,6556.0
2020-06-19,28118.0,9480.0,11821.0,14777.0,910097.0,51868.0,997222.0,5744.0
2020-06-20,24520.0,8253.0,10501.0,12978.0,918384.0,50530.0,1002197.0,4975.0
2020-06-21,21417.0,7286.0,9129.0,11433.0,926595.0,49398.0,1006545.0,4348.0
2020-06-22,18739.0,6502.0,7902.0,9930.0,934629.0,48726.0,1010409.0,3864.0
2020-06-23,16361.0,5782.0,7058.0,8729.0,940270.0,47875.0,1013841.0,3432.0
2020-06-24,14298.0,5014.0,6121.0,7639.0,946244.0,47062.0,1016765.0,2924.0
2020-06-25,12452.0,4415.0,5412.0,6799.0,951863.0,46531.0,1019313.0,2548.0
2020-06-26,11022.0,3730.0,4822.0,5821.0,956449.0,46065.0,1021546.0,2233.0
2020-06-27,9639.0,3254.0,4102.0,5199.0,960483.0,45756.0,1023479.0,1933.0
2020-06-28,8441.0,2887.0,3621.0,4505.0,962550.0,45613.0,1025165.0,1686.0
2020-06-29,7347.0,2533.0,3146.0,3954.0,967042.0,45502.0,1026675.0,1510.0
2020-06-30,6515.0,2132.0,2747.0,3543.0,968895.0,45256.0,1027906.0,1231.0
2020-07-01,5605.0,1931.0,2369.0,3058.0,970113.0,45136.0,1029049.0,1143.0
2020-07-02,4841.0,1689.0,2113.0,2613.0,971528.0,45184.0,1030064.0,1015.0
2020-07-03,4263.0,1439.0,1821.0,2308.0,973838.0,44871.0,1030904.0,840.0
2020-07-04,3770.0,1290.0,1563.0,1988.0,975548.0,44755.0,1031679.0,775.0
2020-07-05,3249.0,1141.0,1361.0,1772.0,976216.0,44593.0,1032354.0,675.0
2020-07-06,2775.0,908.0,1195.0,1569.0,977346.0,44636.0,1032910.0,556.0
