time,E,I1,I2,I3,R,S,cumI,diffI
2020-03-06,0.0,3.0,0.0,0.0,0.0,971067.0,0.0,0.0
2020-03-07,2.0,2.0,0.0,0.0,1.0,973278.0,0.0,0.0
2020-03-08,2.0,1.0,0.0,0.0,1.0,981328.0,0.0,0.0
2020-03-09,2.0,1.0,0.0,0.0,1.0,988046.0,0.0,0.0
2020-03-10,1.0,1.0,0.0,1.0,1.0,992843.0,0.0,0.0
2020-03-11,1.0,0.0,1.0,0.0,2.0,996147.0,0.0,0.0
2020-03-12,1.0,0.0,1.0,0.0,1.0,1000315.0,0.0,0.0
2020-03-13,2.0,0.0,1.0,0.0,1.0,1002588.0,0.0,0.0
2020-03-14,5.0,0.0,0.0,1.0,1.0,1005839.0,0.0,0.0
2020-03-15,6.0,0.0,0.0,0.0,2.0,1006974.0,0.0,0.0
2020-03-16,5.0,0.0,0.0,0.0,1.0,1007590.0,0.0,0.0
2020-03-17,1.0,0.0,0.0,0.0,0.0,1009755.0,0.0,0.0
2020-03-18,1.0,0.0,0.0,0.0,0.0,1010214.0,0.0,0.0
2020-03-19,2.0,0.0,0.0,1.0,0.0,1010634.0,0.0,0.0
2020-03-20,3.0,0.0,0.0,0.0,2.0,1011269.0,0.0,0.0
2020-03-21,2.0,1.0,0.0,0.0,1.0,1012581.0,0.0,0.0
2020-03-22,1.0,1.0,0.0,0.0,1.0,1013359.0,0.0,0.0
2020-03-23,0.0,0.0,0.0,0.0,2.0,1014556.0,0.0,0.0
2020-03-24,5.0,0.0,0.0,0.0,3.0,1013406.0,0.0,0.0
2020-03-25,3.0,2.0,1.0,1.0,2.0,1013348.0,1.0,1.0
2020-03-26,11.0,2.0,2.0,1.0,3.0,1013332.0,2.0,1.0
2020-03-27,13.0,0.0,3.0,1.0,5.0,1013680.0,2.0,0.0
2020-03-28,14.0,5.0,3.0,1.0,6.0,1014470.0,6.0,4.0
2020-03-29,21.0,4.0,4.0,2.0,6.0,1013512.0,8.0,2.0
2020-03-30,22.0,2.0,8.0,1.0,7.0,1014641.0,12.0,4.0
2020-03-31,28.0,4.0,6.0,6.0,6.0,1013606.0,17.0,5.0
2020-04-01,31.0,7.0,4.0,5.0,10.0,1014469.0,21.0,4.0
2020-04-02,28.0,5.0,11.0,2.0,11.0,1015285.0,28.0,7.0
2020-04-03,38.0,3.0,5.0,8.0,18.0,1016489.0,32.0,4.0
2020-04-04,36.0,7.0,7.0,7.0,25.0,1015284.0,38.0,6.0
2020-04-05,41.0,7.0,11.0,6.0,24.0,1015134.0,48.0,10.0
2020-04-06,63.0,8.0,5.0,8.0,23.0,1015844.0,52.0,4.0
2020-04-07,68.0,14.0,11.0,8.0,27.0,1015921.0,67.0,15.0
2020-04-08,75.0,22.0,6.0,14.0,35.0,1016276.0,79.0,12.0
2020-04-09,93.0,31.0,13.0,6.0,41.0,1017754.0,98.0,19.0
2020-04-10,119.0,25.0,18.0,19.0,55.0,1018430.0,108.0,10.0
2020-04-11,152.0,25.0,26.0,15.0,67.0,1018043.0,130.0,22.0
2020-04-12,163.0,39.0,25.0,23.0,77.0,1017828.0,167.0,37.0
2020-04-13,218.0,43.0,36.0,22.0,87.0,1017989.0,198.0,31.0
2020-04-14,249.0,43.0,42.0,29.0,89.0,1018350.0,239.0,41.0
2020-04-15,312.0,51.0,57.0,44.0,108.0,1019311.0,285.0,46.0
2020-04-16,373.0,60.0,62.0,39.0,149.0,1018884.0,339.0,54.0
2020-04-17,461.0,110.0,53.0,54.0,194.0,1019604.0,418.0,79.0
2020-04-18,551.0,108.0,83.0,61.0,234.0,1019694.0,510.0,92.0
2020-04-19,634.0,141.0,96.0,85.0,279.0,1018707.0,622.0,112.0
2020-04-20,782.0,169.0,137.0,109.0,332.0,1018011.0,747.0,125.0
2020-04-21,957.0,202.0,150.0,121.0,400.0,1017213.0,908.0,161.0
2020-04-22,1124.0,251.0,182.0,161.0,486.0,1017527.0,1108.0,200.0
2020-04-23,1353.0,288.0,214.0,192.0,581.0,1017318.0,1335.0,227.0
2020-04-24,1653.0,354.0,290.0,210.0,715.0,1016870.0,1630.0,295.0
2020-04-25,2075.0,423.0,302.0,285.0,922.0,1017436.0,1943.0,313.0
2020-04-26,2438.0,524.0,392.0,300.0,1093.0,1017562.0,2368.0,425.0
2020-04-27,2989.0,614.0,465.0,369.0,1344.0,1017251.0,2832.0,464.0
2020-04-28,3596.0,760.0,549.0,460.0,1529.0,1016646.0,3409.0,577.0
2020-04-29,4356.0,938.0,684.0,496.0,1863.0,1014665.0,4158.0,749.0
2020-04-30,5185.0,1126.0,866.0,645.0,2193.0,1012132.0,5038.0,880.0
2020-05-01,6330.0,1322.0,1060.0,777.0,2644.0,1008850.0,6088.0,1050.0
2020-05-02,7696.0,1612.0,1225.0,993.0,3162.0,1006713.0,7397.0,1309.0
2020-05-03,9224.0,1916.0,1521.0,1147.0,3854.0,1004201.0,8939.0,1542.0
2020-05-04,11075.0,2411.0,1768.0,1409.0,4621.0,1002585.0,10783.0,1844.0
2020-05-05,13141.0,2773.0,2153.0,1713.0,5565.0,997809.0,12974.0,2191.0
2020-05-06,15749.0,3390.0,2537.0,2052.0,6816.0,993066.0,15609.0,2635.0
2020-05-07,18888.0,3994.0,3162.0,2419.0,8099.0,987974.0,18783.0,3174.0
2020-05-08,22652.0,4867.0,3754.0,2868.0,9799.0,981067.0,22576.0,3793.0
2020-05-09,27148.0,5685.0,4484.0,3532.0,11797.0,972013.0,27090.0,4514.0
2020-05-10,32244.0,6874.0,5428.0,4172.0,14154.0,962463.0,32509.0,5419.0
2020-05-11,38240.0,8247.0,6474.0,4947.0,17070.0,949129.0,38893.0,6384.0
2020-05-12,45167.0,9633.0,7472.0,5962.0,20441.0,933976.0,46320.0,7427.0
2020-05-13,53457.0,11458.0,8783.0,6978.0,24567.0,919375.0,55178.0,8858.0
2020-05-14,62750.0,13478.0,10521.0,8462.0,29641.0,899867.0,65833.0,10655.0
2020-05-15,73124.0,16180.0,12569.0,9862.0,35413.0,877153.0,78426.0,12593.0
2020-05-16,85002.0,18858.0,14777.0,11767.0,42423.0,851024.0,92900.0,14474.0
2020-05-17,98557.0,21912.0,17381.0,13886.0,50693.0,821952.0,109730.0,16830.0
2020-05-18,113038.0,25455.0,20513.0,16283.0,60140.0,789000.0,129353.0,19623.0
2020-05-19,128475.0,29063.0,23987.0,18914.0,71641.0,752516.0,151696.0,22343.0
2020-05-20,144654.0,33215.0,27631.0,22071.0,84507.0,712805.0,176878.0,25182.0
2020-05-21,161088.0,37242.0,31310.0,25427.0,99705.0,670542.0,205042.0,28164.0
2020-05-22,177283.0,41573.0,34786.0,29275.0,117093.0,624320.0,236091.0,31049.0
2020-05-23,192455.0,45931.0,39135.0,32759.0,136739.0,576591.0,270614.0,34523.0
2020-05-24,206195.0,49917.0,43525.0,36627.0,159713.0,528874.0,307826.0,37212.0
2020-05-25,217607.0,54185.0,47750.0,41034.0,184207.0,480079.0,347595.0,39769.0
2020-05-26,226256.0,57688.0,51709.0,45235.0,212155.0,433953.0,389462.0,41867.0
2020-05-27,232081.0,59850.0,55522.0,48925.0,242581.0,387866.0,432378.0,42916.0
2020-05-28,234135.0,62099.0,57223.0,52584.0,275448.0,344615.0,476209.0,43831.0
2020-05-29,233099.0,62839.0,59599.0,54984.0,310244.0,305656.0,519981.0,43772.0
2020-05-30,228926.0,62845.0,61780.0,57374.0,346198.0,269737.0,563545.0,43564.0
2020-05-31,221491.0,62089.0,62297.0,59485.0,383549.0,237133.0,606027.0,42482.0
2020-06-01,211783.0,60481.0,61864.0,60550.0,421944.0,208702.0,647025.0,40998.0
2020-06-02,200303.0,58560.0,60166.0,61060.0,461632.0,184265.0,686224.0,39199.0
2020-06-03,187725.0,56063.0,58710.0,59945.0,500246.0,163631.0,723276.0,37052.0
2020-06-04,174532.0,52858.0,56864.0,58346.0,538270.0,145671.0,757749.0,34473.0
2020-06-05,160550.0,49537.0,53865.0,56890.0,576908.0,129861.0,789553.0,31804.0
2020-06-06,146031.0,46012.0,50888.0,54205.0,611565.0,117376.0,818889.0,29336.0
2020-06-07,132937.0,41850.0,47760.0,51358.0,645091.0,106237.0,845563.0,26674.0
2020-06-08,120296.0,38685.0,44197.0,48625.0,677418.0,97369.0,869769.0,24206.0
2020-06-09,108173.0,35136.0,40616.0,45265.0,707874.0,90105.0,891565.0,21796.0
2020-06-10,97296.0,31730.0,37007.0,41960.0,735640.0,83532.0,911087.0,19522.0
2020-06-11,86968.0,28883.0,33450.0,38279.0,761224.0,78032.0,928778.0,17691.0
2020-06-12,77377.0,25570.0,30373.0,35032.0,785136.0,73395.0,944392.0,15614.0
2020-06-13,68680.0,22948.0,27173.0,31813.0,806453.0,69577.0,958447.0,14055.0
2020-06-14,61142.0,20242.0,24707.0,28770.0,825438.0,66416.0,970644.0,12197.0
2020-06-15,54228.0,17933.0,22063.0,26180.0,843823.0,63257.0,981562.0,10918.0
2020-06-16,47881.0,15913.0,19647.0,23466.0,860435.0,60575.0,991319.0,9757.0
2020-06-17,42496.0,14273.0,17426.0,21151.0,873185.0,58734.0,999806.0,8487.0
2020-06-18,37511.0,12788.0,15394.0,18911.0,885494.0,56726.0,1007457.0,7651.0
2020-06-19,32955.0,11087.0,13645.0,16700.0,895549.0,55517.0,1014071.0,6614.0
2020-06-20,29258.0,9930.0,12037.0,15009.0,906653.0,54011.0,1020005.0,5934.0
2020-06-21,25529.0,8812.0,10820.0,13198.0,915279.0,52716.0,1025183.0,5178.0
2020-06-22,22491.0,7665.0,9531.0,11837.0,922688.0,51754.0,1029766.0,4583.0
2020-06-23,19765.0,6674.0,8540.0,10426.0,930666.0,50831.0,1033765.0,3999.0
2020-06-24,17436.0,5986.0,7245.0,9421.0,937825.0,50120.0,1037344.0,3579.0
2020-06-25,15301.0,5167.0,6385.0,8225.0,943762.0,49819.0,1040460.0,3116.0
2020-06-26,13449.0,4510.0,5663.0,7214.0,947821.0,49249.0,1043155.0,2695.0
2020-06-27,11696.0,4177.0,5004.0,6234.0,952495.0,48815.0,1045637.0,2482.0
2020-06-28,10270.0,3466.0,4469.0,5569.0,955457.0,48308.0,1047683.0,2046.0
2020-06-29,9036.0,3125.0,3839.0,4843.0,959555.0,47861.0,1049592.0,1909.0
2020-06-30,7888.0,2800.0,3326.0,4275.0,963050.0,47588.0,1051252.0,1660.0
2020-07-01,6942.0,2358.0,2998.0,3597.0,964536.0,47523.0,1052661.0,1409.0
2020-07-02,6065.0,2120.0,2616.0,3191.0,965995.0,47109.0,1053917.0,1256.0
2020-07-03,5223.0,1879.0,2274.0,2842.0,968054.0,46576.0,1055035.0,1118.0
2020-07-04,4604.0,1603.0,2032.0,2474.0,969040.0,46432.0,1055984.0,949.0
2020-07-05,3984.0,1387.0,1773.0,2174.0,970806.0,46303.0,1056789.0,805.0
2020-07-06,3519.0,1180.0,1567.0,1924.0,972891.0,46371.0,1057467.0,678.0
