time,E,I1,I2,I3,R,S,cumI,diffI
2020-03-06,0.0,3.0,0.0,0.0,0.0,970626.0,0.0,0.0
2020-03-07,2.0,1.0,0.0,0.0,0.0,974142.0,0.0,0.0
2020-03-08,2.0,0.0,1.0,0.0,0.0,980315.0,0.0,0.0
2020-03-09,0.0,0.0,0.0,0.0,1.0,987559.0,0.0,0.0
2020-03-10,1.0,0.0,1.0,0.0,1.0,992031.0,0.0,0.0
2020-03-11,1.0,0.0,0.0,1.0,0.0,997557.0,0.0,0.0
2020-03-12,0.0,1.0,0.0,0.0,0.0,1001316.0,1.0,1.0
2020-03-13,1.0,0.0,1.0,0.0,0.0,1002322.0,1.0,0.0
2020-03-14,3.0,0.0,2.0,0.0,0.0,1004008.0,2.0,1.0
2020-03-15,2.0,0.0,0.0,1.0,1.0,1006903.0,2.0,0.0
2020-03-16,4.0,0.0,0.0,1.0,1.0,1009142.0,2.0,0.0
2020-03-17,2.0,0.0,1.0,0.0,3.0,1010639.0,3.0,1.0
2020-03-18,2.0,0.0,0.0,1.0,3.0,1011455.0,3.0,0.0
2020-03-19,4.0,1.0,0.0,0.0,4.0,1011313.0,4.0,1.0
2020-03-20,2.0,1.0,0.0,1.0,4.0,1012515.0,5.0,1.0
2020-03-21,5.0,1.0,0.0,0.0,5.0,1012157.0,5.0,0.0
2020-03-22,2.0,2.0,0.0,0.0,3.0,1011953.0,6.0,1.0
2020-03-23,6.0,1.0,2.0,1.0,3.0,1012537.0,7.0,1.0
2020-03-24,10.0,0.0,0.0,2.0,4.0,1012364.0,7.0,0.0
2020-03-25,8.0,0.0,1.0,0.0,5.0,1011934.0,8.0,1.0
2020-03-26,8.0,3.0,2.0,2.0,3.0,1013248.0,12.0,4.0
2020-03-27,10.0,4.0,2.0,2.0,7.0,1012803.0,15.0,3.0
2020-03-28,14.0,5.0,3.0,2.0,6.0,1013973.0,17.0,2.0
2020-03-29,16.0,3.0,7.0,4.0,6.0,1013961.0,18.0,1.0
2020-03-30,27.0,4.0,6.0,2.0,10.0,1015521.0,21.0,3.0
2020-03-31,24.0,5.0,7.0,3.0,11.0,1014954.0,27.0,6.0
2020-04-01,33.0,2.0,7.0,5.0,19.0,1016411.0,31.0,4.0
2020-04-02,36.0,4.0,5.0,4.0,17.0,1015789.0,35.0,4.0
2020-04-03,46.0,5.0,10.0,4.0,27.0,1017237.0,40.0,5.0
2020-04-04,50.0,14.0,6.0,8.0,24.0,1016233.0,54.0,14.0
2020-04-05,62.0,4.0,7.0,12.0,33.0,1016712.0,58.0,4.0
2020-04-06,75.0,15.0,12.0,7.0,40.0,1016940.0,72.0,14.0
2020-04-07,95.0,29.0,10.0,16.0,45.0,1015998.0,94.0,22.0
2020-04-08,135.0,28.0,24.0,23.0,45.0,1016051.0,118.0,24.0
2020-04-09,159.0,27.0,24.0,20.0,62.0,1016651.0,143.0,25.0
2020-04-10,203.0,37.0,28.0,17.0,73.0,1017375.0,175.0,32.0
2020-04-11,220.0,49.0,35.0,20.0,75.0,1017439.0,217.0,42.0
2020-04-12,263.0,54.0,36.0,32.0,92.0,1017452.0,263.0,46.0
2020-04-13,309.0,62.0,41.0,35.0,129.0,1017685.0,315.0,52.0
2020-04-14,390.0,85.0,67.0,48.0,158.0,1017806.0,382.0,67.0
2020-04-15,463.0,113.0,67.0,62.0,209.0,1018003.0,473.0,91.0
2020-04-16,541.0,134.0,82.0,75.0,231.0,1020055.0,565.0,92.0
2020-04-17,636.0,162.0,115.0,86.0,292.0,1019072.0,686.0,121.0
2020-04-18,792.0,180.0,133.0,107.0,354.0,1019779.0,815.0,129.0
2020-04-19,965.0,205.0,184.0,124.0,402.0,1020086.0,981.0,166.0
2020-04-20,1227.0,263.0,206.0,147.0,493.0,1019711.0,1186.0,205.0
2020-04-21,1529.0,314.0,234.0,188.0,587.0,1020671.0,1433.0,247.0
2020-04-22,1733.0,338.0,286.0,194.0,699.0,1018929.0,1716.0,283.0
2020-04-23,2015.0,430.0,304.0,264.0,859.0,1018393.0,2049.0,333.0
2020-04-24,2394.0,510.0,367.0,298.0,1002.0,1017972.0,2428.0,379.0
2020-04-25,2891.0,618.0,455.0,348.0,1212.0,1016304.0,2916.0,488.0
2020-04-26,3301.0,715.0,571.0,420.0,1468.0,1016296.0,3467.0,551.0
2020-04-27,3915.0,828.0,666.0,519.0,1749.0,1015067.0,4130.0,663.0
2020-04-28,4872.0,979.0,774.0,629.0,2097.0,1012850.0,4904.0,774.0
2020-04-29,5996.0,1223.0,961.0,751.0,2539.0,1011000.0,5886.0,982.0
2020-04-30,7144.0,1486.0,1166.0,904.0,3037.0,1008999.0,7074.0,1188.0
2020-05-01,8584.0,1752.0,1438.0,1156.0,3671.0,1006321.0,8508.0,1434.0
2020-05-02,10197.0,2164.0,1642.0,1349.0,4310.0,1001689.0,10217.0,1709.0
2020-05-03,12417.0,2659.0,1999.0,1596.0,5290.0,997646.0,12301.0,2084.0
2020-05-04,15044.0,3258.0,2429.0,1908.0,6313.0,994231.0,14873.0,2572.0
2020-05-05,17836.0,3869.0,2985.0,2246.0,7527.0,989221.0,17909.0,3036.0
2020-05-06,21220.0,4613.0,3500.0,2773.0,9139.0,982319.0,21526.0,3617.0
2020-05-07,25314.0,5312.0,4251.0,3254.0,11133.0,975425.0,25722.0,4196.0
2020-05-08,30321.0,6499.0,5018.0,3885.0,13281.0,965025.0,30853.0,5131.0
2020-05-09,35748.0,7823.0,6072.0,4677.0,15811.0,954162.0,37097.0,6244.0
2020-05-10,42498.0,9231.0,7261.0,5577.0,19278.0,940886.0,44176.0,7079.0
2020-05-11,50186.0,10937.0,8480.0,6671.0,23094.0,924712.0,52640.0,8464.0
2020-05-12,59439.0,12635.0,10259.0,7817.0,28051.0,905920.0,62460.0,9820.0
2020-05-13,69466.0,15255.0,11788.0,9452.0,33668.0,883926.0,74362.0,11902.0
2020-05-14,80978.0,17841.0,13850.0,11145.0,40151.0,860681.0,87954.0,13592.0
2020-05-15,93825.0,20663.0,16368.0,13148.0,47828.0,832954.0,103964.0,16010.0
2020-05-16,108229.0,24169.0,18992.0,15324.0,56937.0,800641.0,122299.0,18335.0
2020-05-17,123380.0,27988.0,22573.0,17905.0,67469.0,765144.0,143641.0,21342.0
2020-05-18,139896.0,31860.0,26081.0,21024.0,79911.0,726723.0,167761.0,24120.0
2020-05-19,156389.0,35936.0,29822.0,24426.0,94713.0,684284.0,195170.0,27409.0
2020-05-20,172806.0,40506.0,33455.0,27923.0,111910.0,639837.0,225509.0,30339.0
2020-05-21,188511.0,44738.0,37993.0,31551.0,130925.0,592610.0,258971.0,33462.0
2020-05-22,202566.0,49493.0,42512.0,35764.0,152555.0,543984.0,295365.0,36394.0
2020-05-23,215232.0,53078.0,46698.0,39632.0,176640.0,495642.0,334075.0,38710.0
2020-05-24,224233.0,56710.0,50660.0,43845.0,203418.0,447782.0,375346.0,41271.0
2020-05-25,230873.0,59373.0,53677.0,48235.0,232486.0,401145.0,417968.0,42622.0
2020-05-26,233848.0,61663.0,56925.0,51945.0,264321.0,357362.0,461602.0,43634.0
2020-05-27,234604.0,62496.0,59595.0,54885.0,298257.0,315851.0,505380.0,43778.0
2020-05-28,230554.0,63561.0,61091.0,57452.0,334615.0,279056.0,549588.0,44208.0
2020-05-29,223952.0,62560.0,62164.0,58832.0,371464.0,246366.0,592243.0,42655.0
2020-05-30,214686.0,61411.0,61833.0,60037.0,410068.0,217301.0,633680.0,41437.0
2020-05-31,203656.0,59584.0,60914.0,60300.0,449068.0,191800.0,673490.0,39810.0
2020-06-01,191221.0,56558.0,59493.0,60124.0,488332.0,170171.0,711039.0,37549.0
2020-06-02,178192.0,53369.0,57460.0,59354.0,526850.0,151730.0,745808.0,34769.0
2020-06-03,164173.0,50409.0,54565.0,57385.0,564612.0,135893.0,778469.0,32661.0
2020-06-04,150959.0,46504.0,51523.0,55000.0,599860.0,122423.0,808378.0,29909.0
2020-06-05,137983.0,43070.0,47975.0,52322.0,634355.0,110772.0,835563.0,27185.0
2020-06-06,124509.0,39422.0,44758.0,49278.0,667287.0,101004.0,860622.0,25059.0
2020-06-07,111650.0,36091.0,41315.0,46149.0,698364.0,92805.0,883183.0,22561.0
2020-06-08,100701.0,32765.0,37662.0,42993.0,727414.0,85839.0,903463.0,20280.0
2020-06-09,90470.0,29653.0,34292.0,39775.0,753228.0,79828.0,921582.0,18119.0
2020-06-10,80888.0,26454.0,31463.0,36185.0,777206.0,74958.0,937803.0,16221.0
2020-06-11,72100.0,23843.0,27867.0,33074.0,798899.0,70670.0,952477.0,14674.0
2020-06-12,64104.0,21429.0,25183.0,29895.0,818234.0,67024.0,965474.0,12997.0
2020-06-13,56808.0,19145.0,22732.0,27020.0,837449.0,64354.0,976995.0,11521.0
2020-06-14,50310.0,17087.0,20288.0,24408.0,853514.0,61677.0,987203.0,10208.0
2020-06-15,44458.0,15210.0,18086.0,21836.0,868433.0,59531.0,996189.0,8986.0
2020-06-16,39453.0,13230.0,16106.0,19354.0,882280.0,57698.0,1004124.0,7935.0
2020-06-17,34629.0,11985.0,14318.0,17466.0,893944.0,55998.0,1011424.0,7300.0
2020-06-18,30381.0,10389.0,13006.0,15676.0,905858.0,54728.0,1017656.0,6232.0
2020-06-19,26873.0,9086.0,11405.0,14195.0,913555.0,53440.0,1023012.0,5356.0
2020-06-20,23682.0,8005.0,9970.0,12347.0,922292.0,52553.0,1027749.0,4737.0
2020-06-21,20720.0,7156.0,8812.0,10857.0,930142.0,51728.0,1032121.0,4372.0
2020-06-22,18433.0,6264.0,7830.0,9563.0,935773.0,50749.0,1035839.0,3718.0
2020-06-23,16231.0,5463.0,6916.0,8324.0,940719.0,49999.0,1039081.0,3242.0
2020-06-24,14209.0,4851.0,6041.0,7470.0,946782.0,49566.0,1042016.0,2935.0
2020-06-25,12404.0,4275.0,5283.0,6724.0,950386.0,48961.0,1044561.0,2545.0
2020-06-26,11010.0,3770.0,4671.0,5806.0,952242.0,48652.0,1046782.0,2221.0
2020-06-27,9619.0,3334.0,4133.0,5172.0,956593.0,48223.0,1048779.0,1997.0
2020-06-28,8347.0,2777.0,3688.0,4635.0,960927.0,47598.0,1050484.0,1705.0
2020-06-29,7220.0,2494.0,3123.0,3977.0,964449.0,47339.0,1052007.0,1523.0
2020-06-30,6430.0,2156.0,2773.0,3588.0,965506.0,47200.0,1053295.0,1288.0
2020-07-01,5552.0,1883.0,2453.0,3017.0,966390.0,46992.0,1054430.0,1135.0
2020-07-02,4870.0,1678.0,2077.0,2626.0,969746.0,46802.0,1055411.0,981.0
2020-07-03,4347.0,1445.0,1824.0,2318.0,969482.0,46847.0,1056246.0,835.0
2020-07-04,3810.0,1314.0,1621.0,2006.0,972531.0,46735.0,1057025.0,779.0
2020-07-05,3337.0,1148.0,1392.0,1853.0,974564.0,46751.0,1057675.0,650.0
2020-07-06,2949.0,1020.0,1175.0,1638.0,975860.0,46623.0,1058269.0,594.0
