time,E,I1,I2,I3,R,S,cumI,diffI
2020-03-06,0.0,2.0,1.0,0.0,0.0,970241.0,0.0,0.0
2020-03-07,1.0,1.0,0.0,1.0,0.0,972188.0,0.0,0.0
2020-03-08,0.0,0.0,0.0,0.0,1.0,979380.0,0.0,0.0
2020-03-09,1.0,1.0,0.0,0.0,1.0,986378.0,0.0,0.0
2020-03-10,1.0,0.0,1.0,0.0,1.0,991724.0,0.0,0.0
2020-03-11,1.0,0.0,0.0,1.0,1.0,996358.0,0.0,0.0
2020-03-12,0.0,0.0,0.0,0.0,1.0,999989.0,0.0,0.0
2020-03-13,1.0,0.0,0.0,0.0,0.0,1002962.0,0.0,0.0
2020-03-14,1.0,0.0,0.0,0.0,0.0,1006671.0,0.0,0.0
2020-03-15,3.0,0.0,0.0,0.0,0.0,1008348.0,0.0,0.0
2020-03-16,2.0,0.0,0.0,0.0,1.0,1009536.0,0.0,0.0
2020-03-17,2.0,2.0,0.0,0.0,2.0,1008633.0,0.0,0.0
2020-03-18,6.0,2.0,0.0,0.0,2.0,1010829.0,1.0,1.0
2020-03-19,11.0,5.0,0.0,0.0,4.0,1012607.0,4.0,3.0
2020-03-20,8.0,2.0,1.0,1.0,4.0,1012117.0,4.0,0.0
2020-03-21,8.0,1.0,2.0,0.0,3.0,1012202.0,5.0,1.0
2020-03-22,5.0,0.0,2.0,0.0,4.0,1012467.0,5.0,0.0
2020-03-23,6.0,0.0,3.0,0.0,2.0,1013558.0,5.0,0.0
2020-03-24,9.0,0.0,2.0,1.0,3.0,1014203.0,5.0,0.0
2020-03-25,11.0,1.0,0.0,1.0,5.0,1014660.0,6.0,1.0
2020-03-26,21.0,2.0,2.0,1.0,6.0,1015584.0,8.0,2.0
2020-03-27,17.0,3.0,2.0,2.0,7.0,1015958.0,13.0,5.0
2020-03-28,17.0,1.0,2.0,1.0,8.0,1015374.0,14.0,1.0
2020-03-29,12.0,0.0,4.0,2.0,11.0,1015576.0,14.0,0.0
2020-03-30,18.0,3.0,1.0,7.0,8.0,1016226.0,16.0,2.0
2020-03-31,25.0,6.0,4.0,3.0,11.0,1016546.0,24.0,8.0
2020-04-01,34.0,5.0,6.0,3.0,18.0,1016196.0,29.0,5.0
2020-04-02,41.0,2.0,7.0,6.0,18.0,1016286.0,34.0,5.0
2020-04-03,42.0,12.0,8.0,8.0,20.0,1017761.0,47.0,13.0
2020-04-04,53.0,12.0,10.0,7.0,20.0,1017584.0,52.0,5.0
2020-04-05,67.0,9.0,11.0,6.0,21.0,1017229.0,58.0,6.0
2020-04-06,83.0,19.0,11.0,7.0,33.0,1017347.0,70.0,12.0
2020-04-07,109.0,26.0,15.0,12.0,30.0,1017259.0,95.0,25.0
2020-04-08,119.0,28.0,22.0,7.0,43.0,1017561.0,119.0,24.0
2020-04-09,169.0,33.0,26.0,22.0,50.0,1018256.0,145.0,26.0
2020-04-10,197.0,51.0,32.0,24.0,56.0,1020056.0,185.0,40.0
2020-04-11,249.0,42.0,44.0,21.0,70.0,1018773.0,212.0,27.0
2020-04-12,290.0,59.0,53.0,35.0,100.0,1019191.0,267.0,55.0
2020-04-13,351.0,73.0,46.0,41.0,138.0,1019566.0,313.0,46.0
2020-04-14,397.0,88.0,57.0,55.0,171.0,1018579.0,383.0,70.0
2020-04-15,463.0,79.0,78.0,59.0,201.0,1021290.0,449.0,66.0
2020-04-16,546.0,107.0,84.0,65.0,232.0,1020253.0,534.0,85.0
2020-04-17,635.0,119.0,111.0,88.0,275.0,1019123.0,631.0,97.0
2020-04-18,750.0,159.0,119.0,90.0,331.0,1018982.0,774.0,143.0
2020-04-19,915.0,183.0,158.0,113.0,390.0,1018278.0,935.0,161.0
2020-04-20,1093.0,229.0,163.0,150.0,479.0,1017873.0,1104.0,169.0
2020-04-21,1358.0,294.0,191.0,164.0,568.0,1018140.0,1331.0,227.0
2020-04-22,1665.0,354.0,270.0,174.0,693.0,1018049.0,1598.0,267.0
2020-04-23,1982.0,421.0,345.0,226.0,847.0,1018329.0,1953.0,355.0
2020-04-24,2328.0,529.0,385.0,287.0,1001.0,1016161.0,2363.0,410.0
2020-04-25,2856.0,608.0,466.0,373.0,1265.0,1015726.0,2846.0,483.0
2020-04-26,3404.0,701.0,552.0,446.0,1528.0,1014184.0,3407.0,561.0
2020-04-27,4162.0,862.0,671.0,555.0,1827.0,1013703.0,4050.0,643.0
2020-04-28,5052.0,1096.0,769.0,661.0,2222.0,1013461.0,4922.0,872.0
2020-04-29,6080.0,1364.0,984.0,800.0,2712.0,1011091.0,6020.0,1098.0
2020-04-30,7265.0,1584.0,1203.0,907.0,3161.0,1007420.0,7265.0,1245.0
2020-05-01,8763.0,1930.0,1380.0,1187.0,3820.0,1005273.0,8777.0,1512.0
2020-05-02,10540.0,2242.0,1713.0,1410.0,4674.0,1001440.0,10614.0,1837.0
2020-05-03,12842.0,2704.0,2136.0,1681.0,5574.0,998126.0,12791.0,2177.0
2020-05-04,15653.0,3340.0,2541.0,1974.0,6690.0,993121.0,15399.0,2608.0
2020-05-05,18480.0,4008.0,3130.0,2308.0,8181.0,987983.0,18580.0,3181.0
2020-05-06,22136.0,4755.0,3735.0,2844.0,9861.0,979567.0,22273.0,3693.0
2020-05-07,26413.0,5459.0,4499.0,3504.0,11768.0,971750.0,26698.0,4425.0
2020-05-08,31589.0,6725.0,5199.0,4166.0,14142.0,962336.0,32007.0,5309.0
2020-05-09,37419.0,7967.0,6217.0,4909.0,17022.0,950571.0,38362.0,6355.0
2020-05-10,43808.0,9422.0,7335.0,5845.0,20382.0,938472.0,45873.0,7511.0
2020-05-11,51972.0,11163.0,8680.0,6993.0,24479.0,922555.0,54653.0,8780.0
2020-05-12,61555.0,13173.0,10537.0,8207.0,29239.0,902951.0,64982.0,10329.0
2020-05-13,72386.0,15597.0,12503.0,9749.0,34907.0,879280.0,77258.0,12276.0
2020-05-14,83992.0,18504.0,14839.0,11463.0,41812.0,854358.0,91762.0,14504.0
2020-05-15,96728.0,21567.0,17249.0,13591.0,49520.0,825717.0,108333.0,16571.0
2020-05-16,111043.0,24980.0,19989.0,16099.0,59135.0,794273.0,127566.0,19233.0
2020-05-17,126981.0,28719.0,23303.0,18633.0,70463.0,757984.0,149686.0,22120.0
2020-05-18,142799.0,33058.0,26879.0,21702.0,83113.0,718650.0,175035.0,25349.0
2020-05-19,160296.0,36898.0,30731.0,25006.0,98208.0,675521.0,202730.0,27695.0
2020-05-20,176475.0,41133.0,34906.0,28785.0,115237.0,629854.0,233611.0,30881.0
2020-05-21,191548.0,45256.0,38928.0,32573.0,135272.0,582289.0,267572.0,33961.0
2020-05-22,205523.0,49407.0,43223.0,36565.0,157325.0,534805.0,304244.0,36672.0
2020-05-23,216871.0,53701.0,47213.0,40672.0,182013.0,486192.0,343462.0,39218.0
2020-05-24,225784.0,57117.0,51116.0,45013.0,209040.0,438868.0,384869.0,41407.0
2020-05-25,231989.0,59567.0,54715.0,49105.0,239246.0,392688.0,427803.0,42934.0
2020-05-26,234612.0,61546.0,57777.0,52228.0,271463.0,349583.0,471487.0,43684.0
2020-05-27,233999.0,62687.0,59970.0,55181.0,306159.0,308530.0,515300.0,43813.0
2020-05-28,229903.0,62960.0,61173.0,57695.0,341121.0,272842.0,559009.0,43709.0
2020-05-29,222320.0,62812.0,61382.0,59378.0,379071.0,240103.0,601751.0,42742.0
2020-05-30,213703.0,61050.0,61691.0,60089.0,418006.0,212486.0,642667.0,40916.0
2020-05-31,202438.0,58915.0,60696.0,60607.0,456485.0,187775.0,681812.0,39145.0
2020-06-01,189359.0,56259.0,59232.0,60066.0,496281.0,166723.0,719062.0,37250.0
2020-06-02,175890.0,53205.0,56971.0,59190.0,533661.0,148528.0,753947.0,34885.0
2020-06-03,161766.0,49459.0,53731.0,57214.0,571614.0,133256.0,785812.0,31865.0
2020-06-04,148683.0,45914.0,50886.0,54669.0,606686.0,120118.0,815070.0,29258.0
2020-06-05,135084.0,42358.0,47367.0,51920.0,641470.0,109162.0,842047.0,26977.0
2020-06-06,121921.0,38906.0,44113.0,48676.0,673237.0,99974.0,866521.0,24474.0
2020-06-07,110089.0,35274.0,40165.0,45409.0,703177.0,92507.0,888519.0,21998.0
2020-06-08,99072.0,32230.0,37115.0,41982.0,731630.0,86094.0,908379.0,19860.0
2020-06-09,88922.0,28965.0,34081.0,38809.0,756558.0,80493.0,926290.0,17911.0
2020-06-10,79638.0,26159.0,30832.0,35663.0,779969.0,75396.0,942381.0,16091.0
2020-06-11,70861.0,23709.0,27898.0,32538.0,802492.0,71607.0,956678.0,14297.0
2020-06-12,63006.0,20854.0,24969.0,29559.0,821420.0,68006.0,969234.0,12556.0
2020-06-13,55873.0,18503.0,22463.0,26714.0,840821.0,65030.0,980561.0,11327.0
2020-06-14,49171.0,16613.0,19885.0,24026.0,857308.0,62237.0,990649.0,10088.0
2020-06-15,43598.0,14847.0,17977.0,21654.0,870651.0,59920.0,999562.0,8913.0
2020-06-16,38526.0,13118.0,16087.0,19357.0,883973.0,58364.0,1007457.0,7895.0
2020-06-17,34282.0,11545.0,14423.0,17258.0,894125.0,56903.0,1014353.0,6896.0
2020-06-18,30348.0,10328.0,12793.0,15465.0,905295.0,55086.0,1020561.0,6208.0
2020-06-19,26602.0,9001.0,11317.0,13744.0,913857.0,53905.0,1026002.0,5441.0
2020-06-20,23501.0,8086.0,9909.0,12287.0,921737.0,53039.0,1030878.0,4876.0
2020-06-21,20559.0,7026.0,8865.0,10761.0,929423.0,52191.0,1035118.0,4240.0
2020-06-22,18132.0,6079.0,7769.0,9412.0,936180.0,51691.0,1038755.0,3637.0
2020-06-23,16085.0,5373.0,6872.0,8388.0,943274.0,50903.0,1042027.0,3272.0
2020-06-24,13950.0,4891.0,6011.0,7434.0,946256.0,50042.0,1044908.0,2881.0
2020-06-25,12109.0,4280.0,5363.0,6593.0,951595.0,49672.0,1047471.0,2563.0
2020-06-26,10781.0,3756.0,4663.0,5904.0,954898.0,49328.0,1049675.0,2204.0
2020-06-27,9573.0,3345.0,4080.0,5210.0,957631.0,48564.0,1051664.0,1989.0
2020-06-28,8510.0,2901.0,3613.0,4550.0,960911.0,48391.0,1053357.0,1693.0
2020-06-29,7457.0,2489.0,3129.0,3944.0,963438.0,47964.0,1054814.0,1457.0
2020-06-30,6523.0,2225.0,2708.0,3434.0,966249.0,47571.0,1056158.0,1344.0
2020-07-01,5695.0,1947.0,2397.0,3080.0,967594.0,47313.0,1057343.0,1185.0
2020-07-02,4943.0,1715.0,2110.0,2670.0,969619.0,47212.0,1058412.0,1069.0
2020-07-03,4324.0,1496.0,1862.0,2449.0,971790.0,47044.0,1059309.0,897.0
2020-07-04,3851.0,1280.0,1581.0,2100.0,973925.0,46828.0,1060074.0,765.0
2020-07-05,3364.0,1176.0,1468.0,1789.0,975209.0,46864.0,1060739.0,665.0
2020-07-06,2955.0,1017.0,1262.0,1583.0,977025.0,46609.0,1061370.0,631.0
