time,E,I1,I2,I3,R,S,cumI,diffI
2020-03-06,0.0,3.0,0.0,0.0,0.0,970102.0,0.0,0.0
2020-03-07,3.0,1.0,1.0,1.0,0.0,973213.0,0.0,0.0
2020-03-08,3.0,0.0,1.0,0.0,1.0,979250.0,0.0,0.0
2020-03-09,2.0,0.0,0.0,0.0,2.0,984925.0,1.0,1.0
2020-03-10,2.0,1.0,0.0,0.0,1.0,991496.0,1.0,0.0
2020-03-11,2.0,0.0,1.0,0.0,0.0,995995.0,1.0,0.0
2020-03-12,1.0,0.0,0.0,0.0,1.0,998099.0,1.0,0.0
2020-03-13,1.0,0.0,0.0,0.0,1.0,1001714.0,1.0,0.0
2020-03-14,0.0,0.0,1.0,0.0,1.0,1004485.0,2.0,1.0
2020-03-15,1.0,0.0,0.0,1.0,1.0,1006776.0,2.0,0.0
2020-03-16,1.0,0.0,0.0,0.0,1.0,1009396.0,2.0,0.0
2020-03-17,1.0,0.0,0.0,0.0,2.0,1009936.0,2.0,0.0
2020-03-18,2.0,1.0,1.0,0.0,1.0,1011442.0,3.0,1.0
2020-03-19,4.0,0.0,0.0,2.0,0.0,1011916.0,3.0,0.0
2020-03-20,6.0,0.0,0.0,0.0,4.0,1011363.0,3.0,0.0
2020-03-21,7.0,1.0,0.0,0.0,3.0,1013826.0,4.0,1.0
2020-03-22,6.0,1.0,0.0,0.0,3.0,1014106.0,5.0,1.0
2020-03-23,6.0,2.0,1.0,0.0,3.0,1014135.0,7.0,2.0
2020-03-24,6.0,1.0,1.0,1.0,2.0,1014177.0,9.0,2.0
2020-03-25,5.0,1.0,0.0,1.0,2.0,1015183.0,10.0,1.0
2020-03-26,7.0,2.0,0.0,2.0,1.0,1014958.0,11.0,1.0
2020-03-27,17.0,0.0,2.0,3.0,3.0,1013669.0,13.0,2.0
2020-03-28,8.0,4.0,1.0,0.0,6.0,1014009.0,17.0,4.0
2020-03-29,15.0,4.0,3.0,1.0,7.0,1014845.0,21.0,4.0
2020-03-30,26.0,3.0,1.0,3.0,8.0,1015964.0,23.0,2.0
2020-03-31,33.0,4.0,3.0,4.0,7.0,1015863.0,27.0,4.0
2020-04-01,36.0,4.0,3.0,2.0,7.0,1015137.0,31.0,4.0
2020-04-02,26.0,9.0,1.0,5.0,7.0,1015739.0,40.0,9.0
2020-04-03,37.0,6.0,5.0,7.0,9.0,1016281.0,48.0,8.0
2020-04-04,50.0,13.0,5.0,10.0,15.0,1015302.0,57.0,9.0
2020-04-05,67.0,12.0,12.0,8.0,27.0,1017325.0,67.0,10.0
2020-04-06,77.0,18.0,13.0,7.0,34.0,1017586.0,83.0,16.0
2020-04-07,91.0,16.0,16.0,8.0,39.0,1018403.0,94.0,11.0
2020-04-08,97.0,27.0,15.0,22.0,41.0,1017729.0,120.0,26.0
2020-04-09,133.0,20.0,31.0,14.0,59.0,1017823.0,141.0,21.0
2020-04-10,153.0,33.0,28.0,22.0,59.0,1018481.0,170.0,29.0
2020-04-11,179.0,38.0,31.0,19.0,69.0,1018689.0,196.0,26.0
2020-04-12,214.0,43.0,31.0,29.0,85.0,1018998.0,232.0,36.0
2020-04-13,238.0,64.0,27.0,36.0,99.0,1020241.0,281.0,49.0
2020-04-14,284.0,64.0,48.0,29.0,136.0,1020511.0,337.0,56.0
2020-04-15,352.0,83.0,53.0,43.0,144.0,1019833.0,395.0,58.0
2020-04-16,418.0,85.0,75.0,58.0,180.0,1019677.0,453.0,58.0
2020-04-17,515.0,109.0,81.0,74.0,196.0,1021155.0,544.0,91.0
2020-04-18,605.0,135.0,83.0,66.0,261.0,1019569.0,638.0,94.0
2020-04-19,684.0,132.0,120.0,76.0,303.0,1019228.0,735.0,97.0
2020-04-20,841.0,162.0,127.0,112.0,358.0,1019465.0,864.0,129.0
2020-04-21,1060.0,223.0,153.0,130.0,421.0,1019282.0,1035.0,171.0
2020-04-22,1266.0,288.0,200.0,159.0,525.0,1018302.0,1274.0,239.0
2020-04-23,1482.0,282.0,272.0,190.0,663.0,1018129.0,1506.0,232.0
2020-04-24,1718.0,334.0,271.0,241.0,800.0,1018357.0,1783.0,277.0
2020-04-25,2114.0,447.0,328.0,276.0,932.0,1018286.0,2157.0,374.0
2020-04-26,2503.0,553.0,391.0,351.0,1130.0,1017446.0,2567.0,410.0
2020-04-27,3140.0,685.0,555.0,406.0,1351.0,1015408.0,3087.0,520.0
2020-04-28,3842.0,801.0,654.0,473.0,1635.0,1014687.0,3723.0,636.0
2020-04-29,4604.0,965.0,724.0,598.0,1983.0,1012979.0,4488.0,765.0
2020-04-30,5651.0,1159.0,885.0,679.0,2421.0,1011044.0,5387.0,899.0
2020-05-01,6805.0,1434.0,1126.0,855.0,2877.0,1009420.0,6582.0,1195.0
2020-05-02,8071.0,1652.0,1314.0,1034.0,3389.0,1007164.0,7915.0,1333.0
2020-05-03,9740.0,1974.0,1643.0,1187.0,4064.0,1004901.0,9493.0,1578.0
2020-05-04,11627.0,2417.0,1916.0,1467.0,4960.0,1001545.0,11453.0,1960.0
2020-05-05,13846.0,2832.0,2268.0,1827.0,5864.0,997626.0,13712.0,2259.0
2020-05-06,16657.0,3508.0,2738.0,2036.0,7171.0,990886.0,16472.0,2760.0
2020-05-07,19835.0,4272.0,3275.0,2524.0,8775.0,984149.0,19905.0,3433.0
2020-05-08,23624.0,5087.0,3906.0,3034.0,10511.0,976553.0,23866.0,3961.0
2020-05-09,28157.0,6019.0,4765.0,3617.0,12517.0,966951.0,28582.0,4716.0
2020-05-10,33639.0,7168.0,5585.0,4311.0,15110.0,956557.0,34137.0,5555.0
2020-05-11,39936.0,8714.0,6688.0,5120.0,18245.0,944048.0,40991.0,6854.0
2020-05-12,47463.0,10266.0,8069.0,6217.0,21779.0,929797.0,48964.0,7973.0
2020-05-13,56061.0,12312.0,9406.0,7445.0,26110.0,912562.0,58440.0,9476.0
2020-05-14,65552.0,14395.0,11342.0,8999.0,31321.0,892518.0,69668.0,11228.0
2020-05-15,76370.0,16785.0,13495.0,10492.0,37385.0,868166.0,82780.0,13112.0
2020-05-16,89162.0,19671.0,15623.0,12507.0,44770.0,841613.0,97960.0,15180.0
2020-05-17,103067.0,22992.0,18570.0,14692.0,53398.0,811453.0,115872.0,17912.0
2020-05-18,117566.0,26448.0,21685.0,17155.0,63687.0,777656.0,136284.0,20412.0
2020-05-19,133408.0,30490.0,24847.0,19897.0,75207.0,740443.0,159548.0,23264.0
2020-05-20,149120.0,33995.0,28117.0,23146.0,89206.0,700005.0,185417.0,25869.0
2020-05-21,165766.0,38443.0,32246.0,26473.0,104977.0,656704.0,214725.0,29308.0
2020-05-22,181801.0,42864.0,36402.0,30060.0,123747.0,610832.0,246924.0,32199.0
2020-05-23,196879.0,47536.0,40520.0,33548.0,144520.0,562047.0,282319.0,35395.0
2020-05-24,210407.0,51187.0,44911.0,38197.0,167764.0,513552.0,320226.0,37907.0
2020-05-25,221113.0,55527.0,48626.0,42347.0,192754.0,464137.0,360717.0,40491.0
2020-05-26,228946.0,58407.0,52772.0,46161.0,221667.0,417156.0,402845.0,42128.0
2020-05-27,233898.0,60653.0,56041.0,50074.0,252452.0,372705.0,446072.0,43227.0
2020-05-28,233818.0,62531.0,58714.0,53756.0,286550.0,330762.0,490179.0,44107.0
2020-05-29,231617.0,62912.0,60702.0,56133.0,321839.0,292714.0,533709.0,43530.0
2020-05-30,226748.0,62766.0,61438.0,58724.0,359185.0,258854.0,576715.0,43006.0
2020-05-31,218655.0,62017.0,62112.0,59966.0,397160.0,227297.0,619044.0,42329.0
2020-06-01,208377.0,60046.0,61268.0,60811.0,436268.0,199581.0,659324.0,40280.0
2020-06-02,196006.0,57541.0,59667.0,61246.0,475177.0,176629.0,697591.0,38267.0
2020-06-03,182245.0,54714.0,57910.0,59906.0,513718.0,156526.0,733690.0,36099.0
2020-06-04,169250.0,51555.0,55766.0,58395.0,552067.0,139517.0,767248.0,33558.0
2020-06-05,154961.0,47942.0,52597.0,55935.0,589428.0,125245.0,798087.0,30839.0
2020-06-06,141403.0,44086.0,49137.0,53422.0,624520.0,113558.0,826258.0,28171.0
2020-06-07,128238.0,40718.0,45820.0,50205.0,656106.0,103581.0,851815.0,25557.0
2020-06-08,115844.0,36831.0,42333.0,47053.0,688261.0,94929.0,874724.0,22909.0
2020-06-09,104311.0,33550.0,38856.0,43675.0,718179.0,88081.0,895676.0,20952.0
2020-06-10,93607.0,30449.0,35384.0,40502.0,744865.0,81302.0,914478.0,18802.0
2020-06-11,83289.0,27495.0,32477.0,36918.0,770693.0,76201.0,931476.0,16998.0
2020-06-12,74675.0,24545.0,29237.0,33900.0,792537.0,71803.0,946370.0,14894.0
2020-06-13,66014.0,22195.0,26518.0,30763.0,812153.0,68172.0,959808.0,13438.0
2020-06-14,58348.0,19642.0,23688.0,27836.0,831429.0,64845.0,971631.0,11823.0
2020-06-15,51859.0,17565.0,21009.0,25333.0,848463.0,62226.0,982212.0,10581.0
2020-06-16,45947.0,15421.0,18684.0,22759.0,863044.0,60030.0,991554.0,9342.0
2020-06-17,40526.0,13502.0,16696.0,20204.0,876937.0,57890.0,999675.0,8121.0
2020-06-18,35732.0,11800.0,14948.0,17960.0,889317.0,56354.0,1006822.0,7147.0
2020-06-19,31367.0,10753.0,12890.0,16037.0,900794.0,54839.0,1013289.0,6467.0
2020-06-20,27646.0,9413.0,11622.0,14462.0,909562.0,53314.0,1018894.0,5605.0
2020-06-21,24408.0,8398.0,10195.0,12518.0,919183.0,52482.0,1023852.0,4958.0
2020-06-22,21472.0,7316.0,9091.0,11284.0,926269.0,51094.0,1028273.0,4421.0
2020-06-23,18884.0,6567.0,7856.0,9968.0,931296.0,50418.0,1032082.0,3809.0
2020-06-24,16600.0,5719.0,7074.0,8504.0,937048.0,49734.0,1035464.0,3382.0
2020-06-25,14482.0,5002.0,6232.0,7593.0,943903.0,49205.0,1038450.0,2986.0
2020-06-26,12554.0,4440.0,5517.0,6714.0,949080.0,48538.0,1041073.0,2623.0
2020-06-27,11073.0,3870.0,4796.0,5975.0,952508.0,47967.0,1043323.0,2250.0
2020-06-28,9831.0,3409.0,4302.0,5398.0,955925.0,47810.0,1045373.0,2050.0
2020-06-29,8649.0,2929.0,3690.0,4690.0,959766.0,47619.0,1047094.0,1721.0
2020-06-30,7583.0,2612.0,3335.0,4016.0,962459.0,47346.0,1048637.0,1543.0
2020-07-01,6614.0,2236.0,2906.0,3523.0,965433.0,47002.0,1049995.0,1358.0
2020-07-02,5842.0,1927.0,2531.0,3063.0,966902.0,46725.0,1051191.0,1196.0
2020-07-03,5038.0,1747.0,2156.0,2783.0,970192.0,46639.0,1052225.0,1034.0
2020-07-04,4330.0,1466.0,1884.0,2365.0,972542.0,46795.0,1053107.0,882.0
2020-07-05,3801.0,1330.0,1707.0,2084.0,974061.0,46472.0,1053922.0,815.0
2020-07-06,3340.0,1151.0,1484.0,1864.0,974065.0,46303.0,1054622.0,700.0
