time,E,I1,I2,I3,R,S,cumI,diffI
2020-03-06,1.0,3.0,0.0,0.0,0.0,970242.0,0.0,0.0
2020-03-07,3.0,2.0,1.0,0.0,0.0,973637.0,0.0,0.0
2020-03-08,0.0,2.0,3.0,0.0,0.0,980466.0,3.0,3.0
2020-03-09,3.0,1.0,0.0,3.0,0.0,986455.0,3.0,0.0
2020-03-10,3.0,1.0,0.0,0.0,2.0,991879.0,4.0,1.0
2020-03-11,2.0,0.0,0.0,1.0,2.0,996343.0,4.0,0.0
2020-03-12,4.0,0.0,0.0,1.0,3.0,1000471.0,4.0,0.0
2020-03-13,3.0,2.0,0.0,0.0,2.0,1001935.0,5.0,1.0
2020-03-14,6.0,0.0,2.0,0.0,1.0,1004276.0,5.0,0.0
2020-03-15,5.0,1.0,1.0,1.0,0.0,1007572.0,6.0,1.0
2020-03-16,2.0,1.0,0.0,1.0,3.0,1008775.0,8.0,2.0
2020-03-17,4.0,2.0,0.0,3.0,2.0,1009733.0,8.0,0.0
2020-03-18,9.0,0.0,2.0,1.0,4.0,1010893.0,8.0,0.0
2020-03-19,7.0,2.0,5.0,0.0,5.0,1010330.0,12.0,4.0
2020-03-20,15.0,3.0,3.0,3.0,6.0,1012392.0,14.0,2.0
2020-03-21,16.0,2.0,0.0,3.0,10.0,1013432.0,16.0,2.0
2020-03-22,16.0,5.0,2.0,1.0,9.0,1014023.0,21.0,5.0
2020-03-23,23.0,6.0,2.0,0.0,8.0,1013812.0,24.0,3.0
2020-03-24,34.0,4.0,5.0,4.0,8.0,1015094.0,26.0,2.0
2020-03-25,34.0,6.0,5.0,2.0,12.0,1013859.0,34.0,8.0
2020-03-26,48.0,9.0,7.0,7.0,12.0,1014296.0,39.0,5.0
2020-03-27,47.0,14.0,8.0,7.0,16.0,1016244.0,49.0,10.0
2020-03-28,43.0,15.0,4.0,11.0,17.0,1015494.0,64.0,15.0
2020-03-29,63.0,16.0,11.0,7.0,27.0,1014273.0,73.0,9.0
2020-03-30,70.0,14.0,12.0,7.0,27.0,1014587.0,84.0,11.0
2020-03-31,98.0,28.0,15.0,15.0,34.0,1015415.0,106.0,22.0
2020-04-01,116.0,18.0,20.0,16.0,43.0,1016777.0,122.0,16.0
2020-04-02,149.0,29.0,27.0,16.0,60.0,1016157.0,155.0,33.0
2020-04-03,160.0,38.0,26.0,15.0,74.0,1016171.0,185.0,30.0
2020-04-04,182.0,32.0,39.0,20.0,72.0,1015516.0,214.0,29.0
2020-04-05,219.0,37.0,37.0,15.0,84.0,1015991.0,234.0,20.0
2020-04-06,246.0,40.0,48.0,28.0,103.0,1018292.0,273.0,39.0
2020-04-07,296.0,58.0,43.0,42.0,123.0,1017253.0,316.0,43.0
2020-04-08,388.0,63.0,57.0,46.0,146.0,1016070.0,363.0,47.0
2020-04-09,459.0,106.0,62.0,57.0,182.0,1015920.0,447.0,84.0
2020-04-10,549.0,127.0,83.0,63.0,220.0,1017514.0,538.0,91.0
2020-04-11,695.0,149.0,99.0,89.0,269.0,1017166.0,642.0,104.0
2020-04-12,805.0,167.0,127.0,90.0,318.0,1018689.0,784.0,142.0
2020-04-13,930.0,202.0,150.0,123.0,406.0,1019219.0,938.0,154.0
2020-04-14,1168.0,216.0,184.0,169.0,493.0,1019028.0,1122.0,184.0
2020-04-15,1437.0,290.0,192.0,170.0,618.0,1017531.0,1342.0,220.0
2020-04-16,1691.0,346.0,259.0,210.0,701.0,1016756.0,1611.0,269.0
2020-04-17,1978.0,414.0,326.0,235.0,834.0,1014992.0,1962.0,351.0
2020-04-18,2388.0,478.0,391.0,282.0,1049.0,1014565.0,2349.0,387.0
2020-04-19,2879.0,613.0,485.0,394.0,1248.0,1015469.0,2874.0,525.0
2020-04-20,3492.0,741.0,586.0,442.0,1524.0,1014868.0,3465.0,591.0
2020-04-21,4267.0,900.0,660.0,534.0,1855.0,1013016.0,4152.0,687.0
2020-04-22,5146.0,1118.0,810.0,683.0,2141.0,1010750.0,5057.0,905.0
2020-04-23,6217.0,1290.0,985.0,807.0,2647.0,1008679.0,6061.0,1004.0
2020-04-24,7499.0,1559.0,1187.0,938.0,3204.0,1007093.0,7306.0,1245.0
2020-04-25,8905.0,1815.0,1512.0,1099.0,3773.0,1004746.0,8801.0,1495.0
2020-04-26,10736.0,2284.0,1788.0,1360.0,4686.0,1001318.0,10641.0,1840.0
2020-04-27,12941.0,2701.0,2164.0,1592.0,5645.0,996401.0,12783.0,2142.0
2020-04-28,15618.0,3281.0,2578.0,1973.0,6653.0,992444.0,15388.0,2605.0
2020-04-29,18629.0,3891.0,3103.0,2406.0,8102.0,985311.0,18446.0,3058.0
2020-04-30,22174.0,4745.0,3653.0,2836.0,9843.0,977445.0,22105.0,3659.0
2020-05-01,26521.0,5705.0,4396.0,3365.0,11787.0,969474.0,26546.0,4441.0
2020-05-02,31593.0,6590.0,5179.0,4109.0,14129.0,959781.0,31739.0,5193.0
2020-05-03,37689.0,8006.0,6146.0,4927.0,17102.0,948356.0,38006.0,6267.0
2020-05-04,44832.0,9637.0,7547.0,5903.0,20414.0,933729.0,45468.0,7462.0
2020-05-05,52968.0,11401.0,8931.0,7044.0,24342.0,917720.0,54441.0,8973.0
2020-05-06,62250.0,13373.0,10677.0,8291.0,29321.0,898992.0,64944.0,10503.0
2020-05-07,72778.0,16108.0,12604.0,9906.0,35148.0,876540.0,77577.0,12633.0
2020-05-08,84464.0,18691.0,14926.0,11821.0,42003.0,851149.0,92085.0,14508.0
2020-05-09,98254.0,21700.0,17388.0,13816.0,50030.0,821715.0,108744.0,16659.0
2020-05-10,112673.0,25123.0,20427.0,16316.0,59666.0,789793.0,128120.0,19376.0
2020-05-11,128220.0,29006.0,23616.0,18777.0,70885.0,752059.0,150377.0,22257.0
2020-05-12,144841.0,33219.0,27104.0,21917.0,83873.0,711947.0,175547.0,25170.0
2020-05-13,161307.0,37254.0,30829.0,25502.0,99175.0,669139.0,203639.0,28092.0
2020-05-14,176878.0,41546.0,35050.0,28980.0,117068.0,623976.0,235178.0,31539.0
2020-05-15,191946.0,45643.0,39201.0,33093.0,137033.0,577126.0,269301.0,34123.0
2020-05-16,205672.0,49988.0,43298.0,36705.0,159477.0,528525.0,306212.0,36911.0
2020-05-17,216999.0,53988.0,47195.0,40684.0,184878.0,479904.0,345689.0,39477.0
2020-05-18,225245.0,57087.0,51143.0,44811.0,212495.0,432026.0,386894.0,41205.0
2020-05-19,230774.0,60063.0,54613.0,48595.0,241983.0,386366.0,429779.0,42885.0
2020-05-20,233507.0,61595.0,57556.0,52238.0,274601.0,344208.0,473021.0,43242.0
2020-05-21,232189.0,62588.0,59833.0,55255.0,309476.0,305781.0,516900.0,43879.0
2020-05-22,227388.0,62817.0,61045.0,57344.0,345800.0,270101.0,560426.0,43526.0
2020-05-23,220675.0,62034.0,61399.0,59385.0,382621.0,237564.0,602455.0,42029.0
2020-05-24,210639.0,60834.0,61374.0,60330.0,421625.0,209620.0,643271.0,40816.0
2020-05-25,199748.0,58671.0,60002.0,60538.0,460456.0,184707.0,682171.0,38900.0
2020-05-26,187370.0,55485.0,58606.0,60012.0,499385.0,164221.0,718581.0,36410.0
2020-05-27,174275.0,52414.0,55864.0,58333.0,538022.0,146267.0,753115.0,34534.0
2020-05-28,160083.0,49112.0,53048.0,56519.0,575793.0,131367.0,784935.0,31820.0
2020-05-29,146200.0,45546.0,49944.0,54151.0,611367.0,118711.0,814019.0,29084.0
2020-05-30,132649.0,41597.0,46977.0,51132.0,645254.0,107859.0,840560.0,26541.0
2020-05-31,120420.0,38244.0,43280.0,48327.0,676788.0,98513.0,864641.0,24081.0
2020-06-01,108671.0,34853.0,40174.0,44872.0,706906.0,90852.0,886276.0,21635.0
2020-06-02,97113.0,31785.0,36403.0,41770.0,734933.0,84294.0,906003.0,19727.0
2020-06-03,86866.0,28424.0,33320.0,38215.0,760216.0,79081.0,923255.0,17252.0
2020-06-04,77532.0,25557.0,30301.0,35057.0,784114.0,74467.0,939060.0,15805.0
2020-06-05,69116.0,23011.0,27127.0,32230.0,804441.0,70767.0,953119.0,14059.0
2020-06-06,61416.0,20382.0,24319.0,28992.0,825046.0,67097.0,965573.0,12454.0
2020-06-07,54327.0,18302.0,21800.0,26029.0,842733.0,64431.0,976679.0,11106.0
2020-06-08,48017.0,16115.0,19682.0,23278.0,858084.0,61945.0,986390.0,9711.0
2020-06-09,42668.0,14224.0,17666.0,20923.0,871904.0,59601.0,994924.0,8534.0
2020-06-10,37869.0,12609.0,15503.0,18970.0,884143.0,57727.0,1002511.0,7587.0
2020-06-11,33276.0,11340.0,13893.0,16887.0,895238.0,56295.0,1009367.0,6856.0
2020-06-12,29140.0,9963.0,12293.0,15168.0,905587.0,54632.0,1015321.0,5954.0
2020-06-13,25493.0,8748.0,10846.0,13268.0,914801.0,53652.0,1020608.0,5287.0
2020-06-14,22541.0,7789.0,9632.0,11854.0,922172.0,52494.0,1025288.0,4680.0
2020-06-15,19953.0,6996.0,8458.0,10312.0,929599.0,51530.0,1029480.0,4192.0
2020-06-16,17703.0,5975.0,7551.0,9178.0,935071.0,50611.0,1032988.0,3508.0
2020-06-17,15582.0,5389.0,6617.0,8240.0,940870.0,49703.0,1036144.0,3156.0
2020-06-18,13780.0,4668.0,5864.0,7171.0,946405.0,49489.0,1038828.0,2684.0
2020-06-19,12069.0,4042.0,5103.0,6414.0,950624.0,49101.0,1041291.0,2463.0
2020-06-20,10699.0,3540.0,4467.0,5756.0,955894.0,48554.0,1043460.0,2169.0
2020-06-21,9366.0,3181.0,3952.0,4950.0,957946.0,48423.0,1045386.0,1926.0
2020-06-22,8257.0,2794.0,3484.0,4377.0,962327.0,47794.0,1047105.0,1719.0
2020-06-23,7090.0,2501.0,3020.0,3935.0,964495.0,47329.0,1048590.0,1485.0
2020-06-24,6281.0,2129.0,2691.0,3389.0,966534.0,47180.0,1049841.0,1251.0
2020-06-25,5521.0,1908.0,2439.0,2933.0,967549.0,46946.0,1051028.0,1187.0
2020-06-26,4981.0,1597.0,2159.0,2631.0,969829.0,46906.0,1051971.0,943.0
2020-06-27,4310.0,1480.0,1824.0,2267.0,971936.0,46661.0,1052873.0,902.0
2020-06-28,3689.0,1304.0,1610.0,1997.0,973241.0,46429.0,1053632.0,759.0
2020-06-29,3117.0,1153.0,1367.0,1672.0,973195.0,46684.0,1054329.0,697.0
2020-06-30,2728.0,957.0,1228.0,1477.0,976011.0,46625.0,1054915.0,586.0
2020-07-01,2369.0,820.0,1008.0,1379.0,977005.0,46642.0,1055363.0,448.0
2020-07-02,2066.0,733.0,919.0,1132.0,976256.0,46438.0,1055794.0,431.0
2020-07-03,1789.0,655.0,834.0,1006.0,978180.0,46337.0,1056173.0,379.0
2020-07-04,1604.0,562.0,671.0,918.0,978868.0,46269.0,1056473.0,300.0
2020-07-05,1416.0,483.0,596.0,805.0,980460.0,46421.0,1056755.0,282.0
2020-07-06,1249.0,439.0,559.0,673.0,980823.0,46517.0,1057026.0,271.0
