time,E,I1,I2,I3,R,S,cumI,diffI
2020-03-06,0.0,3.0,0.0,0.0,0.0,970374.0,0.0,0.0
2020-03-07,1.0,1.0,0.0,0.0,0.0,972487.0,0.0,0.0
2020-03-08,1.0,0.0,0.0,0.0,0.0,978331.0,0.0,0.0
2020-03-09,1.0,0.0,0.0,0.0,0.0,985830.0,0.0,0.0
2020-03-10,2.0,0.0,0.0,0.0,0.0,992027.0,0.0,0.0
2020-03-11,2.0,0.0,0.0,1.0,0.0,996449.0,1.0,1.0
2020-03-12,2.0,1.0,0.0,1.0,0.0,1001178.0,1.0,0.0
2020-03-13,4.0,1.0,0.0,1.0,0.0,1004366.0,2.0,1.0
2020-03-14,2.0,1.0,0.0,1.0,1.0,1006270.0,3.0,1.0
2020-03-15,3.0,0.0,2.0,1.0,1.0,1006809.0,4.0,1.0
2020-03-16,3.0,2.0,0.0,1.0,3.0,1007677.0,6.0,2.0
2020-03-17,4.0,0.0,1.0,1.0,1.0,1008228.0,6.0,0.0
2020-03-18,6.0,0.0,1.0,0.0,2.0,1009785.0,6.0,0.0
2020-03-19,5.0,0.0,0.0,0.0,2.0,1011509.0,6.0,0.0
2020-03-20,5.0,0.0,0.0,0.0,3.0,1012169.0,6.0,0.0
2020-03-21,5.0,1.0,1.0,1.0,3.0,1011710.0,7.0,1.0
2020-03-22,4.0,3.0,1.0,1.0,2.0,1012856.0,10.0,3.0
2020-03-23,6.0,1.0,1.0,2.0,2.0,1011967.0,10.0,0.0
2020-03-24,10.0,2.0,2.0,2.0,4.0,1013756.0,13.0,3.0
2020-03-25,18.0,5.0,1.0,3.0,7.0,1013675.0,17.0,4.0
2020-03-26,22.0,6.0,3.0,3.0,9.0,1015178.0,24.0,7.0
2020-03-27,30.0,2.0,3.0,5.0,9.0,1015801.0,27.0,3.0
2020-03-28,23.0,4.0,9.0,8.0,15.0,1016685.0,32.0,5.0
2020-03-29,28.0,6.0,8.0,6.0,23.0,1016873.0,39.0,7.0
2020-03-30,33.0,10.0,4.0,6.0,24.0,1015309.0,47.0,8.0
2020-03-31,43.0,18.0,10.0,3.0,24.0,1016568.0,58.0,11.0
2020-04-01,65.0,8.0,18.0,6.0,26.0,1015267.0,61.0,3.0
2020-04-02,82.0,14.0,16.0,10.0,33.0,1017151.0,72.0,11.0
2020-04-03,97.0,19.0,17.0,11.0,36.0,1017141.0,88.0,16.0
2020-04-04,120.0,20.0,20.0,17.0,40.0,1016525.0,106.0,18.0
2020-04-05,149.0,18.0,18.0,18.0,58.0,1015936.0,117.0,11.0
2020-04-06,153.0,36.0,28.0,15.0,82.0,1016405.0,152.0,35.0
2020-04-07,219.0,46.0,38.0,19.0,101.0,1016318.0,178.0,26.0
2020-04-08,240.0,53.0,46.0,26.0,110.0,1016991.0,216.0,38.0
2020-04-09,293.0,62.0,42.0,35.0,126.0,1017753.0,264.0,48.0
2020-04-10,358.0,86.0,56.0,47.0,142.0,1018701.0,337.0,73.0
2020-04-11,462.0,109.0,75.0,54.0,178.0,1019300.0,418.0,81.0
2020-04-12,554.0,105.0,97.0,72.0,210.0,1019109.0,492.0,74.0
2020-04-13,664.0,128.0,94.0,88.0,242.0,1018749.0,587.0,95.0
2020-04-14,792.0,154.0,126.0,86.0,301.0,1017126.0,713.0,126.0
2020-04-15,937.0,185.0,161.0,101.0,357.0,1016802.0,880.0,167.0
2020-04-16,1176.0,219.0,184.0,158.0,422.0,1016751.0,1060.0,180.0
2020-04-17,1389.0,260.0,214.0,174.0,537.0,1017363.0,1277.0,217.0
2020-04-18,1595.0,359.0,249.0,210.0,673.0,1015252.0,1570.0,293.0
2020-04-19,1983.0,395.0,323.0,245.0,787.0,1015750.0,1873.0,303.0
2020-04-20,2417.0,475.0,346.0,320.0,961.0,1015206.0,2229.0,356.0
2020-04-21,2852.0,625.0,426.0,352.0,1206.0,1015109.0,2737.0,508.0
2020-04-22,3404.0,734.0,513.0,435.0,1402.0,1014888.0,3292.0,555.0
2020-04-23,3969.0,859.0,636.0,503.0,1631.0,1014172.0,3937.0,645.0
2020-04-24,4846.0,994.0,800.0,576.0,2029.0,1013283.0,4732.0,795.0
2020-04-25,5908.0,1264.0,962.0,725.0,2442.0,1010938.0,5752.0,1020.0
2020-04-26,7082.0,1504.0,1140.0,835.0,2962.0,1009062.0,6887.0,1135.0
2020-04-27,8641.0,1738.0,1371.0,1025.0,3445.0,1006344.0,8257.0,1370.0
2020-04-28,10231.0,2197.0,1603.0,1234.0,4225.0,1002313.0,9976.0,1719.0
2020-04-29,12190.0,2658.0,2001.0,1574.0,5188.0,998351.0,12054.0,2078.0
2020-04-30,14893.0,3141.0,2369.0,1909.0,6335.0,993277.0,14468.0,2414.0
2020-05-01,17743.0,3798.0,2898.0,2250.0,7623.0,988350.0,17400.0,2932.0
2020-05-02,21248.0,4582.0,3512.0,2749.0,9056.0,982626.0,20932.0,3532.0
2020-05-03,25185.0,5318.0,4314.0,3195.0,11087.0,974273.0,25205.0,4273.0
2020-05-04,30201.0,6398.0,5129.0,3867.0,13440.0,963930.0,30232.0,5027.0
2020-05-05,35787.0,7796.0,6044.0,4683.0,16210.0,952490.0,36331.0,6099.0
2020-05-06,42735.0,9291.0,7217.0,5633.0,19415.0,937839.0,43603.0,7272.0
2020-05-07,50923.0,10800.0,8518.0,6756.0,23250.0,921713.0,52021.0,8418.0
2020-05-08,59655.0,12808.0,10035.0,8065.0,28097.0,904418.0,62174.0,10153.0
2020-05-09,69912.0,15250.0,11952.0,9483.0,33687.0,882736.0,73976.0,11802.0
2020-05-10,81535.0,17959.0,14217.0,11115.0,40021.0,858072.0,87855.0,13879.0
2020-05-11,94197.0,21118.0,16715.0,13024.0,47892.0,829060.0,104289.0,16434.0
2020-05-12,108278.0,24218.0,19795.0,15743.0,56978.0,797685.0,122908.0,18619.0
2020-05-13,123394.0,28013.0,22736.0,18325.0,67978.0,762156.0,144321.0,21413.0
2020-05-14,139751.0,31811.0,26298.0,21431.0,80394.0,722610.0,168664.0,24343.0
2020-05-15,156368.0,36563.0,29974.0,24569.0,95074.0,680048.0,196334.0,27670.0
2020-05-16,173011.0,40711.0,34014.0,28090.0,112499.0,635360.0,226949.0,30615.0
2020-05-17,188727.0,45228.0,38256.0,31552.0,131994.0,588233.0,260638.0,33689.0
2020-05-18,202809.0,49125.0,42657.0,35821.0,153960.0,540411.0,296769.0,36131.0
2020-05-19,215192.0,53060.0,46457.0,40139.0,177985.0,491818.0,335826.0,39057.0
2020-05-20,224622.0,56751.0,50331.0,44363.0,205287.0,443258.0,377041.0,41215.0
2020-05-21,231860.0,59184.0,54104.0,48301.0,234867.0,396638.0,419300.0,42259.0
2020-05-22,234124.0,61727.0,57038.0,51769.0,267784.0,352931.0,462994.0,43694.0
2020-05-23,234839.0,62622.0,59672.0,55236.0,302410.0,312065.0,506888.0,43894.0
2020-05-24,230751.0,63277.0,61145.0,57656.0,338720.0,275515.0,551186.0,44298.0
2020-05-25,223382.0,62999.0,61749.0,59480.0,377174.0,242286.0,594631.0,43445.0
2020-05-26,214570.0,61080.0,61702.0,60414.0,415953.0,213169.0,635491.0,40860.0
2020-05-27,203205.0,59033.0,60763.0,60746.0,455822.0,187372.0,674725.0,39234.0
2020-05-28,190069.0,56410.0,59168.0,60428.0,495032.0,166369.0,711797.0,37072.0
2020-05-29,176623.0,53362.0,56833.0,59327.0,533836.0,147124.0,746501.0,34704.0
2020-05-30,163081.0,50119.0,54296.0,57470.0,571816.0,131890.0,778639.0,32138.0
2020-05-31,149182.0,46198.0,50900.0,54987.0,608069.0,117996.0,807934.0,29295.0
2020-06-01,134940.0,42624.0,47556.0,51912.0,642259.0,106852.0,835043.0,27109.0
2020-06-02,121703.0,38678.0,44068.0,49127.0,674049.0,97637.0,859310.0,24267.0
2020-06-03,109644.0,35516.0,40848.0,45493.0,704697.0,89475.0,881371.0,22061.0
2020-06-04,98211.0,31768.0,36966.0,42529.0,732869.0,82698.0,900985.0,19614.0
2020-06-05,87438.0,28817.0,33970.0,38885.0,761144.0,76991.0,918977.0,17992.0
2020-06-06,78000.0,25690.0,30538.0,35453.0,784256.0,72423.0,934708.0,15731.0
2020-06-07,69523.0,23043.0,27329.0,32266.0,806335.0,68341.0,948732.0,14024.0
2020-06-08,61660.0,20594.0,24395.0,29090.0,826023.0,64458.0,961259.0,12527.0
2020-06-09,54167.0,18162.0,21918.0,26424.0,843772.0,61760.0,972367.0,11108.0
2020-06-10,47745.0,16267.0,19441.0,23585.0,859577.0,59284.0,982104.0,9737.0
2020-06-11,42229.0,14348.0,17528.0,21122.0,874371.0,57313.0,990789.0,8685.0
2020-06-12,37086.0,12631.0,15364.0,18877.0,886962.0,55589.0,998327.0,7538.0
2020-06-13,32467.0,11089.0,13644.0,16788.0,899198.0,53976.0,1004999.0,6672.0
2020-06-14,28533.0,9800.0,12036.0,14806.0,908465.0,52723.0,1010809.0,5810.0
2020-06-15,25144.0,8673.0,10564.0,12953.0,918131.0,51967.0,1015890.0,5081.0
2020-06-16,22215.0,7472.0,9284.0,11478.0,925021.0,50452.0,1020250.0,4360.0
2020-06-17,19370.0,6709.0,8210.0,10152.0,931190.0,49854.0,1024299.0,4049.0
2020-06-18,17165.0,5852.0,7264.0,8889.0,938638.0,49148.0,1027623.0,3324.0
2020-06-19,14937.0,5064.0,6406.0,7815.0,943323.0,48622.0,1030715.0,3092.0
2020-06-20,13042.0,4521.0,5470.0,6865.0,947706.0,48057.0,1033428.0,2713.0
2020-06-21,11331.0,3871.0,4860.0,6050.0,954208.0,47469.0,1035726.0,2298.0
2020-06-22,9938.0,3457.0,4266.0,5274.0,957238.0,47146.0,1037829.0,2103.0
2020-06-23,8776.0,2920.0,3664.0,4835.0,960340.0,46841.0,1039575.0,1746.0
2020-06-24,7734.0,2622.0,3245.0,4061.0,964498.0,46450.0,1041131.0,1556.0
2020-06-25,6607.0,2299.0,2940.0,3550.0,966712.0,46359.0,1042548.0,1417.0
2020-06-26,5709.0,2049.0,2523.0,3082.0,967843.0,46054.0,1043765.0,1217.0
2020-06-27,5028.0,1742.0,2125.0,2777.0,970331.0,45790.0,1044763.0,998.0
2020-06-28,4383.0,1505.0,1864.0,2358.0,971146.0,45829.0,1045635.0,872.0
2020-06-29,3806.0,1339.0,1640.0,2069.0,972469.0,45540.0,1046460.0,825.0
2020-06-30,3309.0,1207.0,1376.0,1788.0,974682.0,45393.0,1047151.0,691.0
2020-07-01,2944.0,1057.0,1258.0,1551.0,976019.0,45421.0,1047765.0,614.0
2020-07-02,2573.0,857.0,1174.0,1365.0,976137.0,45649.0,1048305.0,540.0
2020-07-03,2263.0,743.0,907.0,1261.0,976836.0,45621.0,1048756.0,451.0
2020-07-04,1977.0,687.0,846.0,1093.0,978537.0,45280.0,1049182.0,426.0
2020-07-05,1768.0,559.0,760.0,890.0,979047.0,45064.0,1049518.0,336.0
2020-07-06,1462.0,500.0,613.0,808.0,979656.0,44835.0,1049812.0,294.0
