time,E,I1,I2,I3,R,S,cumI,diffI
2020-03-06,1.0,3.0,0.0,0.0,0.0,970411.0,0.0,0.0
2020-03-07,2.0,1.0,0.0,1.0,0.0,972452.0,0.0,0.0
2020-03-08,4.0,0.0,0.0,1.0,1.0,979216.0,0.0,0.0
2020-03-09,1.0,0.0,0.0,1.0,2.0,986173.0,0.0,0.0
2020-03-10,1.0,0.0,0.0,0.0,3.0,991053.0,0.0,0.0
2020-03-11,0.0,0.0,0.0,0.0,2.0,997124.0,0.0,0.0
2020-03-12,0.0,0.0,0.0,0.0,3.0,1000626.0,0.0,0.0
2020-03-13,0.0,0.0,0.0,0.0,1.0,1004133.0,0.0,0.0
2020-03-14,2.0,0.0,0.0,0.0,1.0,1006182.0,0.0,0.0
2020-03-15,1.0,0.0,0.0,0.0,1.0,1007678.0,0.0,0.0
2020-03-16,3.0,0.0,0.0,0.0,2.0,1008947.0,0.0,0.0
2020-03-17,2.0,2.0,0.0,1.0,1.0,1011064.0,2.0,2.0
2020-03-18,3.0,0.0,0.0,1.0,2.0,1012512.0,2.0,0.0
2020-03-19,2.0,0.0,1.0,1.0,3.0,1014063.0,2.0,0.0
2020-03-20,5.0,0.0,1.0,1.0,4.0,1013841.0,3.0,1.0
2020-03-21,5.0,1.0,1.0,1.0,4.0,1014582.0,4.0,1.0
2020-03-22,2.0,2.0,1.0,0.0,7.0,1015225.0,5.0,1.0
2020-03-23,6.0,3.0,2.0,2.0,5.0,1015015.0,6.0,1.0
2020-03-24,14.0,1.0,4.0,1.0,6.0,1016445.0,8.0,2.0
2020-03-25,19.0,5.0,5.0,2.0,8.0,1015661.0,12.0,4.0
2020-03-26,26.0,7.0,3.0,4.0,10.0,1016254.0,17.0,5.0
2020-03-27,26.0,4.0,4.0,1.0,13.0,1016239.0,20.0,3.0
2020-03-28,18.0,7.0,4.0,4.0,15.0,1015811.0,27.0,7.0
2020-03-29,46.0,12.0,6.0,11.0,21.0,1014905.0,34.0,7.0
2020-03-30,63.0,14.0,10.0,7.0,29.0,1014934.0,46.0,12.0
2020-03-31,76.0,15.0,11.0,10.0,29.0,1015514.0,50.0,4.0
2020-04-01,87.0,12.0,17.0,9.0,31.0,1015672.0,59.0,9.0
2020-04-02,82.0,27.0,20.0,14.0,34.0,1015967.0,84.0,25.0
2020-04-03,114.0,21.0,24.0,16.0,48.0,1016588.0,98.0,14.0
2020-04-04,132.0,27.0,23.0,20.0,55.0,1016701.0,121.0,23.0
2020-04-05,167.0,33.0,25.0,25.0,68.0,1016527.0,144.0,23.0
2020-04-06,189.0,41.0,36.0,22.0,73.0,1016107.0,177.0,33.0
2020-04-07,219.0,42.0,34.0,27.0,98.0,1015575.0,211.0,34.0
2020-04-08,259.0,44.0,37.0,36.0,105.0,1016078.0,241.0,30.0
2020-04-09,279.0,69.0,34.0,33.0,138.0,1016972.0,294.0,53.0
2020-04-10,314.0,75.0,56.0,42.0,143.0,1017043.0,353.0,59.0
2020-04-11,395.0,71.0,58.0,54.0,180.0,1017875.0,415.0,62.0
2020-04-12,503.0,108.0,69.0,61.0,211.0,1018178.0,489.0,74.0
2020-04-13,623.0,131.0,88.0,79.0,280.0,1018500.0,596.0,107.0
2020-04-14,740.0,165.0,114.0,89.0,325.0,1017710.0,736.0,140.0
2020-04-15,893.0,189.0,135.0,109.0,368.0,1018351.0,873.0,137.0
2020-04-16,1075.0,250.0,181.0,137.0,450.0,1016753.0,1065.0,192.0
2020-04-17,1309.0,256.0,230.0,178.0,548.0,1017035.0,1273.0,208.0
2020-04-18,1538.0,326.0,265.0,194.0,648.0,1016186.0,1544.0,271.0
2020-04-19,1891.0,364.0,322.0,249.0,768.0,1016056.0,1856.0,312.0
2020-04-20,2330.0,476.0,379.0,283.0,948.0,1015212.0,2246.0,390.0
2020-04-21,2745.0,598.0,439.0,332.0,1163.0,1013723.0,2702.0,456.0
2020-04-22,3191.0,718.0,543.0,401.0,1353.0,1014031.0,3289.0,587.0
2020-04-23,3912.0,823.0,675.0,493.0,1648.0,1014582.0,3912.0,623.0
2020-04-24,4746.0,1040.0,739.0,588.0,1973.0,1012808.0,4723.0,811.0
2020-04-25,5668.0,1186.0,877.0,739.0,2322.0,1010356.0,5648.0,925.0
2020-04-26,6814.0,1462.0,1075.0,847.0,2850.0,1007714.0,6796.0,1148.0
2020-04-27,8266.0,1762.0,1357.0,1007.0,3490.0,1006201.0,8166.0,1370.0
2020-04-28,9980.0,2122.0,1655.0,1257.0,4173.0,1002567.0,9863.0,1697.0
2020-04-29,11789.0,2489.0,1956.0,1461.0,5095.0,998847.0,11891.0,2028.0
2020-04-30,14088.0,3039.0,2350.0,1804.0,6048.0,995573.0,14309.0,2418.0
2020-05-01,16886.0,3512.0,2737.0,2194.0,7383.0,989908.0,17077.0,2768.0
2020-05-02,20060.0,4235.0,3356.0,2485.0,8808.0,983529.0,20473.0,3396.0
2020-05-03,23907.0,5064.0,3964.0,3084.0,10565.0,976458.0,24496.0,4023.0
2020-05-04,28685.0,6074.0,4611.0,3756.0,12719.0,966046.0,29284.0,4788.0
2020-05-05,33986.0,7249.0,5580.0,4423.0,15279.0,956393.0,34966.0,5682.0
2020-05-06,40329.0,8498.0,6826.0,5268.0,18456.0,942418.0,41627.0,6661.0
2020-05-07,47853.0,10369.0,8014.0,6208.0,22400.0,929061.0,49774.0,8147.0
2020-05-08,56648.0,12208.0,9591.0,7559.0,26591.0,910059.0,59295.0,9521.0
2020-05-09,66109.0,14372.0,11371.0,9002.0,31952.0,889359.0,70480.0,11185.0
2020-05-10,77148.0,16949.0,13270.0,10676.0,38293.0,866761.0,83687.0,13207.0
2020-05-11,89266.0,19546.0,15660.0,12467.0,45592.0,840509.0,98905.0,15218.0
2020-05-12,102846.0,22743.0,18220.0,14789.0,54140.0,810822.0,116446.0,17541.0
2020-05-13,117596.0,26371.0,21275.0,17151.0,64611.0,776036.0,136717.0,20271.0
2020-05-14,133377.0,30201.0,24668.0,20005.0,76428.0,738570.0,159878.0,23161.0
2020-05-15,150031.0,34261.0,28328.0,23051.0,89910.0,697651.0,185946.0,26068.0
2020-05-16,166527.0,38605.0,31862.0,26507.0,105450.0,654357.0,214921.0,28975.0
2020-05-17,182550.0,43146.0,36169.0,29985.0,123851.0,608778.0,247032.0,32111.0
2020-05-18,197155.0,47227.0,40691.0,34165.0,144615.0,561871.0,282417.0,35385.0
2020-05-19,210118.0,51536.0,44977.0,38533.0,167468.0,513028.0,320318.0,37901.0
2020-05-20,220899.0,54887.0,48689.0,42225.0,193516.0,464165.0,360323.0,40005.0
2020-05-21,229015.0,58026.0,52277.0,46196.0,222128.0,417234.0,402144.0,41821.0
2020-05-22,233213.0,60413.0,55526.0,49833.0,253236.0,372339.0,445246.0,43102.0
2020-05-23,234443.0,61729.0,58586.0,52896.0,286312.0,330315.0,489194.0,43948.0
2020-05-24,231736.0,62373.0,60326.0,55937.0,321605.0,292224.0,532762.0,43568.0
2020-05-25,225870.0,62512.0,61405.0,58094.0,358868.0,258228.0,575936.0,43174.0
2020-05-26,217326.0,61562.0,61907.0,59982.0,396697.0,227519.0,617841.0,41905.0
2020-05-27,207556.0,60404.0,61227.0,60731.0,436268.0,200383.0,658307.0,40466.0
2020-05-28,195507.0,57662.0,59881.0,60788.0,475429.0,177476.0,696457.0,38150.0
2020-05-29,182608.0,54675.0,57825.0,60010.0,514193.0,158066.0,732404.0,35947.0
2020-05-30,169126.0,51498.0,55769.0,58198.0,551779.0,140790.0,765794.0,33390.0
2020-05-31,154970.0,47969.0,52548.0,55732.0,588626.0,126343.0,796701.0,30907.0
2020-06-01,142033.0,44186.0,49229.0,53309.0,623872.0,114180.0,824577.0,27876.0
2020-06-02,128829.0,40806.0,45289.0,50333.0,656174.0,103946.0,850383.0,25806.0
2020-06-03,115759.0,37515.0,42039.0,47334.0,688679.0,95866.0,873770.0,23387.0
2020-06-04,103998.0,33804.0,38914.0,43810.0,715972.0,88451.0,894650.0,20880.0
2020-06-05,93622.0,30248.0,35670.0,40752.0,743771.0,82058.0,913425.0,18775.0
2020-06-06,83471.0,27207.0,32183.0,37402.0,768306.0,76622.0,930072.0,16647.0
2020-06-07,74693.0,24569.0,29118.0,34015.0,790790.0,72246.0,945165.0,15093.0
2020-06-08,66372.0,22247.0,26121.0,30808.0,812186.0,68472.0,958568.0,13403.0
2020-06-09,58373.0,19765.0,23802.0,27862.0,830563.0,64941.0,970542.0,11974.0
2020-06-10,51882.0,17549.0,21219.0,25115.0,847403.0,62555.0,981163.0,10621.0
2020-06-11,45742.0,15675.0,19055.0,22626.0,862259.0,60121.0,990514.0,9351.0
2020-06-12,40741.0,13857.0,16853.0,20164.0,876883.0,57836.0,998816.0,8302.0
2020-06-13,36127.0,12185.0,14858.0,18275.0,889184.0,56295.0,1006170.0,7354.0
2020-06-14,31931.0,10827.0,13093.0,16071.0,900443.0,54620.0,1012668.0,6498.0
2020-06-15,27905.0,9695.0,11657.0,14322.0,909468.0,53417.0,1018496.0,5828.0
2020-06-16,24487.0,8391.0,10527.0,12578.0,917797.0,52442.0,1023497.0,5001.0
2020-06-17,21595.0,7244.0,9255.0,11230.0,925283.0,51662.0,1027832.0,4335.0
2020-06-18,18978.0,6500.0,7893.0,10026.0,932644.0,50728.0,1031675.0,3843.0
2020-06-19,16614.0,5740.0,7054.0,8858.0,938814.0,50162.0,1035074.0,3399.0
2020-06-20,14639.0,5121.0,6136.0,7660.0,944382.0,49299.0,1038012.0,2938.0
2020-06-21,12940.0,4410.0,5440.0,6832.0,948434.0,48495.0,1040683.0,2671.0
2020-06-22,11340.0,3854.0,4716.0,6002.0,952818.0,48448.0,1043003.0,2320.0
2020-06-23,9915.0,3420.0,4331.0,5257.0,956088.0,48061.0,1045128.0,2125.0
2020-06-24,8646.0,3030.0,3658.0,4716.0,959747.0,47800.0,1046966.0,1838.0
2020-06-25,7490.0,2700.0,3359.0,4021.0,963665.0,47402.0,1048561.0,1595.0
2020-06-26,6541.0,2338.0,2942.0,3539.0,965800.0,47298.0,1049893.0,1332.0
2020-06-27,5834.0,2048.0,2571.0,3156.0,967052.0,47009.0,1051093.0,1200.0
2020-06-28,5030.0,1825.0,2270.0,2803.0,968788.0,46894.0,1052177.0,1084.0
2020-06-29,4408.0,1582.0,1980.0,2484.0,970637.0,46837.0,1053143.0,966.0
2020-06-30,3829.0,1392.0,1703.0,2115.0,973009.0,46780.0,1053908.0,765.0
2020-07-01,3318.0,1256.0,1565.0,1829.0,975666.0,46693.0,1054643.0,735.0
2020-07-02,2954.0,1047.0,1411.0,1634.0,974867.0,46509.0,1055210.0,567.0
2020-07-03,2631.0,905.0,1141.0,1403.0,975000.0,46420.0,1055724.0,514.0
2020-07-04,2317.0,784.0,1008.0,1248.0,976100.0,46419.0,1056155.0,431.0
2020-07-05,1989.0,697.0,863.0,1133.0,977406.0,46206.0,1056560.0,405.0
2020-07-06,1775.0,596.0,729.0,949.0,977866.0,46057.0,1056917.0,357.0
