time,E,I1,I2,I3,R,S,cumI,diffI
2020-03-06,0.0,1.0,0.0,0.0,0.0,970790.0,0.0,0.0
2020-03-07,1.0,1.0,0.0,0.0,0.0,973775.0,1.0,1.0
2020-03-08,2.0,1.0,0.0,0.0,0.0,981068.0,1.0,0.0
2020-03-09,2.0,1.0,0.0,0.0,0.0,988076.0,1.0,0.0
2020-03-10,0.0,1.0,0.0,0.0,0.0,993553.0,1.0,0.0
2020-03-11,2.0,0.0,2.0,0.0,0.0,997828.0,2.0,1.0
2020-03-12,1.0,1.0,1.0,0.0,0.0,1001332.0,3.0,1.0
2020-03-13,0.0,1.0,0.0,0.0,2.0,1003977.0,3.0,0.0
2020-03-14,1.0,0.0,2.0,0.0,2.0,1006776.0,3.0,0.0
2020-03-15,4.0,1.0,0.0,0.0,4.0,1008250.0,4.0,1.0
2020-03-16,5.0,1.0,0.0,1.0,4.0,1009908.0,5.0,1.0
2020-03-17,5.0,0.0,0.0,0.0,4.0,1009155.0,5.0,0.0
2020-03-18,3.0,0.0,2.0,0.0,3.0,1010812.0,6.0,1.0
2020-03-19,2.0,1.0,4.0,0.0,3.0,1010637.0,6.0,0.0
2020-03-20,1.0,2.0,3.0,2.0,3.0,1010735.0,8.0,2.0
2020-03-21,10.0,1.0,2.0,3.0,2.0,1013175.0,8.0,0.0
2020-03-22,13.0,3.0,2.0,4.0,4.0,1013148.0,10.0,2.0
2020-03-23,15.0,3.0,3.0,4.0,1.0,1014107.0,12.0,2.0
2020-03-24,18.0,4.0,4.0,0.0,8.0,1014105.0,16.0,4.0
2020-03-25,23.0,6.0,2.0,4.0,9.0,1013893.0,20.0,4.0
2020-03-26,27.0,4.0,7.0,5.0,14.0,1014583.0,26.0,6.0
2020-03-27,30.0,9.0,4.0,7.0,26.0,1015465.0,34.0,8.0
2020-03-28,36.0,10.0,8.0,6.0,24.0,1015496.0,38.0,4.0
2020-03-29,48.0,13.0,12.0,8.0,30.0,1014279.0,46.0,8.0
2020-03-30,67.0,16.0,9.0,10.0,29.0,1015092.0,56.0,10.0
2020-03-31,87.0,20.0,18.0,7.0,34.0,1015662.0,70.0,14.0
2020-04-01,99.0,21.0,19.0,10.0,36.0,1015622.0,83.0,13.0
2020-04-02,118.0,29.0,22.0,13.0,38.0,1015596.0,106.0,23.0
2020-04-03,131.0,38.0,28.0,17.0,39.0,1016855.0,131.0,25.0
2020-04-04,176.0,30.0,30.0,17.0,54.0,1016584.0,149.0,18.0
2020-04-05,202.0,33.0,34.0,17.0,63.0,1016317.0,174.0,25.0
2020-04-06,246.0,45.0,34.0,24.0,69.0,1017709.0,210.0,36.0
2020-04-07,276.0,50.0,39.0,34.0,97.0,1017475.0,254.0,44.0
2020-04-08,343.0,67.0,43.0,35.0,133.0,1018536.0,310.0,56.0
2020-04-09,402.0,76.0,73.0,40.0,162.0,1018602.0,370.0,60.0
2020-04-10,495.0,115.0,73.0,67.0,201.0,1018357.0,461.0,91.0
2020-04-11,617.0,111.0,102.0,77.0,234.0,1017860.0,550.0,89.0
2020-04-12,731.0,142.0,118.0,75.0,295.0,1018107.0,661.0,111.0
2020-04-13,817.0,198.0,148.0,113.0,310.0,1017538.0,811.0,150.0
2020-04-14,1020.0,247.0,189.0,123.0,419.0,1017452.0,997.0,186.0
2020-04-15,1267.0,244.0,244.0,176.0,529.0,1016608.0,1180.0,183.0
2020-04-16,1582.0,299.0,261.0,223.0,658.0,1016986.0,1429.0,249.0
2020-04-17,1887.0,381.0,294.0,227.0,791.0,1017241.0,1722.0,293.0
2020-04-18,2186.0,473.0,367.0,257.0,923.0,1015657.0,2087.0,365.0
2020-04-19,2636.0,525.0,473.0,326.0,1087.0,1015975.0,2548.0,461.0
2020-04-20,3167.0,670.0,523.0,387.0,1358.0,1015230.0,3064.0,516.0
2020-04-21,3782.0,833.0,607.0,493.0,1616.0,1013023.0,3714.0,650.0
2020-04-22,4717.0,947.0,745.0,588.0,1949.0,1012617.0,4441.0,727.0
2020-04-23,5634.0,1242.0,942.0,716.0,2383.0,1010065.0,5425.0,984.0
2020-04-24,6821.0,1477.0,1120.0,815.0,2954.0,1007928.0,6569.0,1144.0
2020-04-25,8160.0,1727.0,1340.0,1022.0,3477.0,1005076.0,7909.0,1340.0
2020-04-26,9821.0,2094.0,1632.0,1226.0,4173.0,1003065.0,9618.0,1709.0
2020-04-27,11643.0,2447.0,1973.0,1493.0,5046.0,998898.0,11550.0,1932.0
2020-04-28,13959.0,2915.0,2308.0,1716.0,6030.0,994187.0,13862.0,2312.0
2020-04-29,16601.0,3562.0,2740.0,2144.0,7230.0,988727.0,16687.0,2825.0
2020-04-30,19986.0,4236.0,3280.0,2569.0,8717.0,982977.0,19971.0,3284.0
2020-05-01,23763.0,5108.0,4018.0,3045.0,10400.0,975925.0,23969.0,3998.0
2020-05-02,28609.0,6212.0,4822.0,3630.0,12560.0,966972.0,28785.0,4816.0
2020-05-03,33995.0,7512.0,5766.0,4309.0,15182.0,955058.0,34680.0,5895.0
2020-05-04,40587.0,8825.0,6887.0,5354.0,18228.0,941964.0,41512.0,6832.0
2020-05-05,47920.0,10311.0,8002.0,6293.0,21991.0,927482.0,49525.0,8013.0
2020-05-06,56447.0,12167.0,9652.0,7464.0,26246.0,910379.0,58962.0,9437.0
2020-05-07,66598.0,14289.0,11549.0,8940.0,31636.0,889634.0,70221.0,11259.0
2020-05-08,77610.0,16780.0,13498.0,10604.0,37898.0,866820.0,83406.0,13185.0
2020-05-09,89987.0,19813.0,15636.0,12400.0,45390.0,839366.0,98786.0,15380.0
2020-05-10,103698.0,22968.0,18436.0,14583.0,54334.0,809119.0,116458.0,17672.0
2020-05-11,117991.0,26911.0,21483.0,17220.0,63913.0,776242.0,137049.0,20591.0
2020-05-12,134333.0,30676.0,25043.0,20153.0,76001.0,737881.0,160343.0,23294.0
2020-05-13,151204.0,34526.0,28607.0,23385.0,90068.0,698068.0,186602.0,26259.0
2020-05-14,167758.0,38881.0,32620.0,26954.0,106172.0,652591.0,215978.0,29376.0
2020-05-15,182904.0,43478.0,36557.0,30650.0,124613.0,606688.0,248796.0,32818.0
2020-05-16,197905.0,47426.0,40929.0,34462.0,145120.0,558704.0,283842.0,35046.0
2020-05-17,210521.0,51634.0,45008.0,38567.0,168320.0,509614.0,321797.0,37955.0
2020-05-18,221985.0,55221.0,49070.0,42736.0,194803.0,461889.0,362055.0,40258.0
2020-05-19,229383.0,58153.0,52720.0,46560.0,223216.0,414909.0,404089.0,42034.0
2020-05-20,233492.0,60834.0,55769.0,49978.0,254890.0,371084.0,447286.0,43197.0
2020-05-21,234461.0,62468.0,58165.0,53345.0,288597.0,329546.0,491193.0,43907.0
2020-05-22,231520.0,63091.0,60168.0,56057.0,323894.0,291143.0,535097.0,43904.0
2020-05-23,226032.0,62732.0,61307.0,58179.0,360398.0,257000.0,578146.0,43049.0
2020-05-24,217778.0,61648.0,61755.0,59948.0,398456.0,226348.0,619868.0,41722.0
2020-05-25,207002.0,60097.0,61033.0,60837.0,438668.0,200210.0,660003.0,40135.0
2020-05-26,195872.0,57501.0,59898.0,60391.0,477234.0,176231.0,698022.0,38019.0
2020-05-27,182906.0,54424.0,57607.0,59242.0,515520.0,157109.0,733666.0,35644.0
2020-05-28,169073.0,51343.0,55177.0,57773.0,552483.0,140217.0,767005.0,33339.0
2020-05-29,155081.0,47771.0,52454.0,56092.0,589447.0,126096.0,797766.0,30761.0
2020-05-30,141389.0,44142.0,49160.0,53102.0,623629.0,113906.0,825984.0,28218.0
2020-05-31,128339.0,40353.0,45512.0,50305.0,657750.0,104205.0,851455.0,25471.0
2020-06-01,115996.0,36805.0,42216.0,46972.0,687556.0,95762.0,874798.0,23343.0
2020-06-02,104103.0,33765.0,38774.0,43751.0,717382.0,88764.0,895731.0,20933.0
2020-06-03,93140.0,30498.0,35481.0,40512.0,744161.0,82086.0,914627.0,18896.0
2020-06-04,83397.0,27581.0,32036.0,37103.0,769715.0,76950.0,931434.0,16807.0
2020-06-05,74336.0,24749.0,29182.0,33681.0,791654.0,72283.0,946490.0,15056.0
2020-06-06,66103.0,21685.0,26196.0,30719.0,812409.0,68679.0,959594.0,13104.0
2020-06-07,58583.0,19693.0,23547.0,27800.0,831682.0,65454.0,971470.0,11876.0
2020-06-08,52016.0,17368.0,21237.0,25267.0,847866.0,63238.0,982084.0,10614.0
2020-06-09,46212.0,15551.0,18616.0,22540.0,863425.0,60771.0,991422.0,9338.0
2020-06-10,40877.0,13819.0,16667.0,20293.0,876780.0,58972.0,999598.0,8176.0
2020-06-11,35756.0,12311.0,14881.0,18124.0,889789.0,56865.0,1007039.0,7441.0
2020-06-12,31903.0,10832.0,13071.0,16126.0,900604.0,55681.0,1013375.0,6336.0
2020-06-13,28043.0,9652.0,11462.0,14317.0,908565.0,54424.0,1019245.0,5870.0
2020-06-14,24794.0,8379.0,10254.0,12666.0,916541.0,53108.0,1024272.0,5027.0
2020-06-15,21860.0,7405.0,9163.0,11100.0,924872.0,52584.0,1028663.0,4391.0
2020-06-16,19260.0,6530.0,8063.0,9832.0,932992.0,51459.0,1032504.0,3841.0
2020-06-17,17059.0,5762.0,7111.0,8685.0,939327.0,51001.0,1035920.0,3416.0
2020-06-18,14778.0,5126.0,6362.0,7820.0,943545.0,50216.0,1039025.0,3105.0
2020-06-19,12906.0,4380.0,5486.0,6981.0,947134.0,49579.0,1041616.0,2591.0
2020-06-20,11406.0,3994.0,4871.0,6123.0,952326.0,49126.0,1043968.0,2352.0
2020-06-21,10099.0,3499.0,4369.0,5509.0,955557.0,48699.0,1046051.0,2083.0
2020-06-22,8837.0,3014.0,3841.0,4866.0,959060.0,48326.0,1047861.0,1810.0
2020-06-23,7636.0,2657.0,3318.0,4236.0,963322.0,48116.0,1049460.0,1599.0
2020-06-24,6659.0,2399.0,2994.0,3644.0,964861.0,47639.0,1050886.0,1426.0
2020-06-25,5806.0,2085.0,2592.0,3245.0,967811.0,47272.0,1052070.0,1184.0
2020-06-26,5194.0,1789.0,2281.0,2837.0,969607.0,47249.0,1053083.0,1013.0
2020-06-27,4552.0,1602.0,1987.0,2484.0,972252.0,47168.0,1054046.0,963.0
2020-06-28,4020.0,1377.0,1769.0,2180.0,973401.0,47069.0,1054881.0,835.0
2020-06-29,3546.0,1268.0,1447.0,1891.0,974376.0,46826.0,1055560.0,679.0
2020-06-30,3104.0,1048.0,1327.0,1644.0,976009.0,46808.0,1056147.0,587.0
2020-07-01,2679.0,929.0,1167.0,1457.0,977030.0,46791.0,1056711.0,564.0
2020-07-02,2335.0,803.0,1018.0,1279.0,976637.0,46613.0,1057162.0,451.0
2020-07-03,2040.0,719.0,906.0,1131.0,977820.0,46507.0,1057596.0,434.0
2020-07-04,1763.0,649.0,757.0,1026.0,978728.0,46360.0,1057944.0,348.0
2020-07-05,1548.0,518.0,716.0,837.0,979835.0,46556.0,1058265.0,321.0
2020-07-06,1311.0,451.0,588.0,774.0,980811.0,46260.0,1058543.0,278.0
