time,E,I1,I2,I3,R,S,cumI,diffI
2020-03-06,1.0,3.0,0.0,0.0,0.0,970493.0,0.0,0.0
2020-03-07,4.0,1.0,0.0,0.0,0.0,974716.0,0.0,0.0
2020-03-08,4.0,2.0,0.0,0.0,0.0,979750.0,1.0,1.0
2020-03-09,3.0,1.0,0.0,0.0,0.0,986179.0,2.0,1.0
2020-03-10,2.0,0.0,2.0,0.0,0.0,991858.0,3.0,1.0
2020-03-11,2.0,3.0,0.0,2.0,0.0,994950.0,5.0,2.0
2020-03-12,3.0,1.0,0.0,1.0,0.0,999208.0,5.0,0.0
2020-03-13,3.0,1.0,0.0,0.0,2.0,1002124.0,5.0,0.0
2020-03-14,1.0,1.0,0.0,1.0,2.0,1004719.0,6.0,1.0
2020-03-15,3.0,0.0,2.0,0.0,2.0,1007063.0,7.0,1.0
2020-03-16,5.0,1.0,5.0,0.0,1.0,1008969.0,8.0,1.0
2020-03-17,10.0,3.0,3.0,1.0,1.0,1009349.0,10.0,2.0
2020-03-18,10.0,5.0,1.0,5.0,2.0,1011129.0,12.0,2.0
2020-03-19,6.0,2.0,1.0,4.0,3.0,1012065.0,14.0,2.0
2020-03-20,13.0,1.0,1.0,2.0,3.0,1013947.0,14.0,0.0
2020-03-21,13.0,0.0,3.0,2.0,7.0,1014272.0,17.0,3.0
2020-03-22,12.0,3.0,3.0,1.0,5.0,1013841.0,22.0,5.0
2020-03-23,13.0,1.0,1.0,2.0,7.0,1013993.0,22.0,0.0
2020-03-24,16.0,3.0,2.0,2.0,8.0,1012922.0,25.0,3.0
2020-03-25,26.0,5.0,3.0,1.0,10.0,1014188.0,28.0,3.0
2020-03-26,24.0,4.0,6.0,3.0,12.0,1015471.0,31.0,3.0
2020-03-27,36.0,7.0,3.0,3.0,13.0,1016603.0,36.0,5.0
2020-03-28,47.0,9.0,9.0,2.0,18.0,1016968.0,46.0,10.0
2020-03-29,49.0,8.0,10.0,6.0,21.0,1016152.0,54.0,8.0
2020-03-30,55.0,16.0,6.0,8.0,29.0,1016797.0,65.0,11.0
2020-03-31,72.0,11.0,14.0,11.0,33.0,1017754.0,76.0,11.0
2020-04-01,88.0,12.0,12.0,11.0,39.0,1017694.0,86.0,10.0
2020-04-02,99.0,24.0,14.0,13.0,46.0,1018024.0,109.0,23.0
2020-04-03,131.0,25.0,20.0,15.0,60.0,1017406.0,129.0,20.0
2020-04-04,163.0,39.0,28.0,19.0,79.0,1016098.0,161.0,32.0
2020-04-05,181.0,42.0,37.0,25.0,84.0,1016038.0,197.0,36.0
2020-04-06,237.0,44.0,34.0,27.0,100.0,1016733.0,228.0,31.0
2020-04-07,271.0,53.0,43.0,25.0,115.0,1018404.0,276.0,48.0
2020-04-08,307.0,63.0,55.0,33.0,129.0,1017318.0,331.0,55.0
2020-04-09,399.0,78.0,64.0,44.0,168.0,1017197.0,387.0,56.0
2020-04-10,463.0,93.0,74.0,57.0,193.0,1018082.0,456.0,69.0
2020-04-11,529.0,110.0,83.0,66.0,212.0,1016875.0,559.0,103.0
2020-04-12,653.0,146.0,99.0,107.0,252.0,1017618.0,681.0,122.0
2020-04-13,810.0,144.0,126.0,123.0,346.0,1017719.0,803.0,122.0
2020-04-14,937.0,199.0,129.0,137.0,419.0,1017479.0,964.0,161.0
2020-04-15,1116.0,237.0,176.0,133.0,521.0,1017856.0,1123.0,159.0
2020-04-16,1362.0,285.0,204.0,167.0,583.0,1017138.0,1348.0,225.0
2020-04-17,1599.0,377.0,262.0,187.0,705.0,1017345.0,1652.0,304.0
2020-04-18,1988.0,433.0,337.0,253.0,825.0,1017133.0,1991.0,339.0
2020-04-19,2416.0,521.0,388.0,302.0,993.0,1014665.0,2394.0,403.0
2020-04-20,2829.0,627.0,460.0,322.0,1265.0,1014213.0,2890.0,496.0
2020-04-21,3403.0,750.0,589.0,407.0,1472.0,1014120.0,3480.0,590.0
2020-04-22,4191.0,845.0,665.0,527.0,1730.0,1014149.0,4107.0,627.0
2020-04-23,5065.0,1027.0,781.0,636.0,2114.0,1012076.0,4942.0,835.0
2020-04-24,6081.0,1274.0,908.0,763.0,2522.0,1010057.0,5967.0,1025.0
2020-04-25,7267.0,1499.0,1169.0,902.0,3144.0,1007663.0,7163.0,1196.0
2020-04-26,8754.0,1859.0,1361.0,1116.0,3750.0,1004303.0,8668.0,1505.0
2020-04-27,10458.0,2169.0,1749.0,1280.0,4595.0,1001632.0,10395.0,1727.0
2020-04-28,12697.0,2601.0,2090.0,1560.0,5472.0,997060.0,12499.0,2104.0
2020-04-29,15151.0,3225.0,2379.0,1889.0,6660.0,991982.0,15052.0,2553.0
2020-04-30,18225.0,3849.0,3020.0,2242.0,7977.0,985856.0,18077.0,3025.0
2020-05-01,21730.0,4544.0,3606.0,2776.0,9563.0,978523.0,21651.0,3574.0
2020-05-02,25913.0,5332.0,4209.0,3263.0,11593.0,972461.0,25893.0,4242.0
2020-05-03,30697.0,6386.0,5077.0,3874.0,13838.0,961594.0,30995.0,5102.0
2020-05-04,36628.0,7758.0,6006.0,4696.0,16420.0,949779.0,37120.0,6125.0
2020-05-05,43219.0,9480.0,7144.0,5595.0,19707.0,936346.0,44593.0,7473.0
2020-05-06,51161.0,11145.0,8643.0,6705.0,23518.0,921549.0,53181.0,8588.0
2020-05-07,59669.0,12830.0,10274.0,7839.0,28257.0,903087.0,63239.0,10058.0
2020-05-08,70111.0,15332.0,11908.0,9505.0,33740.0,881568.0,75270.0,12031.0
2020-05-09,81869.0,18092.0,14294.0,11200.0,40721.0,856771.0,89387.0,14117.0
2020-05-10,94447.0,20939.0,16809.0,13348.0,48509.0,829204.0,105663.0,16276.0
2020-05-11,108480.0,24172.0,19420.0,15576.0,57891.0,796868.0,124216.0,18553.0
2020-05-12,124139.0,27874.0,22372.0,18362.0,68897.0,761796.0,145604.0,21388.0
2020-05-13,140661.0,31912.0,26021.0,21071.0,81527.0,722752.0,169724.0,24120.0
2020-05-14,156757.0,36118.0,29873.0,24285.0,95930.0,679994.0,197356.0,27632.0
2020-05-15,172599.0,40267.0,33983.0,28019.0,112642.0,635912.0,227884.0,30528.0
2020-05-16,188392.0,44901.0,38071.0,31993.0,131812.0,587921.0,261418.0,33534.0
2020-05-17,202324.0,49136.0,42118.0,36043.0,154115.0,539872.0,297671.0,36253.0
2020-05-18,214482.0,52932.0,46491.0,39847.0,178105.0,491618.0,336614.0,38943.0
2020-05-19,224257.0,56367.0,50208.0,44134.0,204499.0,443268.0,377489.0,40875.0
2020-05-20,231273.0,59169.0,54151.0,47819.0,234066.0,397428.0,420254.0,42765.0
2020-05-21,233920.0,61056.0,57066.0,51557.0,266357.0,354158.0,463481.0,43227.0
2020-05-22,233365.0,62013.0,59141.0,54584.0,300176.0,313638.0,507245.0,43764.0
2020-05-23,229336.0,62948.0,60581.0,56974.0,336984.0,277574.0,550874.0,43629.0
2020-05-24,222323.0,61943.0,61829.0,58907.0,374178.0,244282.0,593343.0,42469.0
2020-05-25,212788.0,60711.0,61726.0,60341.0,412434.0,215292.0,634435.0,41092.0
2020-05-26,202192.0,58800.0,60552.0,60478.0,453243.0,190400.0,673865.0,39430.0
2020-05-27,189943.0,56119.0,58642.0,60105.0,491659.0,168625.0,710979.0,37114.0
2020-05-28,176678.0,52910.0,57038.0,58744.0,529584.0,149856.0,745791.0,34812.0
2020-05-29,162568.0,49855.0,54293.0,56913.0,567443.0,134697.0,777910.0,32119.0
2020-05-30,148791.0,46534.0,51016.0,54496.0,604345.0,121250.0,807633.0,29723.0
2020-05-31,135755.0,42555.0,47682.0,52157.0,638069.0,109545.0,834573.0,26940.0
2020-06-01,122870.0,38931.0,44578.0,49094.0,670844.0,100256.0,859207.0,24634.0
2020-06-02,110753.0,35706.0,41155.0,45967.0,700007.0,92008.0,881629.0,22422.0
2020-06-03,99587.0,32284.0,37432.0,42475.0,728033.0,84979.0,901492.0,19863.0
2020-06-04,88751.0,28954.0,34238.0,39084.0,753321.0,79603.0,919492.0,18000.0
2020-06-05,79695.0,26059.0,31020.0,35576.0,778158.0,74978.0,935439.0,15947.0
2020-06-06,71167.0,23613.0,28081.0,32585.0,800141.0,70881.0,949777.0,14338.0
2020-06-07,63543.0,20942.0,25104.0,29796.0,820428.0,67200.0,962420.0,12643.0
2020-06-08,56321.0,18804.0,22561.0,26764.0,838104.0,64375.0,973803.0,11383.0
2020-06-09,49582.0,16786.0,20297.0,24259.0,854786.0,62080.0,984077.0,10274.0
2020-06-10,43696.0,14867.0,18119.0,21818.0,868743.0,60153.0,993036.0,8959.0
2020-06-11,38675.0,13112.0,16230.0,19418.0,881419.0,57751.0,1000934.0,7898.0
2020-06-12,33990.0,11440.0,14238.0,17376.0,894115.0,56381.0,1007775.0,6841.0
2020-06-13,29893.0,10139.0,12704.0,15356.0,905003.0,54854.0,1013888.0,6113.0
2020-06-14,26396.0,9046.0,11038.0,13714.0,914558.0,53756.0,1019309.0,5421.0
2020-06-15,23402.0,7881.0,9898.0,11791.0,922041.0,52423.0,1024019.0,4710.0
2020-06-16,20582.0,7040.0,8678.0,10576.0,928418.0,51621.0,1028139.0,4120.0
2020-06-17,18055.0,6193.0,7677.0,9308.0,935409.0,50701.0,1031796.0,3657.0
2020-06-18,15756.0,5447.0,6783.0,8189.0,941066.0,50006.0,1035094.0,3298.0
2020-06-19,13832.0,4651.0,5850.0,7480.0,945696.0,49435.0,1037903.0,2809.0
2020-06-20,12281.0,4109.0,5185.0,6479.0,951993.0,48691.0,1040343.0,2440.0
2020-06-21,10883.0,3685.0,4508.0,5723.0,954972.0,48413.0,1042549.0,2206.0
2020-06-22,9576.0,3277.0,4070.0,5087.0,957713.0,48246.0,1044500.0,1951.0
2020-06-23,8394.0,2814.0,3460.0,4456.0,961260.0,48076.0,1046143.0,1643.0
2020-06-24,7368.0,2531.0,3058.0,3909.0,964259.0,47864.0,1047665.0,1522.0
2020-06-25,6396.0,2165.0,2781.0,3472.0,965198.0,47593.0,1048993.0,1328.0
2020-06-26,5524.0,1888.0,2439.0,2974.0,966473.0,47621.0,1050166.0,1173.0
2020-06-27,4859.0,1632.0,2092.0,2590.0,967595.0,47503.0,1051091.0,925.0
2020-06-28,4298.0,1403.0,1734.0,2355.0,969650.0,47134.0,1051954.0,863.0
2020-06-29,3787.0,1243.0,1490.0,2066.0,971632.0,46967.0,1052663.0,709.0
2020-06-30,3249.0,1129.0,1369.0,1736.0,973851.0,46729.0,1053382.0,719.0
2020-07-01,2891.0,981.0,1274.0,1527.0,976070.0,46637.0,1053982.0,600.0
2020-07-02,2567.0,847.0,1065.0,1334.0,976456.0,46439.0,1054510.0,528.0
2020-07-03,2213.0,771.0,912.0,1193.0,977814.0,46427.0,1054946.0,436.0
2020-07-04,2016.0,647.0,837.0,975.0,977504.0,46190.0,1055327.0,381.0
2020-07-05,1735.0,577.0,708.0,898.0,978416.0,45943.0,1055694.0,367.0
2020-07-06,1534.0,504.0,638.0,827.0,978656.0,46187.0,1055994.0,300.0
