time,E,I1,I2,I3,R,S,cumI,diffI
2020-03-06,0.0,2.0,0.0,0.0,0.0,970647.0,0.0,0.0
2020-03-07,2.0,0.0,0.0,1.0,0.0,972001.0,0.0,0.0
2020-03-08,1.0,0.0,0.0,1.0,0.0,980599.0,0.0,0.0
2020-03-09,1.0,0.0,0.0,0.0,0.0,987736.0,0.0,0.0
2020-03-10,0.0,0.0,0.0,0.0,1.0,991948.0,0.0,0.0
2020-03-11,3.0,2.0,0.0,0.0,1.0,997321.0,1.0,1.0
2020-03-12,5.0,1.0,0.0,0.0,2.0,1001323.0,1.0,0.0
2020-03-13,5.0,1.0,2.0,0.0,2.0,1003638.0,2.0,1.0
2020-03-14,6.0,3.0,0.0,1.0,2.0,1005625.0,3.0,1.0
2020-03-15,4.0,2.0,2.0,1.0,1.0,1007024.0,5.0,2.0
2020-03-16,8.0,0.0,3.0,1.0,0.0,1009758.0,6.0,1.0
2020-03-17,9.0,2.0,2.0,0.0,3.0,1009529.0,8.0,2.0
2020-03-18,8.0,5.0,1.0,1.0,2.0,1010842.0,12.0,4.0
2020-03-19,6.0,3.0,2.0,0.0,3.0,1010886.0,13.0,1.0
2020-03-20,10.0,5.0,1.0,1.0,3.0,1011545.0,14.0,1.0
2020-03-21,12.0,4.0,2.0,0.0,4.0,1011461.0,16.0,2.0
2020-03-22,14.0,3.0,1.0,0.0,8.0,1012576.0,18.0,2.0
2020-03-23,13.0,2.0,3.0,1.0,8.0,1012953.0,18.0,0.0
2020-03-24,17.0,3.0,5.0,1.0,9.0,1014037.0,22.0,4.0
2020-03-25,20.0,3.0,5.0,5.0,9.0,1014486.0,25.0,3.0
2020-03-26,22.0,5.0,4.0,6.0,8.0,1014248.0,29.0,4.0
2020-03-27,29.0,6.0,6.0,3.0,9.0,1014426.0,33.0,4.0
2020-03-28,37.0,5.0,6.0,4.0,19.0,1014632.0,38.0,5.0
2020-03-29,43.0,8.0,12.0,5.0,21.0,1015299.0,47.0,9.0
2020-03-30,49.0,11.0,5.0,9.0,25.0,1015781.0,57.0,10.0
2020-03-31,57.0,4.0,10.0,2.0,29.0,1016094.0,61.0,4.0
2020-04-01,50.0,7.0,6.0,5.0,25.0,1017135.0,66.0,5.0
2020-04-02,71.0,14.0,11.0,8.0,31.0,1017072.0,79.0,13.0
2020-04-03,99.0,26.0,15.0,9.0,40.0,1016781.0,97.0,18.0
2020-04-04,122.0,29.0,29.0,11.0,49.0,1017265.0,119.0,22.0
2020-04-05,148.0,30.0,31.0,20.0,55.0,1017404.0,140.0,21.0
2020-04-06,166.0,25.0,31.0,23.0,71.0,1017637.0,166.0,26.0
2020-04-07,184.0,41.0,29.0,37.0,76.0,1018412.0,203.0,37.0
2020-04-08,246.0,50.0,45.0,26.0,99.0,1017833.0,245.0,42.0
2020-04-09,304.0,59.0,52.0,34.0,123.0,1018771.0,298.0,53.0
2020-04-10,378.0,85.0,59.0,47.0,144.0,1018844.0,365.0,67.0
2020-04-11,453.0,79.0,60.0,47.0,176.0,1018925.0,428.0,63.0
2020-04-12,524.0,103.0,78.0,49.0,206.0,1018012.0,510.0,82.0
2020-04-13,567.0,131.0,84.0,66.0,240.0,1018378.0,623.0,113.0
2020-04-14,716.0,158.0,131.0,85.0,307.0,1018084.0,744.0,121.0
2020-04-15,822.0,189.0,126.0,124.0,348.0,1017522.0,903.0,159.0
2020-04-16,1014.0,211.0,201.0,132.0,441.0,1018684.0,1088.0,185.0
2020-04-17,1214.0,261.0,177.0,161.0,535.0,1018535.0,1274.0,186.0
2020-04-18,1499.0,314.0,267.0,161.0,632.0,1017568.0,1511.0,237.0
2020-04-19,1767.0,350.0,270.0,240.0,753.0,1016456.0,1787.0,276.0
2020-04-20,2148.0,425.0,328.0,248.0,901.0,1016820.0,2143.0,356.0
2020-04-21,2483.0,535.0,403.0,289.0,1108.0,1015452.0,2601.0,458.0
2020-04-22,3051.0,649.0,487.0,392.0,1345.0,1015985.0,3114.0,513.0
2020-04-23,3761.0,797.0,590.0,473.0,1611.0,1015951.0,3710.0,596.0
2020-04-24,4400.0,953.0,718.0,549.0,1940.0,1014975.0,4496.0,786.0
2020-04-25,5273.0,1130.0,849.0,679.0,2342.0,1013698.0,5406.0,910.0
2020-04-26,6333.0,1360.0,1030.0,822.0,2797.0,1010369.0,6480.0,1074.0
2020-04-27,7807.0,1659.0,1251.0,988.0,3253.0,1006704.0,7774.0,1294.0
2020-04-28,9460.0,1972.0,1520.0,1169.0,3931.0,1003149.0,9266.0,1492.0
2020-04-29,11302.0,2273.0,1876.0,1409.0,4787.0,998957.0,11105.0,1839.0
2020-04-30,13386.0,2863.0,2191.0,1706.0,5791.0,996448.0,13441.0,2336.0
2020-05-01,16052.0,3388.0,2602.0,1985.0,6932.0,991307.0,16033.0,2592.0
2020-05-02,19274.0,4103.0,3189.0,2412.0,8480.0,985403.0,19333.0,3300.0
2020-05-03,22997.0,4926.0,3749.0,2929.0,10137.0,977159.0,23187.0,3854.0
2020-05-04,27532.0,5955.0,4565.0,3533.0,12049.0,968705.0,27831.0,4644.0
2020-05-05,32877.0,6983.0,5540.0,4293.0,14474.0,958273.0,33399.0,5568.0
2020-05-06,39006.0,8297.0,6574.0,5022.0,17408.0,946244.0,39965.0,6566.0
2020-05-07,45603.0,9853.0,7737.0,6100.0,21008.0,932356.0,47673.0,7708.0
2020-05-08,53924.0,11524.0,9126.0,7145.0,25233.0,916299.0,56679.0,9006.0
2020-05-09,63066.0,13698.0,10844.0,8583.0,30184.0,897176.0,67419.0,10740.0
2020-05-10,73413.0,16115.0,12780.0,10131.0,36321.0,874217.0,79957.0,12538.0
2020-05-11,85776.0,18906.0,15099.0,11900.0,43151.0,849966.0,94415.0,14458.0
2020-05-12,98778.0,22006.0,17646.0,13962.0,51369.0,820667.0,111584.0,17169.0
2020-05-13,113530.0,25455.0,20293.0,16419.0,61159.0,787709.0,131267.0,19683.0
2020-05-14,129057.0,29124.0,23635.0,19097.0,72263.0,750293.0,153457.0,22190.0
2020-05-15,144876.0,33376.0,27130.0,22137.0,85054.0,711109.0,178898.0,25441.0
2020-05-16,161682.0,37814.0,30905.0,25719.0,100685.0,667012.0,207218.0,28320.0
2020-05-17,177307.0,42007.0,35216.0,29070.0,117818.0,621421.0,238827.0,31609.0
2020-05-18,192643.0,46441.0,39526.0,33014.0,138050.0,574079.0,273432.0,34605.0
2020-05-19,206437.0,50774.0,43781.0,37259.0,160364.0,525824.0,310854.0,37422.0
2020-05-20,218195.0,54094.0,47582.0,41336.0,185629.0,478136.0,350119.0,39265.0
2020-05-21,227204.0,57451.0,51118.0,45186.0,213290.0,430608.0,391550.0,41431.0
2020-05-22,233280.0,59681.0,54922.0,48695.0,243659.0,385210.0,434458.0,42908.0
2020-05-23,234800.0,61684.0,57554.0,52672.0,276731.0,342921.0,478595.0,44137.0
2020-05-24,233448.0,62899.0,59936.0,55333.0,311508.0,303351.0,522464.0,43869.0
2020-05-25,229185.0,62869.0,61524.0,58104.0,348189.0,267603.0,565797.0,43333.0
2020-05-26,221339.0,62363.0,61917.0,59921.0,385822.0,235910.0,608173.0,42376.0
2020-05-27,211291.0,60603.0,61252.0,60682.0,424580.0,207727.0,648959.0,40786.0
2020-05-28,199759.0,58453.0,61067.0,60631.0,463768.0,183325.0,687935.0,38976.0
2020-05-29,186705.0,56183.0,58873.0,60197.0,501884.0,163098.0,724655.0,36720.0
2020-05-30,172917.0,52591.0,56343.0,58923.0,540111.0,145170.0,758885.0,34230.0
2020-05-31,159798.0,49165.0,53526.0,56687.0,578192.0,130392.0,790382.0,31497.0
2020-06-01,146212.0,45462.0,50715.0,54009.0,614039.0,117476.0,819333.0,28951.0
2020-06-02,132144.0,42049.0,47087.0,51615.0,647189.0,106643.0,846004.0,26671.0
2020-06-03,120511.0,38235.0,43365.0,48434.0,678833.0,97438.0,869925.0,23921.0
2020-06-04,108341.0,34800.0,39987.0,45128.0,708136.0,90259.0,891750.0,21825.0
2020-06-05,97446.0,31529.0,36789.0,41505.0,736132.0,83956.0,911320.0,19570.0
2020-06-06,86912.0,28494.0,33716.0,38238.0,760304.0,78418.0,928962.0,17642.0
2020-06-07,77502.0,25654.0,30236.0,34995.0,785577.0,73608.0,944481.0,15519.0
2020-06-08,69348.0,22901.0,27401.0,31692.0,805399.0,69390.0,958245.0,13764.0
2020-06-09,60994.0,20433.0,24544.0,28886.0,825465.0,66186.0,970720.0,12475.0
2020-06-10,54198.0,17902.0,21938.0,26177.0,843482.0,63196.0,981645.0,10925.0
2020-06-11,47860.0,16054.0,19478.0,23680.0,858777.0,60667.0,991382.0,9737.0
2020-06-12,42370.0,14260.0,17536.0,20952.0,873339.0,58665.0,999865.0,8483.0
2020-06-13,37495.0,12707.0,15516.0,18670.0,885765.0,56954.0,1007517.0,7652.0
2020-06-14,33289.0,11327.0,13870.0,16694.0,896301.0,55963.0,1014220.0,6703.0
2020-06-15,29214.0,9894.0,12252.0,14974.0,906960.0,54090.0,1020154.0,5934.0
2020-06-16,25535.0,8746.0,10874.0,13226.0,916695.0,52901.0,1025477.0,5323.0
2020-06-17,22576.0,7799.0,9508.0,11852.0,924147.0,51815.0,1030115.0,4638.0
2020-06-18,19590.0,6792.0,8384.0,10365.0,931635.0,50929.0,1034168.0,4053.0
2020-06-19,17342.0,5907.0,7410.0,9121.0,936667.0,50300.0,1037729.0,3561.0
2020-06-20,15250.0,5234.0,6515.0,8187.0,941774.0,49593.0,1040838.0,3109.0
2020-06-21,13529.0,4559.0,5723.0,7224.0,948580.0,49047.0,1043512.0,2674.0
2020-06-22,11734.0,4095.0,5022.0,6386.0,952512.0,48797.0,1045955.0,2443.0
2020-06-23,10263.0,3559.0,4459.0,5588.0,956224.0,48334.0,1048065.0,2110.0
2020-06-24,8974.0,3088.0,3899.0,4923.0,959983.0,47918.0,1049893.0,1828.0
2020-06-25,7822.0,2686.0,3428.0,4238.0,962806.0,47740.0,1051481.0,1588.0
2020-06-26,6815.0,2260.0,3020.0,3747.0,965122.0,47514.0,1052861.0,1380.0
2020-06-27,6083.0,2066.0,2586.0,3295.0,965255.0,47510.0,1054074.0,1213.0
2020-06-28,5288.0,1841.0,2332.0,2880.0,967944.0,47131.0,1055129.0,1055.0
2020-06-29,4674.0,1657.0,1959.0,2475.0,969942.0,46496.0,1056074.0,945.0
2020-06-30,4083.0,1381.0,1816.0,2228.0,971443.0,46247.0,1056917.0,843.0
2020-07-01,3611.0,1248.0,1560.0,1927.0,973146.0,46489.0,1057665.0,748.0
2020-07-02,3137.0,1073.0,1391.0,1674.0,976365.0,46425.0,1058292.0,627.0
2020-07-03,2780.0,923.0,1218.0,1475.0,977362.0,46512.0,1058831.0,539.0
2020-07-04,2425.0,774.0,1056.0,1287.0,977858.0,46595.0,1059329.0,498.0
2020-07-05,2071.0,741.0,918.0,1140.0,979197.0,46575.0,1059810.0,481.0
2020-07-06,1721.0,616.0,829.0,1030.0,980486.0,46535.0,1060177.0,367.0
