time,E,I1,I2,I3,R,S,cumI,diffI
2020-03-06,2.0,3.0,0.0,0.0,0.0,969822.0,0.0,0.0
2020-03-07,1.0,3.0,1.0,0.0,0.0,972952.0,3.0,3.0
2020-03-08,0.0,1.0,1.0,0.0,0.0,978158.0,3.0,0.0
2020-03-09,2.0,0.0,0.0,0.0,0.0,985196.0,3.0,0.0
2020-03-10,2.0,0.0,0.0,0.0,0.0,992292.0,3.0,0.0
2020-03-11,2.0,0.0,0.0,1.0,0.0,996419.0,3.0,0.0
2020-03-12,6.0,0.0,0.0,0.0,2.0,999920.0,3.0,0.0
2020-03-13,6.0,0.0,0.0,0.0,2.0,1002932.0,3.0,0.0
2020-03-14,6.0,2.0,0.0,0.0,1.0,1004421.0,3.0,0.0
2020-03-15,9.0,3.0,0.0,2.0,1.0,1007029.0,5.0,2.0
2020-03-16,5.0,3.0,2.0,0.0,5.0,1007898.0,8.0,3.0
2020-03-17,7.0,4.0,3.0,0.0,4.0,1009758.0,9.0,1.0
2020-03-18,6.0,3.0,2.0,2.0,4.0,1010890.0,10.0,1.0
2020-03-19,12.0,4.0,2.0,0.0,5.0,1012243.0,11.0,1.0
2020-03-20,13.0,4.0,3.0,1.0,8.0,1012663.0,13.0,2.0
2020-03-21,19.0,5.0,3.0,1.0,8.0,1012808.0,16.0,3.0
2020-03-22,17.0,0.0,3.0,2.0,9.0,1013156.0,16.0,0.0
2020-03-23,20.0,3.0,0.0,1.0,12.0,1013336.0,17.0,1.0
2020-03-24,19.0,4.0,5.0,3.0,14.0,1013771.0,24.0,7.0
2020-03-25,21.0,8.0,6.0,6.0,12.0,1013517.0,29.0,5.0
2020-03-26,37.0,9.0,3.0,7.0,13.0,1014525.0,35.0,6.0
2020-03-27,46.0,5.0,4.0,9.0,16.0,1015708.0,38.0,3.0
2020-03-28,57.0,13.0,5.0,4.0,17.0,1015652.0,49.0,11.0
2020-03-29,64.0,11.0,12.0,5.0,25.0,1015985.0,60.0,11.0
2020-03-30,70.0,17.0,9.0,11.0,32.0,1017453.0,76.0,16.0
2020-03-31,73.0,28.0,9.0,15.0,35.0,1017379.0,102.0,26.0
2020-04-01,102.0,31.0,18.0,16.0,46.0,1017203.0,122.0,20.0
2020-04-02,127.0,31.0,22.0,14.0,53.0,1016526.0,142.0,20.0
2020-04-03,168.0,40.0,18.0,16.0,64.0,1016317.0,167.0,25.0
2020-04-04,159.0,47.0,24.0,20.0,74.0,1017371.0,206.0,39.0
2020-04-05,202.0,40.0,33.0,27.0,95.0,1017068.0,235.0,29.0
2020-04-06,243.0,50.0,42.0,28.0,110.0,1016457.0,278.0,43.0
2020-04-07,284.0,60.0,41.0,29.0,132.0,1017174.0,327.0,49.0
2020-04-08,350.0,65.0,57.0,44.0,148.0,1016549.0,380.0,53.0
2020-04-09,381.0,86.0,46.0,59.0,162.0,1016850.0,441.0,61.0
2020-04-10,489.0,108.0,74.0,66.0,198.0,1016399.0,522.0,81.0
2020-04-11,596.0,145.0,95.0,63.0,230.0,1017308.0,627.0,105.0
2020-04-12,717.0,143.0,127.0,94.0,297.0,1018035.0,736.0,109.0
2020-04-13,894.0,176.0,130.0,114.0,375.0,1017367.0,882.0,146.0
2020-04-14,1044.0,225.0,160.0,126.0,438.0,1018080.0,1054.0,172.0
2020-04-15,1268.0,264.0,211.0,171.0,537.0,1018601.0,1258.0,204.0
2020-04-16,1548.0,321.0,264.0,199.0,649.0,1016367.0,1529.0,271.0
2020-04-17,1840.0,380.0,299.0,234.0,814.0,1016050.0,1821.0,292.0
2020-04-18,2196.0,479.0,367.0,269.0,1009.0,1015169.0,2204.0,383.0
2020-04-19,2694.0,534.0,467.0,339.0,1164.0,1013961.0,2619.0,415.0
2020-04-20,3157.0,692.0,540.0,416.0,1376.0,1012651.0,3181.0,562.0
2020-04-21,3944.0,802.0,634.0,515.0,1653.0,1011870.0,3805.0,624.0
2020-04-22,4704.0,938.0,769.0,596.0,2010.0,1011640.0,4561.0,756.0
2020-04-23,5758.0,1195.0,936.0,743.0,2406.0,1010024.0,5521.0,960.0
2020-04-24,6778.0,1477.0,1097.0,900.0,2874.0,1007848.0,6653.0,1132.0
2020-04-25,8311.0,1764.0,1393.0,1011.0,3457.0,1005676.0,8038.0,1385.0
2020-04-26,10035.0,2155.0,1605.0,1268.0,4220.0,1003098.0,9683.0,1645.0
2020-04-27,12017.0,2521.0,1984.0,1522.0,5097.0,998093.0,11643.0,1960.0
2020-04-28,14298.0,3022.0,2352.0,1773.0,6063.0,993495.0,14071.0,2428.0
2020-04-29,16896.0,3662.0,2731.0,2132.0,7397.0,988031.0,16922.0,2851.0
2020-04-30,20047.0,4337.0,3208.0,2598.0,8868.0,980015.0,20312.0,3390.0
2020-05-01,24060.0,5222.0,3954.0,3093.0,10782.0,974012.0,24338.0,4026.0
2020-05-02,28931.0,6149.0,4784.0,3709.0,12852.0,965239.0,29099.0,4761.0
2020-05-03,34381.0,7439.0,5735.0,4423.0,15449.0,953955.0,34889.0,5790.0
2020-05-04,40754.0,8791.0,6876.0,5342.0,18420.0,941826.0,41693.0,6804.0
2020-05-05,48036.0,10366.0,8123.0,6327.0,22372.0,926719.0,49809.0,8116.0
2020-05-06,56826.0,12416.0,9663.0,7582.0,26785.0,910466.0,59490.0,9681.0
2020-05-07,66917.0,14716.0,11509.0,9064.0,32171.0,889841.0,71057.0,11567.0
2020-05-08,77960.0,17325.0,13714.0,10735.0,38406.0,866416.0,84647.0,13590.0
2020-05-09,90749.0,20137.0,15971.0,12627.0,45584.0,839051.0,100185.0,15538.0
2020-05-10,104419.0,23345.0,18771.0,14905.0,54227.0,808101.0,118176.0,17991.0
2020-05-11,119393.0,26995.0,21437.0,17514.0,64638.0,774168.0,138971.0,20795.0
2020-05-12,135029.0,30858.0,25032.0,20189.0,76869.0,736021.0,162341.0,23370.0
2020-05-13,151917.0,34769.0,28798.0,23629.0,90660.0,694860.0,188642.0,26301.0
2020-05-14,168149.0,39042.0,32923.0,26803.0,107081.0,651070.0,218510.0,29868.0
2020-05-15,183987.0,43375.0,37118.0,30920.0,125282.0,604829.0,251205.0,32695.0
2020-05-16,198620.0,47637.0,40924.0,34718.0,146560.0,556121.0,286358.0,35153.0
2020-05-17,212169.0,51760.0,45195.0,38963.0,170003.0,506353.0,324595.0,38237.0
2020-05-18,221793.0,55168.0,49313.0,43184.0,195843.0,458168.0,364848.0,40253.0
2020-05-19,229434.0,58387.0,53202.0,46836.0,224482.0,410682.0,407090.0,42242.0
2020-05-20,233817.0,60956.0,56293.0,50851.0,255622.0,367339.0,450616.0,43526.0
2020-05-21,234777.0,62402.0,58641.0,54157.0,290116.0,325310.0,494500.0,43884.0
2020-05-22,232176.0,62967.0,60618.0,56533.0,326190.0,287811.0,538318.0,43818.0
2020-05-23,225742.0,62845.0,61598.0,58356.0,363550.0,253612.0,581275.0,42957.0
2020-05-24,216881.0,62061.0,62007.0,60119.0,401798.0,223403.0,623081.0,41806.0
2020-05-25,206699.0,60056.0,61396.0,60562.0,441008.0,197042.0,663225.0,40144.0
2020-05-26,194209.0,57806.0,60018.0,60650.0,479515.0,174382.0,701478.0,38253.0
2020-05-27,180912.0,54210.0,58137.0,59708.0,518500.0,154883.0,736968.0,35490.0
2020-05-28,167481.0,51108.0,55000.0,58122.0,556203.0,138122.0,770013.0,33045.0
2020-05-29,153686.0,47399.0,52053.0,55821.0,592908.0,123805.0,800592.0,30579.0
2020-05-30,139844.0,44137.0,49029.0,53229.0,627952.0,112275.0,828445.0,27853.0
2020-05-31,126816.0,40430.0,45078.0,50136.0,660956.0,102492.0,853749.0,25304.0
2020-06-01,114174.0,36764.0,41841.0,47051.0,692113.0,94160.0,876630.0,22881.0
2020-06-02,102553.0,33540.0,38383.0,43639.0,722217.0,87031.0,897462.0,20832.0
2020-06-03,91779.0,29936.0,35113.0,40242.0,747785.0,81344.0,915809.0,18347.0
2020-06-04,81977.0,27100.0,31726.0,36792.0,773402.0,76096.0,932447.0,16638.0
2020-06-05,73078.0,24241.0,28624.0,33703.0,796101.0,71734.0,947202.0,14755.0
2020-06-06,64799.0,21678.0,25685.0,30306.0,816475.0,68180.0,960368.0,13166.0
2020-06-07,57545.0,19392.0,22978.0,27367.0,835374.0,64863.0,972136.0,11768.0
2020-06-08,51064.0,17119.0,20744.0,24653.0,851400.0,62190.0,982379.0,10243.0
2020-06-09,45152.0,15344.0,18481.0,21934.0,865734.0,59774.0,991497.0,9118.0
2020-06-10,39704.0,13729.0,16455.0,20066.0,878617.0,57525.0,999709.0,8212.0
2020-06-11,34874.0,11914.0,14610.0,17950.0,890826.0,56044.0,1006896.0,7187.0
2020-06-12,30944.0,10329.0,13110.0,15788.0,902869.0,54538.0,1013014.0,6118.0
2020-06-13,27289.0,9334.0,11632.0,13904.0,911053.0,53252.0,1018616.0,5602.0
2020-06-14,23878.0,8173.0,10312.0,12700.0,919444.0,52226.0,1023512.0,4896.0
2020-06-15,21028.0,7189.0,9136.0,11137.0,927281.0,51236.0,1027889.0,4377.0
2020-06-16,18621.0,6190.0,8072.0,9873.0,933964.0,50473.0,1031627.0,3738.0
2020-06-17,16131.0,5460.0,7011.0,8532.0,940490.0,49643.0,1035046.0,3419.0
2020-06-18,14337.0,4800.0,6161.0,7475.0,945183.0,49203.0,1037825.0,2779.0
2020-06-19,12700.0,4242.0,5257.0,6611.0,950596.0,48607.0,1040358.0,2533.0
2020-06-20,11166.0,3798.0,4621.0,5678.0,954036.0,48299.0,1042662.0,2304.0
2020-06-21,9748.0,3300.0,4079.0,5050.0,957917.0,47969.0,1044653.0,1991.0
2020-06-22,8621.0,2919.0,3563.0,4583.0,961317.0,47701.0,1046390.0,1737.0
2020-06-23,7511.0,2628.0,3181.0,3938.0,963008.0,47553.0,1047938.0,1548.0
2020-06-24,6577.0,2231.0,2795.0,3503.0,965833.0,47070.0,1049264.0,1326.0
2020-06-25,5753.0,1942.0,2429.0,3045.0,968864.0,46783.0,1050427.0,1163.0
2020-06-26,5076.0,1756.0,2166.0,2708.0,970895.0,46747.0,1051478.0,1051.0
2020-06-27,4433.0,1529.0,1901.0,2390.0,970825.0,46828.0,1052380.0,902.0
2020-06-28,3926.0,1290.0,1669.0,2038.0,972545.0,46585.0,1053155.0,775.0
2020-06-29,3335.0,1204.0,1439.0,1828.0,973673.0,46827.0,1053882.0,727.0
2020-06-30,2934.0,1083.0,1258.0,1589.0,973606.0,46432.0,1054522.0,640.0
2020-07-01,2557.0,866.0,1111.0,1403.0,973999.0,45957.0,1055016.0,494.0
2020-07-02,2254.0,775.0,972.0,1192.0,975363.0,45831.0,1055466.0,450.0
2020-07-03,1989.0,727.0,876.0,1039.0,976470.0,45744.0,1055883.0,417.0
2020-07-04,1790.0,602.0,761.0,909.0,977788.0,45839.0,1056243.0,360.0
2020-07-05,1545.0,529.0,684.0,832.0,978587.0,45774.0,1056546.0,303.0
2020-07-06,1363.0,457.0,584.0,698.0,979973.0,45797.0,1056829.0,283.0
