time,E,I1,I2,I3,R,S,cumI,diffI
2020-03-06,2.0,2.0,0.0,0.0,0.0,970128.0,0.0,0.0
2020-03-07,2.0,0.0,0.0,1.0,0.0,972359.0,0.0,0.0
2020-03-08,2.0,0.0,0.0,0.0,1.0,979210.0,0.0,0.0
2020-03-09,1.0,0.0,1.0,0.0,0.0,986644.0,0.0,0.0
2020-03-10,2.0,0.0,0.0,0.0,1.0,992639.0,0.0,0.0
2020-03-11,2.0,0.0,0.0,0.0,1.0,996222.0,0.0,0.0
2020-03-12,1.0,0.0,0.0,0.0,1.0,1000338.0,0.0,0.0
2020-03-13,1.0,0.0,0.0,0.0,1.0,1002395.0,0.0,0.0
2020-03-14,0.0,1.0,0.0,0.0,1.0,1005080.0,1.0,1.0
2020-03-15,1.0,0.0,1.0,0.0,0.0,1006060.0,1.0,0.0
2020-03-16,1.0,1.0,2.0,0.0,0.0,1007959.0,2.0,1.0
2020-03-17,5.0,0.0,3.0,1.0,0.0,1009589.0,3.0,1.0
2020-03-18,5.0,1.0,1.0,0.0,3.0,1010507.0,4.0,1.0
2020-03-19,8.0,1.0,2.0,0.0,2.0,1010737.0,4.0,0.0
2020-03-20,11.0,0.0,2.0,0.0,1.0,1012247.0,4.0,0.0
2020-03-21,10.0,0.0,1.0,0.0,1.0,1012910.0,4.0,0.0
2020-03-22,9.0,0.0,1.0,1.0,2.0,1013764.0,4.0,0.0
2020-03-23,7.0,1.0,0.0,0.0,2.0,1013820.0,6.0,2.0
2020-03-24,6.0,1.0,2.0,0.0,4.0,1013917.0,7.0,1.0
2020-03-25,6.0,4.0,2.0,2.0,2.0,1013924.0,12.0,5.0
2020-03-26,13.0,2.0,4.0,1.0,7.0,1014415.0,13.0,1.0
2020-03-27,18.0,2.0,5.0,1.0,4.0,1014723.0,14.0,1.0
2020-03-28,18.0,3.0,4.0,2.0,8.0,1015312.0,18.0,4.0
2020-03-29,25.0,5.0,7.0,7.0,8.0,1015400.0,25.0,7.0
2020-03-30,37.0,6.0,6.0,6.0,10.0,1015786.0,32.0,7.0
2020-03-31,35.0,11.0,10.0,4.0,10.0,1014925.0,39.0,7.0
2020-04-01,55.0,10.0,8.0,7.0,12.0,1015315.0,43.0,4.0
2020-04-02,57.0,12.0,11.0,9.0,16.0,1016851.0,59.0,16.0
2020-04-03,88.0,14.0,11.0,8.0,24.0,1016219.0,66.0,7.0
2020-04-04,110.0,19.0,17.0,4.0,26.0,1017853.0,83.0,17.0
2020-04-05,106.0,22.0,15.0,8.0,35.0,1017083.0,102.0,19.0
2020-04-06,122.0,30.0,23.0,10.0,44.0,1015926.0,123.0,21.0
2020-04-07,150.0,33.0,24.0,15.0,54.0,1016859.0,141.0,18.0
2020-04-08,166.0,45.0,20.0,21.0,59.0,1017759.0,177.0,36.0
2020-04-09,194.0,51.0,33.0,28.0,76.0,1017948.0,215.0,38.0
2020-04-10,234.0,67.0,39.0,31.0,97.0,1016736.0,266.0,51.0
2020-04-11,283.0,60.0,63.0,47.0,116.0,1017766.0,311.0,45.0
2020-04-12,400.0,58.0,70.0,53.0,151.0,1017724.0,358.0,47.0
2020-04-13,474.0,99.0,71.0,63.0,193.0,1018208.0,446.0,88.0
2020-04-14,551.0,123.0,88.0,73.0,218.0,1019134.0,544.0,98.0
2020-04-15,635.0,140.0,117.0,79.0,260.0,1018163.0,644.0,100.0
2020-04-16,807.0,159.0,139.0,94.0,330.0,1017668.0,761.0,117.0
2020-04-17,897.0,189.0,154.0,119.0,387.0,1017828.0,935.0,174.0
2020-04-18,1125.0,248.0,179.0,125.0,512.0,1018280.0,1132.0,197.0
2020-04-19,1387.0,307.0,222.0,183.0,577.0,1018890.0,1384.0,252.0
2020-04-20,1666.0,370.0,272.0,222.0,687.0,1018180.0,1655.0,271.0
2020-04-21,2079.0,418.0,319.0,256.0,784.0,1017400.0,1981.0,326.0
2020-04-22,2498.0,544.0,400.0,326.0,959.0,1016311.0,2407.0,426.0
2020-04-23,2997.0,618.0,495.0,387.0,1192.0,1016598.0,2892.0,485.0
2020-04-24,3611.0,771.0,608.0,436.0,1454.0,1014821.0,3514.0,622.0
2020-04-25,4291.0,928.0,711.0,538.0,1708.0,1013798.0,4212.0,698.0
2020-04-26,5079.0,1151.0,879.0,632.0,2109.0,1013364.0,5121.0,909.0
2020-04-27,6125.0,1307.0,1034.0,795.0,2581.0,1011333.0,6159.0,1038.0
2020-04-28,7439.0,1589.0,1260.0,923.0,3110.0,1009024.0,7426.0,1267.0
2020-04-29,9022.0,1868.0,1469.0,1140.0,3753.0,1006055.0,8910.0,1484.0
2020-04-30,10561.0,2250.0,1713.0,1348.0,4536.0,1001433.0,10680.0,1770.0
2020-05-01,12722.0,2642.0,2091.0,1600.0,5628.0,997145.0,12771.0,2091.0
2020-05-02,15245.0,3150.0,2548.0,1898.0,6723.0,991556.0,15247.0,2476.0
2020-05-03,18206.0,3829.0,2977.0,2343.0,7914.0,985209.0,18256.0,3009.0
2020-05-04,21843.0,4558.0,3626.0,2745.0,9734.0,979630.0,21951.0,3695.0
2020-05-05,25870.0,5564.0,4347.0,3310.0,11701.0,971044.0,26282.0,4331.0
2020-05-06,31276.0,6684.0,5148.0,4043.0,13989.0,962120.0,31529.0,5247.0
2020-05-07,36830.0,7947.0,6060.0,4795.0,16626.0,950936.0,37775.0,6246.0
2020-05-08,43878.0,9420.0,7344.0,5536.0,19964.0,936909.0,45029.0,7254.0
2020-05-09,51678.0,11077.0,8766.0,6729.0,24013.0,921637.0,53750.0,8721.0
2020-05-10,60595.0,13198.0,10351.0,8149.0,28886.0,901733.0,64074.0,10324.0
2020-05-11,70698.0,15531.0,12338.0,9590.0,34577.0,880606.0,76132.0,12058.0
2020-05-12,82469.0,18227.0,14509.0,11451.0,41508.0,855894.0,90262.0,14130.0
2020-05-13,95963.0,21722.0,17038.0,13462.0,49335.0,827358.0,106996.0,16734.0
2020-05-14,110296.0,24849.0,20206.0,15802.0,58555.0,794565.0,126000.0,19004.0
2020-05-15,126040.0,28449.0,23037.0,18707.0,69674.0,758367.0,147761.0,21761.0
2020-05-16,141832.0,32703.0,26652.0,21487.0,82568.0,719183.0,172691.0,24930.0
2020-05-17,158894.0,36411.0,30859.0,24894.0,97172.0,676230.0,200181.0,27490.0
2020-05-18,175694.0,40760.0,34409.0,28828.0,113962.0,631049.0,230900.0,30719.0
2020-05-19,190514.0,45376.0,38650.0,32199.0,133578.0,583266.0,264868.0,33968.0
2020-05-20,204701.0,49365.0,43243.0,36415.0,155311.0,534349.0,301500.0,36632.0
2020-05-21,216426.0,53475.0,47180.0,40538.0,180011.0,485371.0,340763.0,39263.0
2020-05-22,225719.0,57128.0,51062.0,44852.0,207328.0,437815.0,382059.0,41296.0
2020-05-23,232171.0,59460.0,54522.0,48782.0,237650.0,391692.0,424420.0,42361.0
2020-05-24,234697.0,61696.0,57480.0,52115.0,270399.0,348493.0,468424.0,44004.0
2020-05-25,233117.0,63290.0,59726.0,54875.0,305939.0,308311.0,512787.0,44363.0
2020-05-26,229049.0,63072.0,61279.0,57746.0,341895.0,271604.0,556311.0,43524.0
2020-05-27,222101.0,62711.0,62121.0,59161.0,380334.0,239829.0,598973.0,42662.0
2020-05-28,213050.0,60785.0,61419.0,60493.0,419082.0,211435.0,639732.0,40759.0
2020-05-29,201790.0,58735.0,60494.0,60573.0,459903.0,186565.0,678913.0,39181.0
2020-05-30,189409.0,56101.0,58796.0,60005.0,498668.0,164705.0,715794.0,36881.0
2020-05-31,175075.0,53300.0,56870.0,58696.0,537274.0,146190.0,750528.0,34734.0
2020-06-01,161271.0,49336.0,54254.0,57076.0,574088.0,130737.0,782076.0,31548.0
2020-06-02,147450.0,46194.0,50818.0,54356.0,610954.0,117937.0,811292.0,29216.0
2020-06-03,134018.0,42545.0,47480.0,51817.0,644223.0,106542.0,838104.0,26812.0
2020-06-04,120316.0,38679.0,43857.0,48449.0,676122.0,97347.0,862533.0,24429.0
2020-06-05,108771.0,34576.0,40216.0,45266.0,706755.0,89198.0,883854.0,21321.0
2020-06-06,97006.0,31280.0,37036.0,41913.0,734937.0,82904.0,903406.0,19552.0
2020-06-07,86961.0,28458.0,33511.0,38676.0,761599.0,77203.0,920950.0,17544.0
2020-06-08,77329.0,25538.0,30366.0,35385.0,785311.0,72553.0,936654.0,15704.0
2020-06-09,69005.0,22564.0,27231.0,32039.0,806257.0,69029.0,950358.0,13704.0
2020-06-10,60927.0,20417.0,24363.0,28743.0,826283.0,65560.0,962899.0,12541.0
2020-06-11,53818.0,18210.0,21950.0,25673.0,844220.0,62696.0,973947.0,11048.0
2020-06-12,47569.0,16117.0,19506.0,23282.0,860518.0,60114.0,983495.0,9548.0
2020-06-13,41877.0,14290.0,17583.0,20983.0,875219.0,57859.0,992126.0,8631.0
2020-06-14,37217.0,12537.0,15488.0,18973.0,888131.0,55937.0,999628.0,7502.0
2020-06-15,32567.0,11185.0,13666.0,16572.0,900257.0,54288.0,1006250.0,6622.0
2020-06-16,28822.0,9723.0,12181.0,14698.0,911535.0,52908.0,1012088.0,5838.0
2020-06-17,25208.0,8552.0,10774.0,13128.0,919567.0,51445.0,1017233.0,5145.0
2020-06-18,22209.0,7526.0,9526.0,11572.0,927089.0,50489.0,1021735.0,4502.0
2020-06-19,19529.0,6606.0,8151.0,10258.0,933665.0,49703.0,1025765.0,4030.0
2020-06-20,17175.0,5789.0,7194.0,9013.0,939637.0,49062.0,1029205.0,3440.0
2020-06-21,15071.0,5045.0,6367.0,7850.0,944978.0,48643.0,1032252.0,3047.0
2020-06-22,13103.0,4436.0,5554.0,6915.0,949709.0,48403.0,1034877.0,2625.0
2020-06-23,11433.0,3866.0,4932.0,6195.0,953148.0,47721.0,1037250.0,2373.0
2020-06-24,10062.0,3383.0,4303.0,5424.0,956422.0,47506.0,1039234.0,1984.0
2020-06-25,8621.0,2978.0,3831.0,4776.0,959526.0,47018.0,1041079.0,1845.0
2020-06-26,7709.0,2655.0,3402.0,4051.0,962133.0,46758.0,1042685.0,1606.0
2020-06-27,6683.0,2320.0,3012.0,3636.0,965352.0,46521.0,1044103.0,1418.0
2020-06-28,5817.0,1986.0,2615.0,3287.0,967500.0,46391.0,1045341.0,1238.0
2020-06-29,5181.0,1653.0,2236.0,2839.0,969963.0,46145.0,1046388.0,1047.0
2020-06-30,4481.0,1549.0,1831.0,2454.0,971928.0,46080.0,1047329.0,941.0
2020-07-01,3937.0,1297.0,1648.0,2148.0,974234.0,46299.0,1048113.0,784.0
2020-07-02,3370.0,1202.0,1444.0,1765.0,974833.0,45795.0,1048863.0,750.0
2020-07-03,2991.0,997.0,1313.0,1517.0,976168.0,45256.0,1049472.0,609.0
2020-07-04,2584.0,909.0,1113.0,1345.0,976051.0,45290.0,1049982.0,510.0
2020-07-05,2257.0,749.0,1000.0,1204.0,976779.0,45223.0,1050409.0,427.0
2020-07-06,1957.0,695.0,847.0,1070.0,976693.0,45150.0,1050834.0,425.0
