time,E,I1,I2,I3,R,S,cumI,diffI
2020-03-06,1.0,3.0,0.0,0.0,0.0,970030.0,0.0,0.0
2020-03-07,2.0,3.0,0.0,0.0,0.0,971721.0,0.0,0.0
2020-03-08,4.0,0.0,2.0,0.0,0.0,978276.0,0.0,0.0
2020-03-09,4.0,0.0,0.0,1.0,0.0,985911.0,0.0,0.0
2020-03-10,6.0,1.0,1.0,0.0,1.0,991724.0,2.0,2.0
2020-03-11,5.0,2.0,1.0,0.0,1.0,996571.0,3.0,1.0
2020-03-12,4.0,0.0,2.0,0.0,1.0,999048.0,3.0,0.0
2020-03-13,3.0,0.0,2.0,0.0,2.0,1001981.0,3.0,0.0
2020-03-14,4.0,1.0,1.0,1.0,1.0,1005631.0,4.0,1.0
2020-03-15,5.0,3.0,0.0,2.0,2.0,1007482.0,6.0,2.0
2020-03-16,7.0,0.0,0.0,1.0,3.0,1009645.0,6.0,0.0
2020-03-17,6.0,0.0,0.0,1.0,3.0,1010022.0,6.0,0.0
2020-03-18,6.0,0.0,0.0,0.0,4.0,1011678.0,6.0,0.0
2020-03-19,5.0,1.0,1.0,0.0,3.0,1012830.0,8.0,2.0
2020-03-20,6.0,1.0,0.0,0.0,1.0,1013335.0,8.0,0.0
2020-03-21,7.0,3.0,2.0,1.0,1.0,1012782.0,11.0,3.0
2020-03-22,16.0,3.0,2.0,2.0,1.0,1013668.0,14.0,3.0
2020-03-23,8.0,3.0,1.0,2.0,2.0,1014967.0,16.0,2.0
2020-03-24,13.0,2.0,2.0,3.0,1.0,1014131.0,16.0,0.0
2020-03-25,16.0,4.0,4.0,1.0,3.0,1014046.0,20.0,4.0
2020-03-26,14.0,4.0,4.0,2.0,6.0,1013945.0,22.0,2.0
2020-03-27,27.0,4.0,6.0,4.0,11.0,1015096.0,24.0,2.0
2020-03-28,28.0,1.0,5.0,6.0,9.0,1015051.0,25.0,1.0
2020-03-29,36.0,5.0,5.0,4.0,12.0,1014394.0,30.0,5.0
2020-03-30,43.0,5.0,7.0,4.0,11.0,1015978.0,34.0,4.0
2020-03-31,39.0,9.0,9.0,4.0,14.0,1015071.0,42.0,8.0
2020-04-01,53.0,9.0,8.0,5.0,20.0,1015115.0,46.0,4.0
2020-04-02,74.0,14.0,10.0,6.0,27.0,1014214.0,56.0,10.0
2020-04-03,80.0,19.0,11.0,8.0,30.0,1014342.0,70.0,14.0
2020-04-04,94.0,15.0,14.0,13.0,37.0,1015169.0,80.0,10.0
2020-04-05,102.0,27.0,17.0,11.0,52.0,1016286.0,102.0,22.0
2020-04-06,112.0,22.0,15.0,15.0,56.0,1017209.0,115.0,13.0
2020-04-07,147.0,20.0,26.0,17.0,67.0,1016020.0,133.0,18.0
2020-04-08,165.0,29.0,28.0,17.0,71.0,1017883.0,159.0,26.0
2020-04-09,175.0,52.0,22.0,22.0,87.0,1018497.0,199.0,40.0
2020-04-10,217.0,47.0,37.0,30.0,107.0,1017021.0,235.0,36.0
2020-04-11,270.0,56.0,54.0,40.0,121.0,1019371.0,286.0,51.0
2020-04-12,341.0,72.0,49.0,43.0,166.0,1019291.0,341.0,55.0
2020-04-13,404.0,78.0,67.0,57.0,197.0,1018642.0,410.0,69.0
2020-04-14,485.0,109.0,77.0,65.0,214.0,1018823.0,491.0,81.0
2020-04-15,573.0,150.0,96.0,66.0,245.0,1019782.0,601.0,110.0
2020-04-16,722.0,137.0,124.0,92.0,346.0,1018927.0,709.0,108.0
2020-04-17,867.0,187.0,132.0,121.0,429.0,1018559.0,869.0,160.0
2020-04-18,1049.0,233.0,173.0,141.0,492.0,1018190.0,1054.0,185.0
2020-04-19,1237.0,276.0,196.0,166.0,575.0,1016392.0,1262.0,208.0
2020-04-20,1554.0,340.0,251.0,181.0,661.0,1014998.0,1513.0,251.0
2020-04-21,1876.0,398.0,332.0,256.0,773.0,1015012.0,1829.0,316.0
2020-04-22,2264.0,431.0,389.0,315.0,954.0,1015727.0,2189.0,360.0
2020-04-23,2801.0,563.0,441.0,341.0,1163.0,1015043.0,2675.0,486.0
2020-04-24,3325.0,705.0,573.0,415.0,1389.0,1014467.0,3270.0,595.0
2020-04-25,4031.0,807.0,669.0,506.0,1657.0,1012666.0,3927.0,657.0
2020-04-26,4889.0,1059.0,791.0,606.0,1969.0,1012284.0,4783.0,856.0
2020-04-27,5869.0,1163.0,932.0,732.0,2415.0,1009791.0,5699.0,916.0
2020-04-28,7010.0,1524.0,1097.0,850.0,2900.0,1009170.0,6911.0,1212.0
2020-04-29,8539.0,1820.0,1404.0,1012.0,3613.0,1007125.0,8332.0,1421.0
2020-04-30,10243.0,2086.0,1733.0,1239.0,4277.0,1002607.0,10030.0,1698.0
2020-05-01,12199.0,2481.0,2009.0,1561.0,5100.0,998029.0,11985.0,1955.0
2020-05-02,14675.0,2948.0,2405.0,1781.0,6309.0,992443.0,14336.0,2351.0
2020-05-03,17261.0,3664.0,2927.0,2292.0,7656.0,987916.0,17297.0,2961.0
2020-05-04,20651.0,4449.0,3404.0,2578.0,9237.0,983128.0,20840.0,3543.0
2020-05-05,24775.0,5212.0,4114.0,3158.0,11032.0,974545.0,24884.0,4044.0
2020-05-06,29751.0,6193.0,4899.0,3867.0,13264.0,965375.0,29827.0,4943.0
2020-05-07,35322.0,7582.0,5846.0,4604.0,15822.0,953906.0,35840.0,6013.0
2020-05-08,42256.0,8862.0,7130.0,5375.0,18875.0,941916.0,42833.0,6993.0
2020-05-09,49613.0,10712.0,8362.0,6479.0,22707.0,926114.0,51312.0,8479.0
2020-05-10,58719.0,12591.0,9798.0,7966.0,27176.0,907057.0,61051.0,9739.0
2020-05-11,68996.0,14926.0,11845.0,9249.0,32998.0,886478.0,72813.0,11762.0
2020-05-12,80572.0,17556.0,13930.0,11080.0,39465.0,861827.0,86453.0,13640.0
2020-05-13,93103.0,20587.0,16278.0,13009.0,46953.0,835003.0,102475.0,16022.0
2020-05-14,107439.0,23997.0,19237.0,15080.0,56063.0,803839.0,120850.0,18375.0
2020-05-15,122471.0,27673.0,22681.0,17816.0,66760.0,767562.0,141926.0,21076.0
2020-05-16,138475.0,31476.0,25820.0,20801.0,78582.0,728918.0,165718.0,23792.0
2020-05-17,154966.0,35734.0,29342.0,24045.0,93004.0,687503.0,192749.0,27031.0
2020-05-18,171360.0,39937.0,33349.0,27551.0,109410.0,642921.0,222881.0,30132.0
2020-05-19,186796.0,44808.0,37427.0,31493.0,128529.0,596555.0,256283.0,33402.0
2020-05-20,201466.0,48774.0,41604.0,35311.0,150011.0,547861.0,292262.0,35979.0
2020-05-21,213218.0,52774.0,46211.0,39228.0,174178.0,499692.0,331301.0,39039.0
2020-05-22,222820.0,55974.0,50414.0,43643.0,201597.0,451535.0,372230.0,40929.0
2020-05-23,230298.0,58682.0,54021.0,47834.0,230859.0,404980.0,414606.0,42376.0
2020-05-24,234270.0,61309.0,56932.0,51568.0,262404.0,359955.0,458325.0,43719.0
2020-05-25,234224.0,62510.0,58956.0,54557.0,297163.0,319234.0,502273.0,43948.0
2020-05-26,231085.0,63090.0,60702.0,57096.0,332684.0,281964.0,545979.0,43706.0
2020-05-27,224599.0,62930.0,61607.0,58742.0,369900.0,248486.0,588904.0,42925.0
2020-05-28,216156.0,61133.0,62142.0,60113.0,406366.0,218629.0,630298.0,41394.0
2020-05-29,205214.0,59304.0,60955.0,60922.0,446145.0,192695.0,669942.0,39644.0
2020-05-30,192866.0,57032.0,59552.0,60216.0,486371.0,170850.0,707668.0,37726.0
2020-05-31,179451.0,53625.0,57272.0,59800.0,523823.0,152016.0,742847.0,35179.0
2020-06-01,166247.0,50245.0,54422.0,57796.0,562233.0,135723.0,775433.0,32586.0
2020-06-02,151648.0,47113.0,51411.0,55013.0,598022.0,122690.0,805741.0,30308.0
2020-06-03,137900.0,43331.0,48384.0,52407.0,633215.0,111511.0,833297.0,27556.0
2020-06-04,124577.0,39852.0,44754.0,49317.0,666832.0,101592.0,858328.0,25031.0
2020-06-05,112450.0,36299.0,41291.0,46272.0,696244.0,93189.0,881040.0,22712.0
2020-06-06,101227.0,32621.0,38221.0,43202.0,725433.0,86493.0,901345.0,20305.0
2020-06-07,90656.0,29461.0,34495.0,39924.0,751230.0,80377.0,919641.0,18296.0
2020-06-08,80913.0,26742.0,31202.0,36589.0,775732.0,75380.0,936060.0,16419.0
2020-06-09,72282.0,23853.0,28306.0,33330.0,797685.0,70962.0,950748.0,14688.0
2020-06-10,64206.0,21354.0,25572.0,30021.0,818849.0,67833.0,963784.0,13036.0
2020-06-11,56679.0,18876.0,22841.0,26770.0,837500.0,65028.0,975143.0,11359.0
2020-06-12,50370.0,17027.0,20207.0,24384.0,854096.0,62120.0,985393.0,10250.0
2020-06-13,44552.0,14996.0,18231.0,21817.0,868416.0,60052.0,994450.0,9057.0
2020-06-14,39354.0,13220.0,15947.0,19617.0,881577.0,57990.0,1002408.0,7958.0
2020-06-15,34672.0,11783.0,14364.0,17465.0,892715.0,56133.0,1009481.0,7073.0
2020-06-16,30596.0,10478.0,12514.0,15764.0,902884.0,54551.0,1015688.0,6207.0
2020-06-17,26975.0,9161.0,11153.0,13825.0,912500.0,53451.0,1021104.0,5416.0
2020-06-18,23751.0,8024.0,9813.0,12353.0,919739.0,52443.0,1025826.0,4722.0
2020-06-19,21065.0,7023.0,8633.0,10983.0,927466.0,51343.0,1029985.0,4159.0
2020-06-20,18330.0,6292.0,7504.0,9534.0,934594.0,50309.0,1033757.0,3772.0
2020-06-21,16154.0,5435.0,6729.0,8447.0,940374.0,50031.0,1036961.0,3204.0
2020-06-22,14273.0,4692.0,5956.0,7494.0,945165.0,49301.0,1039804.0,2843.0
2020-06-23,12594.0,4255.0,5231.0,6458.0,950441.0,48865.0,1042371.0,2567.0
2020-06-24,10801.0,3754.0,4737.0,5723.0,953971.0,48442.0,1044649.0,2278.0
2020-06-25,9418.0,3308.0,4050.0,5203.0,957449.0,48410.0,1046598.0,1949.0
2020-06-26,8203.0,2881.0,3599.0,4601.0,960687.0,47799.0,1048344.0,1746.0
2020-06-27,7232.0,2477.0,3206.0,3969.0,964186.0,47518.0,1049772.0,1428.0
2020-06-28,6348.0,2225.0,2781.0,3523.0,965411.0,47139.0,1051100.0,1328.0
2020-06-29,5596.0,1935.0,2391.0,3080.0,966381.0,47127.0,1052249.0,1149.0
2020-06-30,4988.0,1633.0,2165.0,2695.0,968319.0,46891.0,1053238.0,989.0
2020-07-01,4313.0,1493.0,1923.0,2340.0,969461.0,46643.0,1054162.0,924.0
2020-07-02,3799.0,1295.0,1647.0,2040.0,972641.0,46409.0,1054927.0,765.0
2020-07-03,3183.0,1152.0,1429.0,1774.0,973845.0,46169.0,1055597.0,670.0
2020-07-04,2823.0,940.0,1256.0,1606.0,975145.0,46145.0,1056119.0,522.0
2020-07-05,2486.0,836.0,1087.0,1399.0,976026.0,45882.0,1056643.0,524.0
2020-07-06,2183.0,753.0,954.0,1166.0,976877.0,46304.0,1057099.0,456.0
