time,E,I1,I2,I3,R,S,cumI,diffI
2020-03-06,0.0,2.0,1.0,0.0,0.0,970075.0,0.0,0.0
2020-03-07,3.0,0.0,1.0,2.0,0.0,973488.0,0.0,0.0
2020-03-08,3.0,0.0,0.0,1.0,1.0,979867.0,0.0,0.0
2020-03-09,1.0,0.0,0.0,0.0,1.0,987244.0,0.0,0.0
2020-03-10,1.0,0.0,0.0,0.0,0.0,993009.0,0.0,0.0
2020-03-11,0.0,0.0,0.0,1.0,0.0,998168.0,0.0,0.0
2020-03-12,0.0,0.0,0.0,1.0,0.0,1002620.0,0.0,0.0
2020-03-13,0.0,0.0,0.0,0.0,1.0,1005588.0,0.0,0.0
2020-03-14,0.0,0.0,0.0,0.0,1.0,1007685.0,0.0,0.0
2020-03-15,1.0,0.0,0.0,0.0,0.0,1008773.0,0.0,0.0
2020-03-16,0.0,0.0,0.0,0.0,0.0,1010003.0,0.0,0.0
2020-03-17,0.0,0.0,0.0,0.0,0.0,1009822.0,0.0,0.0
2020-03-18,0.0,0.0,0.0,0.0,0.0,1010692.0,0.0,0.0
2020-03-19,0.0,0.0,0.0,0.0,0.0,1010847.0,0.0,0.0
2020-03-20,0.0,0.0,0.0,0.0,0.0,1011691.0,0.0,0.0
2020-03-21,1.0,0.0,0.0,0.0,0.0,1011215.0,0.0,0.0
2020-03-22,1.0,0.0,0.0,0.0,1.0,1012964.0,0.0,0.0
2020-03-23,1.0,0.0,0.0,0.0,1.0,1012903.0,0.0,0.0
2020-03-24,1.0,0.0,0.0,0.0,0.0,1012766.0,0.0,0.0
2020-03-25,1.0,0.0,0.0,0.0,0.0,1013941.0,0.0,0.0
2020-03-26,1.0,0.0,0.0,0.0,1.0,1014694.0,0.0,0.0
2020-03-27,1.0,0.0,0.0,0.0,0.0,1013766.0,0.0,0.0
2020-03-28,2.0,1.0,0.0,0.0,0.0,1014057.0,0.0,0.0
2020-03-29,2.0,0.0,0.0,1.0,0.0,1013667.0,0.0,0.0
2020-03-30,3.0,1.0,0.0,0.0,2.0,1014296.0,0.0,0.0
2020-03-31,1.0,0.0,1.0,0.0,2.0,1014637.0,0.0,0.0
2020-04-01,1.0,4.0,0.0,1.0,1.0,1015836.0,3.0,3.0
2020-04-02,3.0,1.0,2.0,0.0,1.0,1016932.0,3.0,0.0
2020-04-03,4.0,2.0,1.0,1.0,1.0,1016733.0,4.0,1.0
2020-04-04,9.0,2.0,2.0,1.0,5.0,1016840.0,6.0,2.0
2020-04-05,14.0,5.0,3.0,2.0,8.0,1016935.0,10.0,4.0
2020-04-06,22.0,3.0,2.0,1.0,9.0,1016317.0,11.0,1.0
2020-04-07,20.0,2.0,2.0,2.0,6.0,1016394.0,14.0,3.0
2020-04-08,16.0,5.0,4.0,4.0,8.0,1016859.0,16.0,2.0
2020-04-09,26.0,2.0,5.0,3.0,11.0,1017393.0,17.0,1.0
2020-04-10,27.0,2.0,8.0,4.0,14.0,1018753.0,18.0,1.0
2020-04-11,43.0,7.0,4.0,5.0,17.0,1019356.0,22.0,4.0
2020-04-12,40.0,6.0,2.0,3.0,21.0,1018657.0,27.0,5.0
2020-04-13,44.0,8.0,3.0,4.0,27.0,1018823.0,31.0,4.0
2020-04-14,60.0,13.0,9.0,7.0,28.0,1020651.0,46.0,15.0
2020-04-15,57.0,12.0,8.0,10.0,30.0,1020940.0,59.0,13.0
2020-04-16,61.0,12.0,8.0,8.0,42.0,1019629.0,68.0,9.0
2020-04-17,69.0,8.0,14.0,8.0,43.0,1018997.0,75.0,7.0
2020-04-18,84.0,16.0,16.0,7.0,48.0,1018883.0,88.0,13.0
2020-04-19,106.0,24.0,18.0,11.0,49.0,1019336.0,100.0,12.0
2020-04-20,135.0,37.0,17.0,13.0,71.0,1020242.0,121.0,21.0
2020-04-21,170.0,38.0,23.0,21.0,79.0,1020580.0,152.0,31.0
2020-04-22,176.0,41.0,34.0,14.0,91.0,1019786.0,190.0,38.0
2020-04-23,217.0,41.0,31.0,32.0,131.0,1020482.0,217.0,27.0
2020-04-24,254.0,58.0,47.0,31.0,131.0,1022184.0,265.0,48.0
2020-04-25,295.0,65.0,53.0,43.0,165.0,1022047.0,327.0,62.0
2020-04-26,339.0,86.0,60.0,56.0,189.0,1020935.0,390.0,63.0
2020-04-27,422.0,94.0,91.0,58.0,226.0,1020944.0,468.0,78.0
2020-04-28,479.0,96.0,84.0,73.0,256.0,1020961.0,550.0,82.0
2020-04-29,540.0,110.0,99.0,69.0,281.0,1020358.0,643.0,93.0
2020-04-30,657.0,132.0,111.0,99.0,320.0,1020090.0,739.0,96.0
2020-05-01,804.0,165.0,134.0,109.0,404.0,1020988.0,871.0,132.0
2020-05-02,985.0,212.0,162.0,119.0,484.0,1019908.0,1030.0,159.0
2020-05-03,1156.0,217.0,195.0,149.0,576.0,1020781.0,1209.0,179.0
2020-05-04,1321.0,259.0,231.0,178.0,680.0,1020510.0,1421.0,212.0
2020-05-05,1473.0,308.0,272.0,192.0,786.0,1021047.0,1683.0,262.0
2020-05-06,1675.0,369.0,280.0,239.0,940.0,1020474.0,1971.0,288.0
2020-05-07,1987.0,441.0,319.0,279.0,1135.0,1020585.0,2299.0,328.0
2020-05-08,2293.0,514.0,403.0,306.0,1333.0,1019443.0,2704.0,405.0
2020-05-09,2632.0,571.0,491.0,357.0,1482.0,1017642.0,3135.0,431.0
2020-05-10,3093.0,679.0,563.0,439.0,1730.0,1016167.0,3661.0,526.0
2020-05-11,3684.0,821.0,659.0,495.0,2047.0,1015496.0,4299.0,638.0
2020-05-12,4228.0,940.0,763.0,604.0,2379.0,1014636.0,5021.0,722.0
2020-05-13,4953.0,1058.0,878.0,671.0,2847.0,1013065.0,5815.0,794.0
2020-05-14,5780.0,1255.0,1004.0,803.0,3262.0,1011958.0,6767.0,952.0
2020-05-15,6755.0,1514.0,1119.0,926.0,3822.0,1009895.0,7943.0,1176.0
2020-05-16,7922.0,1698.0,1321.0,1104.0,4533.0,1007626.0,9282.0,1339.0
2020-05-17,9174.0,2017.0,1587.0,1305.0,5322.0,1005093.0,10807.0,1525.0
2020-05-18,10650.0,2289.0,1888.0,1542.0,6084.0,1001761.0,12614.0,1807.0
2020-05-19,12528.0,2760.0,2137.0,1718.0,7264.0,997847.0,14703.0,2089.0
2020-05-20,14640.0,3309.0,2610.0,1971.0,8569.0,994866.0,17278.0,2575.0
2020-05-21,17074.0,3794.0,3084.0,2476.0,10002.0,990339.0,20279.0,3001.0
2020-05-22,19826.0,4422.0,3586.0,2832.0,11662.0,983147.0,23649.0,3370.0
2020-05-23,22939.0,5057.0,4097.0,3273.0,13523.0,977055.0,27548.0,3899.0
2020-05-24,26513.0,5870.0,4768.0,3690.0,15780.0,968025.0,32049.0,4501.0
2020-05-25,30386.0,6799.0,5507.0,4514.0,18390.0,959183.0,37307.0,5258.0
2020-05-26,35508.0,7787.0,6374.0,5162.0,21690.0,948782.0,43322.0,6015.0
2020-05-27,40966.0,9090.0,7424.0,5907.0,24918.0,936977.0,50380.0,7058.0
2020-05-28,46559.0,10524.0,8470.0,6849.0,28897.0,924363.0,58478.0,8098.0
2020-05-29,53450.0,12017.0,9958.0,7872.0,34107.0,908153.0,67644.0,9166.0
2020-05-30,61173.0,13922.0,11306.0,9324.0,39443.0,890842.0,78283.0,10639.0
2020-05-31,69343.0,15690.0,13013.0,10682.0,45636.0,870425.0,90218.0,11935.0
2020-06-01,78507.0,17971.0,14888.0,12092.0,53544.0,848825.0,103807.0,13589.0
2020-06-02,88426.0,20308.0,16980.0,13855.0,61886.0,824761.0,119139.0,15332.0
2020-06-03,98675.0,23138.0,19227.0,15949.0,71202.0,798942.0,136635.0,17496.0
2020-06-04,110118.0,25841.0,21763.0,18182.0,82186.0,768858.0,156178.0,19543.0
2020-06-05,121432.0,28581.0,24244.0,20555.0,94667.0,737026.0,177603.0,21425.0
2020-06-06,133030.0,31482.0,27171.0,22948.0,108509.0,703417.0,201063.0,23460.0
2020-06-07,144174.0,34872.0,29851.0,25659.0,124134.0,667583.0,226887.0,25824.0
2020-06-08,155056.0,37622.0,33172.0,28466.0,141380.0,630256.0,254602.0,27715.0
2020-06-09,165306.0,40357.0,35864.0,31271.0,160527.0,591631.0,284258.0,29656.0
2020-06-10,174796.0,43119.0,38547.0,34200.0,181834.0,552912.0,315818.0,31560.0
2020-06-11,182297.0,45825.0,41539.0,36899.0,205176.0,514182.0,348847.0,33029.0
2020-06-12,188440.0,48210.0,44250.0,39789.0,229963.0,475541.0,383556.0,34709.0
2020-06-13,191871.0,50316.0,46700.0,42395.0,256324.0,438943.0,419467.0,35911.0
2020-06-14,193664.0,51326.0,48679.0,45015.0,284845.0,404306.0,455334.0,35867.0
2020-06-15,193546.0,52153.0,49926.0,46835.0,315611.0,369249.0,491664.0,36330.0
2020-06-16,192055.0,52324.0,51174.0,48393.0,346115.0,337750.0,527939.0,36275.0
2020-06-17,188417.0,52206.0,51536.0,49851.0,377633.0,307993.0,563791.0,35852.0
2020-06-18,182819.0,51672.0,51280.0,50276.0,409993.0,281564.0,598959.0,35168.0
2020-06-19,175434.0,50599.0,51102.0,50619.0,442424.0,257809.0,633258.0,34299.0
2020-06-20,167290.0,48840.0,50435.0,50487.0,474980.0,236036.0,665833.0,32575.0
2020-06-21,158262.0,46782.0,49045.0,50231.0,507356.0,215894.0,696807.0,30974.0
2020-06-22,149435.0,44281.0,47346.0,48965.0,539595.0,198340.0,725778.0,28971.0
2020-06-23,139485.0,41983.0,45341.0,47479.0,571310.0,183050.0,753336.0,27558.0
2020-06-24,128960.0,39543.0,42893.0,45704.0,601916.0,169317.0,779004.0,25668.0
2020-06-25,119159.0,37041.0,40391.0,43812.0,630097.0,157518.0,802696.0,23692.0
2020-06-26,109561.0,34332.0,38012.0,41309.0,657885.0,147939.0,824452.0,21756.0
2020-06-27,100707.0,31412.0,35484.0,38837.0,683381.0,138750.0,844302.0,19850.0
2020-06-28,91697.0,28799.0,32802.0,36267.0,707246.0,130595.0,862467.0,18165.0
2020-06-29,83649.0,26308.0,29937.0,34155.0,730893.0,124068.0,879049.0,16582.0
2020-06-30,75878.0,24072.0,27681.0,31408.0,752858.0,117873.0,894183.0,15134.0
2020-07-01,68522.0,22132.0,25429.0,28949.0,771091.0,113329.0,908000.0,13817.0
2020-07-02,61648.0,19813.0,23164.0,26617.0,787875.0,109071.0,920343.0,12343.0
2020-07-03,55168.0,18008.0,21116.0,24226.0,804313.0,104814.0,931604.0,11261.0
2020-07-04,49694.0,16200.0,19070.0,22146.0,818795.0,101156.0,941498.0,9894.0
2020-07-05,44585.0,14549.0,17210.0,20305.0,832384.0,98296.0,950499.0,9001.0
2020-07-06,40059.0,12979.0,15454.0,18353.0,845936.0,95175.0,958519.0,8020.0
