time,E,I1,I2,I3,R,S,cumI,diffI
2020-03-06,1.0,2.0,1.0,0.0,0.0,970193.0,0.0,0.0
2020-03-07,0.0,0.0,0.0,0.0,0.0,972285.0,0.0,0.0
2020-03-08,0.0,1.0,0.0,0.0,0.0,979386.0,1.0,1.0
2020-03-09,2.0,1.0,0.0,0.0,0.0,985928.0,1.0,0.0
2020-03-10,2.0,0.0,0.0,1.0,0.0,990865.0,1.0,0.0
2020-03-11,3.0,0.0,0.0,0.0,0.0,996560.0,1.0,0.0
2020-03-12,3.0,0.0,0.0,1.0,0.0,1000126.0,1.0,0.0
2020-03-13,2.0,0.0,0.0,0.0,0.0,1003591.0,2.0,1.0
2020-03-14,1.0,2.0,0.0,0.0,0.0,1005901.0,3.0,1.0
2020-03-15,2.0,1.0,0.0,0.0,2.0,1008617.0,3.0,0.0
2020-03-16,2.0,0.0,1.0,0.0,0.0,1009203.0,3.0,0.0
2020-03-17,3.0,0.0,0.0,1.0,2.0,1008338.0,4.0,1.0
2020-03-18,3.0,0.0,0.0,1.0,2.0,1010305.0,4.0,0.0
2020-03-19,4.0,0.0,0.0,2.0,3.0,1011638.0,4.0,0.0
2020-03-20,3.0,3.0,0.0,0.0,5.0,1011411.0,6.0,2.0
2020-03-21,2.0,4.0,0.0,0.0,2.0,1011921.0,7.0,1.0
2020-03-22,8.0,4.0,0.0,1.0,1.0,1012339.0,9.0,2.0
2020-03-23,6.0,7.0,3.0,1.0,2.0,1012468.0,14.0,5.0
2020-03-24,9.0,2.0,5.0,2.0,3.0,1013023.0,14.0,0.0
2020-03-25,12.0,2.0,4.0,3.0,4.0,1012920.0,17.0,3.0
2020-03-26,21.0,3.0,2.0,5.0,4.0,1013666.0,20.0,3.0
2020-03-27,26.0,6.0,5.0,2.0,12.0,1013870.0,26.0,6.0
2020-03-28,19.0,5.0,4.0,5.0,11.0,1013666.0,31.0,5.0
2020-03-29,28.0,6.0,1.0,2.0,18.0,1013517.0,34.0,3.0
2020-03-30,29.0,6.0,5.0,2.0,23.0,1014990.0,41.0,7.0
2020-03-31,36.0,10.0,5.0,3.0,20.0,1014516.0,47.0,6.0
2020-04-01,37.0,10.0,11.0,4.0,20.0,1016027.0,57.0,10.0
2020-04-02,53.0,5.0,5.0,9.0,17.0,1015802.0,60.0,3.0
2020-04-03,52.0,7.0,6.0,9.0,23.0,1015954.0,65.0,5.0
2020-04-04,57.0,8.0,8.0,7.0,27.0,1017294.0,71.0,6.0
2020-04-05,57.0,15.0,11.0,9.0,40.0,1016464.0,83.0,12.0
2020-04-06,69.0,19.0,10.0,10.0,48.0,1016786.0,95.0,12.0
2020-04-07,96.0,14.0,18.0,7.0,55.0,1017415.0,109.0,14.0
2020-04-08,104.0,18.0,13.0,15.0,58.0,1018541.0,126.0,17.0
2020-04-09,108.0,21.0,15.0,15.0,59.0,1018197.0,149.0,23.0
2020-04-10,131.0,21.0,19.0,17.0,70.0,1019127.0,165.0,16.0
2020-04-11,148.0,32.0,20.0,21.0,75.0,1018475.0,190.0,25.0
2020-04-12,171.0,32.0,22.0,20.0,100.0,1018352.0,211.0,21.0
2020-04-13,188.0,48.0,31.0,21.0,108.0,1018262.0,252.0,41.0
2020-04-14,226.0,63.0,33.0,31.0,103.0,1017972.0,293.0,41.0
2020-04-15,257.0,51.0,46.0,22.0,136.0,1017827.0,332.0,39.0
2020-04-16,271.0,66.0,46.0,32.0,169.0,1017579.0,378.0,46.0
2020-04-17,343.0,92.0,54.0,46.0,203.0,1018503.0,441.0,63.0
2020-04-18,390.0,93.0,64.0,58.0,241.0,1018496.0,499.0,58.0
2020-04-19,441.0,112.0,89.0,65.0,266.0,1019221.0,587.0,88.0
2020-04-20,548.0,120.0,101.0,78.0,296.0,1019082.0,676.0,89.0
2020-04-21,667.0,116.0,113.0,93.0,370.0,1018287.0,766.0,90.0
2020-04-22,742.0,136.0,126.0,124.0,407.0,1018616.0,885.0,119.0
2020-04-23,822.0,193.0,147.0,118.0,470.0,1017502.0,1049.0,164.0
2020-04-24,969.0,203.0,173.0,121.0,590.0,1017960.0,1204.0,155.0
2020-04-25,1123.0,247.0,198.0,132.0,660.0,1017732.0,1400.0,196.0
2020-04-26,1308.0,254.0,262.0,173.0,760.0,1017830.0,1630.0,230.0
2020-04-27,1522.0,354.0,258.0,214.0,872.0,1018365.0,1905.0,275.0
2020-04-28,1793.0,416.0,326.0,250.0,1041.0,1016512.0,2223.0,318.0
2020-04-29,2125.0,465.0,352.0,284.0,1233.0,1016780.0,2547.0,324.0
2020-04-30,2417.0,531.0,440.0,332.0,1402.0,1016630.0,2931.0,384.0
2020-05-01,2838.0,634.0,473.0,399.0,1654.0,1014358.0,3416.0,485.0
2020-05-02,3330.0,768.0,586.0,439.0,1974.0,1014221.0,3988.0,572.0
2020-05-03,3828.0,858.0,691.0,550.0,2303.0,1013877.0,4673.0,685.0
2020-05-04,4563.0,988.0,805.0,652.0,2657.0,1013732.0,5418.0,745.0
2020-05-05,5275.0,1166.0,885.0,727.0,3069.0,1011040.0,6331.0,913.0
2020-05-06,6145.0,1331.0,1094.0,807.0,3591.0,1009490.0,7326.0,995.0
2020-05-07,7219.0,1588.0,1266.0,1027.0,4174.0,1007209.0,8568.0,1242.0
2020-05-08,8432.0,1873.0,1491.0,1211.0,4867.0,1004404.0,10003.0,1435.0
2020-05-09,9835.0,2181.0,1733.0,1372.0,5663.0,1001117.0,11719.0,1716.0
2020-05-10,11486.0,2498.0,1996.0,1625.0,6597.0,998291.0,13635.0,1916.0
2020-05-11,13415.0,2947.0,2333.0,1809.0,7726.0,995151.0,15944.0,2309.0
2020-05-12,15401.0,3437.0,2703.0,2136.0,8962.0,991568.0,18619.0,2675.0
2020-05-13,17539.0,4014.0,3118.0,2505.0,10430.0,986382.0,21666.0,3047.0
2020-05-14,20756.0,4610.0,3731.0,2988.0,12245.0,979102.0,25161.0,3495.0
2020-05-15,23863.0,5144.0,4331.0,3410.0,14374.0,971876.0,29253.0,4092.0
2020-05-16,27612.0,6201.0,4993.0,3970.0,16709.0,963471.0,34029.0,4776.0
2020-05-17,32106.0,7046.0,5805.0,4656.0,19390.0,953629.0,39512.0,5483.0
2020-05-18,36790.0,8198.0,6670.0,5430.0,22614.0,944134.0,45901.0,6389.0
2020-05-19,42266.0,9513.0,7576.0,6258.0,26078.0,932451.0,53174.0,7273.0
2020-05-20,48303.0,10892.0,8829.0,7275.0,30390.0,917940.0,61566.0,8392.0
2020-05-21,54680.0,12475.0,9909.0,8451.0,35388.0,902873.0,71044.0,9478.0
2020-05-22,62563.0,14448.0,11502.0,9647.0,41078.0,886190.0,81915.0,10871.0
2020-05-23,71016.0,16343.0,13345.0,11031.0,47618.0,865928.0,94400.0,12485.0
2020-05-24,79978.0,18534.0,15285.0,12678.0,55343.0,844008.0,108376.0,13976.0
2020-05-25,90025.0,21033.0,17244.0,14313.0,64008.0,819474.0,124073.0,15697.0
2020-05-26,100413.0,23491.0,19595.0,16342.0,73655.0,792640.0,141692.0,17619.0
2020-05-27,112016.0,26089.0,21806.0,18486.0,84664.0,763239.0,161014.0,19322.0
2020-05-28,123374.0,29143.0,24833.0,20541.0,97110.0,730675.0,182845.0,21831.0
2020-05-29,134466.0,32022.0,27478.0,23040.0,111040.0,697319.0,206660.0,23815.0
2020-05-30,145517.0,34911.0,30594.0,25955.0,126647.0,661710.0,232724.0,26064.0
2020-05-31,156352.0,38001.0,33559.0,28749.0,144088.0,624444.0,261068.0,28344.0
2020-06-01,165903.0,40921.0,36650.0,32015.0,163442.0,586233.0,291160.0,30092.0
2020-06-02,175159.0,43882.0,39300.0,34828.0,184862.0,548041.0,322881.0,31721.0
2020-06-03,182620.0,46398.0,41594.0,37547.0,207432.0,510054.0,356300.0,33419.0
2020-06-04,188899.0,48343.0,44253.0,40603.0,233049.0,471945.0,390840.0,34540.0
2020-06-05,192546.0,50227.0,46992.0,42955.0,260022.0,434541.0,426674.0,35834.0
2020-06-06,194226.0,51212.0,49059.0,45409.0,287955.0,398791.0,462997.0,36323.0
2020-06-07,194361.0,52177.0,50044.0,47183.0,317290.0,366194.0,499229.0,36232.0
2020-06-08,191575.0,52347.0,51091.0,48753.0,348904.0,334373.0,535646.0,36417.0
2020-06-09,186659.0,52115.0,51670.0,49995.0,379801.0,306365.0,571226.0,35580.0
2020-06-10,181466.0,51038.0,51645.0,50268.0,411439.0,280296.0,605646.0,34420.0
2020-06-11,174777.0,50292.0,50736.0,50701.0,444147.0,255934.0,639352.0,33706.0
2020-06-12,166868.0,48477.0,49779.0,50639.0,476417.0,234124.0,671561.0,32209.0
2020-06-13,157467.0,46044.0,48393.0,49671.0,508365.0,214959.0,702127.0,30566.0
2020-06-14,148080.0,44066.0,46693.0,48372.0,540241.0,198603.0,731029.0,28902.0
2020-06-15,137895.0,41451.0,44580.0,46946.0,570686.0,183890.0,758361.0,27332.0
2020-06-16,128159.0,38932.0,42409.0,45139.0,600611.0,171038.0,783644.0,25283.0
2020-06-17,118696.0,36359.0,39860.0,43029.0,628709.0,159067.0,806910.0,23266.0
2020-06-18,108807.0,34036.0,37615.0,40691.0,656774.0,148730.0,828513.0,21603.0
2020-06-19,99813.0,31189.0,35377.0,38319.0,682674.0,140192.0,848451.0,19938.0
2020-06-20,91555.0,28879.0,32536.0,35958.0,706344.0,132356.0,866601.0,18150.0
2020-06-21,83091.0,26538.0,30000.0,33823.0,726170.0,126228.0,883206.0,16605.0
2020-06-22,75912.0,23964.0,27824.0,31373.0,747307.0,120102.0,898200.0,14994.0
2020-06-23,68958.0,22043.0,25632.0,28928.0,766877.0,115096.0,912010.0,13810.0
2020-06-24,61954.0,19721.0,23398.0,26563.0,784749.0,110211.0,924449.0,12439.0
2020-06-25,55907.0,18062.0,21280.0,24441.0,801578.0,105793.0,935683.0,11234.0
2020-06-26,50328.0,16567.0,19249.0,22409.0,816188.0,102536.0,945969.0,10286.0
2020-06-27,45271.0,14677.0,17394.0,20540.0,829510.0,99764.0,954944.0,8975.0
2020-06-28,40772.0,13210.0,15678.0,18488.0,843948.0,97031.0,963029.0,8085.0
2020-06-29,36707.0,11810.0,14195.0,16870.0,854125.0,94558.0,970312.0,7283.0
2020-06-30,32877.0,10823.0,12659.0,15211.0,862636.0,92591.0,976896.0,6584.0
2020-07-01,29395.0,9731.0,11499.0,13715.0,872747.0,90829.0,982819.0,5923.0
2020-07-02,26486.0,8740.0,10370.0,12346.0,880315.0,89548.0,988161.0,5342.0
2020-07-03,23624.0,7838.0,9370.0,11106.0,889100.0,87674.0,992993.0,4832.0
2020-07-04,21116.0,7077.0,8351.0,10058.0,895336.0,86199.0,997224.0,4231.0
2020-07-05,19042.0,6225.0,7505.0,9024.0,899464.0,85627.0,1000978.0,3754.0
2020-07-06,16882.0,5663.0,6905.0,7936.0,904902.0,84430.0,1004480.0,3502.0
