time,E,I1,I2,I3,R,S,cumI,diffI
2020-03-06,0.0,2.0,0.0,0.0,0.0,969900.0,0.0,0.0
2020-03-07,0.0,1.0,1.0,0.0,0.0,971887.0,0.0,0.0
2020-03-08,1.0,0.0,0.0,0.0,0.0,978247.0,0.0,0.0
2020-03-09,1.0,0.0,0.0,0.0,0.0,985346.0,0.0,0.0
2020-03-10,1.0,0.0,0.0,0.0,0.0,991465.0,0.0,0.0
2020-03-11,0.0,0.0,0.0,0.0,0.0,995811.0,0.0,0.0
2020-03-12,0.0,0.0,0.0,0.0,1.0,1000231.0,0.0,0.0
2020-03-13,0.0,0.0,1.0,0.0,1.0,1003162.0,0.0,0.0
2020-03-14,0.0,1.0,0.0,1.0,1.0,1005326.0,1.0,1.0
2020-03-15,1.0,1.0,0.0,1.0,1.0,1008156.0,1.0,0.0
2020-03-16,2.0,0.0,0.0,1.0,2.0,1008058.0,1.0,0.0
2020-03-17,1.0,0.0,0.0,1.0,2.0,1009323.0,1.0,0.0
2020-03-18,2.0,0.0,0.0,0.0,1.0,1010021.0,1.0,0.0
2020-03-19,2.0,0.0,0.0,0.0,1.0,1010750.0,1.0,0.0
2020-03-20,1.0,0.0,0.0,0.0,1.0,1012238.0,1.0,0.0
2020-03-21,0.0,0.0,0.0,0.0,0.0,1012979.0,1.0,0.0
2020-03-22,1.0,0.0,0.0,0.0,0.0,1012511.0,1.0,0.0
2020-03-23,1.0,0.0,0.0,0.0,0.0,1013539.0,1.0,0.0
2020-03-24,1.0,0.0,0.0,0.0,0.0,1014492.0,1.0,0.0
2020-03-25,1.0,1.0,0.0,0.0,0.0,1014507.0,2.0,1.0
2020-03-26,1.0,1.0,0.0,0.0,0.0,1013464.0,2.0,0.0
2020-03-27,0.0,0.0,0.0,0.0,0.0,1015001.0,2.0,0.0
2020-03-28,1.0,0.0,0.0,0.0,0.0,1015220.0,2.0,0.0
2020-03-29,1.0,0.0,0.0,0.0,0.0,1016663.0,2.0,0.0
2020-03-30,1.0,0.0,0.0,0.0,0.0,1014688.0,2.0,0.0
2020-03-31,3.0,0.0,0.0,0.0,0.0,1014754.0,2.0,0.0
2020-04-01,4.0,0.0,1.0,0.0,1.0,1015678.0,3.0,1.0
2020-04-02,5.0,4.0,1.0,0.0,1.0,1015061.0,6.0,3.0
2020-04-03,8.0,3.0,2.0,0.0,2.0,1016087.0,7.0,1.0
2020-04-04,10.0,6.0,1.0,0.0,4.0,1016509.0,10.0,3.0
2020-04-05,11.0,3.0,3.0,1.0,4.0,1018172.0,12.0,2.0
2020-04-06,13.0,3.0,2.0,0.0,7.0,1018268.0,15.0,3.0
2020-04-07,15.0,2.0,2.0,3.0,9.0,1018096.0,16.0,1.0
2020-04-08,14.0,3.0,2.0,2.0,9.0,1017410.0,19.0,3.0
2020-04-09,15.0,2.0,1.0,0.0,9.0,1017370.0,20.0,1.0
2020-04-10,12.0,5.0,0.0,1.0,7.0,1016702.0,22.0,2.0
2020-04-11,14.0,2.0,3.0,1.0,4.0,1017713.0,25.0,3.0
2020-04-12,23.0,4.0,3.0,4.0,9.0,1017660.0,29.0,4.0
2020-04-13,32.0,7.0,2.0,3.0,12.0,1018773.0,32.0,3.0
2020-04-14,35.0,13.0,2.0,1.0,18.0,1018336.0,41.0,9.0
2020-04-15,51.0,13.0,5.0,6.0,19.0,1018903.0,49.0,8.0
2020-04-16,52.0,13.0,9.0,9.0,21.0,1019489.0,59.0,10.0
2020-04-17,64.0,15.0,12.0,11.0,27.0,1019954.0,68.0,9.0
2020-04-18,76.0,10.0,16.0,7.0,35.0,1020283.0,74.0,6.0
2020-04-19,76.0,10.0,17.0,8.0,43.0,1019587.0,87.0,13.0
2020-04-20,90.0,12.0,12.0,15.0,54.0,1020633.0,95.0,8.0
2020-04-21,84.0,17.0,16.0,12.0,59.0,1020839.0,111.0,16.0
2020-04-22,109.0,22.0,16.0,15.0,60.0,1020367.0,127.0,16.0
2020-04-23,134.0,20.0,25.0,11.0,71.0,1021253.0,143.0,16.0
2020-04-24,130.0,25.0,25.0,21.0,74.0,1021497.0,162.0,19.0
2020-04-25,152.0,31.0,28.0,18.0,87.0,1021541.0,186.0,24.0
2020-04-26,191.0,39.0,27.0,19.0,102.0,1020773.0,215.0,29.0
2020-04-27,209.0,51.0,43.0,26.0,107.0,1020655.0,260.0,45.0
2020-04-28,238.0,63.0,46.0,33.0,123.0,1020213.0,310.0,50.0
2020-04-29,290.0,70.0,50.0,35.0,164.0,1020972.0,352.0,42.0
2020-04-30,345.0,78.0,52.0,61.0,187.0,1020975.0,414.0,62.0
2020-05-01,384.0,89.0,75.0,55.0,227.0,1019992.0,489.0,75.0
2020-05-02,483.0,102.0,81.0,71.0,265.0,1020707.0,564.0,75.0
2020-05-03,551.0,127.0,95.0,78.0,285.0,1020626.0,665.0,101.0
2020-05-04,612.0,156.0,119.0,88.0,353.0,1021360.0,789.0,124.0
2020-05-05,747.0,176.0,136.0,102.0,391.0,1021076.0,907.0,118.0
2020-05-06,853.0,195.0,156.0,127.0,479.0,1018820.0,1050.0,143.0
2020-05-07,994.0,201.0,193.0,126.0,583.0,1019604.0,1206.0,156.0
2020-05-08,1136.0,266.0,193.0,160.0,667.0,1019365.0,1417.0,211.0
2020-05-09,1310.0,302.0,249.0,189.0,783.0,1018933.0,1663.0,246.0
2020-05-10,1592.0,358.0,289.0,213.0,941.0,1019201.0,1939.0,276.0
2020-05-11,1865.0,427.0,321.0,270.0,1061.0,1019450.0,2266.0,327.0
2020-05-12,2148.0,442.0,399.0,310.0,1288.0,1018694.0,2623.0,357.0
2020-05-13,2527.0,512.0,425.0,351.0,1447.0,1018090.0,3025.0,402.0
2020-05-14,2937.0,567.0,534.0,426.0,1732.0,1017269.0,3474.0,449.0
2020-05-15,3427.0,748.0,566.0,522.0,1993.0,1016870.0,4064.0,590.0
2020-05-16,3940.0,882.0,687.0,541.0,2331.0,1014821.0,4732.0,668.0
2020-05-17,4699.0,1012.0,816.0,678.0,2777.0,1014400.0,5503.0,771.0
2020-05-18,5420.0,1206.0,900.0,791.0,3174.0,1012527.0,6401.0,898.0
2020-05-19,6392.0,1407.0,1089.0,908.0,3671.0,1011677.0,7460.0,1059.0
2020-05-20,7498.0,1605.0,1363.0,1026.0,4189.0,1009424.0,8734.0,1274.0
2020-05-21,8863.0,1871.0,1590.0,1208.0,4905.0,1007066.0,10215.0,1481.0
2020-05-22,10272.0,2167.0,1746.0,1496.0,5746.0,1002578.0,11904.0,1689.0
2020-05-23,11722.0,2665.0,2039.0,1734.0,6722.0,999349.0,14003.0,2099.0
2020-05-24,13786.0,3072.0,2410.0,1947.0,7911.0,995117.0,16292.0,2289.0
2020-05-25,16038.0,3512.0,2831.0,2253.0,9213.0,991533.0,19038.0,2746.0
2020-05-26,18533.0,4017.0,3312.0,2686.0,10778.0,986061.0,22211.0,3173.0
2020-05-27,21703.0,4796.0,3749.0,3135.0,12762.0,980131.0,25895.0,3684.0
2020-05-28,25159.0,5473.0,4434.0,3585.0,14667.0,972667.0,30153.0,4258.0
2020-05-29,28749.0,6506.0,5071.0,4086.0,16941.0,963570.0,35099.0,4946.0
2020-05-30,32998.0,7556.0,5978.0,4758.0,19912.0,954631.0,40860.0,5761.0
2020-05-31,38148.0,8635.0,7005.0,5569.0,23351.0,944877.0,47557.0,6697.0
2020-06-01,44016.0,9857.0,7997.0,6391.0,27153.0,932114.0,55000.0,7443.0
2020-06-02,50177.0,11160.0,9192.0,7435.0,31629.0,917594.0,63574.0,8574.0
2020-06-03,57155.0,12951.0,10590.0,8591.0,36571.0,900751.0,73483.0,9909.0
2020-06-04,65045.0,14686.0,12182.0,9845.0,42452.0,881015.0,84673.0,11190.0
2020-06-05,73633.0,16456.0,13731.0,11447.0,49323.0,859136.0,97359.0,12686.0
2020-06-06,82741.0,18918.0,15578.0,13017.0,56785.0,838748.0,111827.0,14468.0
2020-06-07,92878.0,21364.0,17738.0,14646.0,65675.0,814379.0,128007.0,16180.0
2020-06-08,103906.0,24276.0,20256.0,16497.0,75693.0,788282.0,146211.0,18204.0
2020-06-09,115222.0,27036.0,22748.0,18777.0,87186.0,757426.0,166621.0,20410.0
2020-06-10,126663.0,29965.0,25559.0,21414.0,99518.0,724383.0,189119.0,22498.0
2020-06-11,137892.0,32582.0,28348.0,24103.0,114205.0,690760.0,213469.0,24350.0
2020-06-12,148824.0,35978.0,31173.0,26217.0,130196.0,653974.0,239992.0,26523.0
2020-06-13,159457.0,38636.0,34059.0,29199.0,148085.0,616943.0,268572.0,28580.0
2020-06-14,168870.0,41366.0,36912.0,32163.0,167819.0,579981.0,298878.0,30306.0
2020-06-15,177608.0,44257.0,39791.0,35004.0,189442.0,540401.0,331082.0,32204.0
2020-06-16,184094.0,46736.0,42523.0,37585.0,212680.0,501657.0,364767.0,33685.0
2020-06-17,189311.0,48645.0,45488.0,40796.0,238021.0,465008.0,399827.0,35060.0
2020-06-18,192769.0,50109.0,47246.0,43515.0,265208.0,428897.0,435278.0,35451.0
2020-06-19,193590.0,51195.0,49114.0,45725.0,293742.0,394453.0,471452.0,36174.0
2020-06-20,193200.0,52107.0,50315.0,47490.0,323836.0,361470.0,507908.0,36456.0
2020-06-21,190388.0,52349.0,51220.0,48876.0,354262.0,330020.0,544094.0,36186.0
2020-06-22,185946.0,52309.0,51656.0,50095.0,385397.0,301916.0,579422.0,35328.0
2020-06-23,180600.0,50891.0,51794.0,50948.0,417746.0,275890.0,613588.0,34166.0
2020-06-24,174213.0,49658.0,50765.0,50819.0,450784.0,252396.0,647197.0,33609.0
2020-06-25,165828.0,48369.0,49233.0,50322.0,483130.0,232095.0,679277.0,32080.0
2020-06-26,156297.0,46260.0,48082.0,49565.0,514246.0,213928.0,709748.0,30471.0
2020-06-27,146974.0,43945.0,46430.0,48386.0,545512.0,197039.0,738257.0,28509.0
2020-06-28,137587.0,41380.0,44226.0,47000.0,576771.0,182178.0,765002.0,26745.0
2020-06-29,127647.0,38677.0,42108.0,45052.0,606145.0,168403.0,790091.0,25089.0
2020-06-30,117997.0,35969.0,39951.0,42941.0,634685.0,157326.0,813151.0,23060.0
2020-07-01,108962.0,33437.0,36934.0,40543.0,661372.0,147544.0,834361.0,21210.0
2020-07-02,99623.0,30938.0,34723.0,38282.0,687521.0,138831.0,854245.0,19884.0
2020-07-03,90956.0,28364.0,32287.0,35906.0,710972.0,131169.0,872348.0,18103.0
2020-07-04,82852.0,26048.0,29566.0,33457.0,732537.0,125219.0,888776.0,16428.0
2020-07-05,75424.0,23736.0,27594.0,31189.0,752419.0,119413.0,903771.0,14995.0
2020-07-06,68394.0,21828.0,25257.0,28652.0,771181.0,114262.0,917636.0,13865.0
