time,E,I1,I2,I3,R,S,cumI,diffI
2020-03-06,0.0,2.0,1.0,0.0,0.0,970170.0,0.0,0.0
2020-03-07,1.0,1.0,0.0,1.0,0.0,971898.0,1.0,1.0
2020-03-08,2.0,1.0,1.0,1.0,0.0,978881.0,2.0,1.0
2020-03-09,3.0,0.0,1.0,0.0,0.0,986804.0,2.0,0.0
2020-03-10,5.0,0.0,1.0,1.0,0.0,994085.0,2.0,0.0
2020-03-11,6.0,0.0,0.0,1.0,0.0,998147.0,2.0,0.0
2020-03-12,6.0,0.0,0.0,1.0,0.0,1002203.0,2.0,0.0
2020-03-13,10.0,1.0,0.0,0.0,0.0,1004935.0,2.0,0.0
2020-03-14,9.0,3.0,0.0,1.0,0.0,1006702.0,3.0,1.0
2020-03-15,7.0,1.0,0.0,0.0,0.0,1008302.0,4.0,1.0
2020-03-16,6.0,1.0,1.0,0.0,2.0,1009737.0,4.0,0.0
2020-03-17,3.0,0.0,3.0,0.0,2.0,1009690.0,5.0,1.0
2020-03-18,4.0,3.0,1.0,3.0,2.0,1011024.0,8.0,3.0
2020-03-19,2.0,2.0,1.0,2.0,2.0,1012939.0,9.0,1.0
2020-03-20,2.0,2.0,1.0,1.0,4.0,1012637.0,9.0,0.0
2020-03-21,5.0,1.0,1.0,2.0,4.0,1013277.0,10.0,1.0
2020-03-22,4.0,2.0,1.0,2.0,2.0,1013167.0,11.0,1.0
2020-03-23,7.0,1.0,3.0,1.0,4.0,1014020.0,13.0,2.0
2020-03-24,11.0,1.0,2.0,1.0,5.0,1014192.0,14.0,1.0
2020-03-25,17.0,2.0,3.0,2.0,7.0,1014406.0,15.0,1.0
2020-03-26,18.0,3.0,1.0,5.0,8.0,1015145.0,17.0,2.0
2020-03-27,19.0,8.0,3.0,1.0,7.0,1015346.0,25.0,8.0
2020-03-28,19.0,7.0,2.0,6.0,6.0,1015496.0,29.0,4.0
2020-03-29,28.0,5.0,3.0,3.0,12.0,1016144.0,31.0,2.0
2020-03-30,33.0,6.0,6.0,5.0,12.0,1014934.0,36.0,5.0
2020-03-31,41.0,10.0,5.0,4.0,11.0,1015692.0,44.0,8.0
2020-04-01,49.0,10.0,7.0,4.0,19.0,1016486.0,52.0,8.0
2020-04-02,52.0,11.0,3.0,5.0,21.0,1016190.0,62.0,10.0
2020-04-03,53.0,15.0,9.0,6.0,31.0,1016886.0,75.0,13.0
2020-04-04,42.0,17.0,8.0,10.0,37.0,1017654.0,89.0,14.0
2020-04-05,55.0,18.0,13.0,10.0,42.0,1016970.0,102.0,13.0
2020-04-06,67.0,21.0,10.0,17.0,46.0,1017101.0,118.0,16.0
2020-04-07,97.0,19.0,14.0,10.0,62.0,1017011.0,132.0,14.0
2020-04-08,110.0,25.0,17.0,16.0,67.0,1017083.0,150.0,18.0
2020-04-09,125.0,24.0,27.0,18.0,74.0,1017470.0,178.0,28.0
2020-04-10,136.0,46.0,26.0,30.0,82.0,1017933.0,215.0,37.0
2020-04-11,172.0,45.0,30.0,28.0,102.0,1018291.0,246.0,31.0
2020-04-12,220.0,53.0,42.0,26.0,117.0,1017410.0,294.0,48.0
2020-04-13,246.0,58.0,38.0,39.0,127.0,1018095.0,335.0,41.0
2020-04-14,280.0,68.0,57.0,35.0,141.0,1017445.0,389.0,54.0
2020-04-15,300.0,74.0,60.0,50.0,166.0,1019479.0,451.0,62.0
2020-04-16,347.0,86.0,76.0,59.0,201.0,1020139.0,523.0,72.0
2020-04-17,442.0,93.0,65.0,64.0,251.0,1020306.0,589.0,66.0
2020-04-18,496.0,117.0,94.0,76.0,288.0,1020741.0,684.0,95.0
2020-04-19,589.0,137.0,99.0,89.0,347.0,1019493.0,786.0,102.0
2020-04-20,686.0,156.0,131.0,98.0,397.0,1020289.0,914.0,128.0
2020-04-21,750.0,181.0,139.0,111.0,453.0,1020163.0,1059.0,145.0
2020-04-22,877.0,176.0,158.0,121.0,524.0,1019737.0,1197.0,138.0
2020-04-23,1019.0,223.0,174.0,133.0,587.0,1019041.0,1376.0,179.0
2020-04-24,1166.0,273.0,206.0,151.0,680.0,1017538.0,1582.0,206.0
2020-04-25,1312.0,297.0,264.0,166.0,788.0,1018451.0,1824.0,242.0
2020-04-26,1527.0,361.0,301.0,217.0,864.0,1018026.0,2112.0,288.0
2020-04-27,1791.0,388.0,317.0,266.0,1058.0,1016661.0,2429.0,317.0
2020-04-28,2206.0,459.0,351.0,318.0,1231.0,1015853.0,2783.0,354.0
2020-04-29,2516.0,570.0,384.0,331.0,1467.0,1016669.0,3229.0,446.0
2020-04-30,2933.0,633.0,524.0,426.0,1657.0,1016604.0,3725.0,496.0
2020-05-01,3373.0,752.0,609.0,472.0,1905.0,1014648.0,4306.0,581.0
2020-05-02,3876.0,860.0,717.0,561.0,2247.0,1013479.0,4983.0,677.0
2020-05-03,4621.0,1059.0,806.0,648.0,2668.0,1011843.0,5769.0,786.0
2020-05-04,5361.0,1218.0,1036.0,713.0,3088.0,1010890.0,6725.0,956.0
2020-05-05,6302.0,1410.0,1126.0,904.0,3620.0,1009553.0,7761.0,1036.0
2020-05-06,7496.0,1622.0,1285.0,1047.0,4336.0,1007811.0,9021.0,1260.0
2020-05-07,8602.0,1846.0,1526.0,1249.0,5075.0,1005487.0,10493.0,1472.0
2020-05-08,10033.0,2134.0,1758.0,1438.0,5917.0,1002839.0,12177.0,1684.0
2020-05-09,11500.0,2567.0,2055.0,1658.0,6748.0,999771.0,14248.0,2071.0
2020-05-10,13374.0,2933.0,2451.0,1946.0,7786.0,994731.0,16546.0,2298.0
2020-05-11,15557.0,3462.0,2795.0,2334.0,9247.0,989445.0,19228.0,2682.0
2020-05-12,18318.0,3933.0,3252.0,2622.0,10848.0,985806.0,22301.0,3073.0
2020-05-13,21246.0,4692.0,3751.0,3049.0,12683.0,978938.0,25967.0,3666.0
2020-05-14,24346.0,5365.0,4451.0,3519.0,14691.0,971883.0,30121.0,4154.0
2020-05-15,28449.0,6260.0,5189.0,4088.0,17108.0,963548.0,35084.0,4963.0
2020-05-16,33071.0,7370.0,5900.0,4851.0,19803.0,953355.0,40788.0,5704.0
2020-05-17,38143.0,8428.0,6926.0,5561.0,23246.0,942047.0,47282.0,6494.0
2020-05-18,43630.0,9677.0,7900.0,6318.0,26997.0,930590.0,54795.0,7513.0
2020-05-19,49987.0,11361.0,9057.0,7393.0,31196.0,916291.0,63407.0,8612.0
2020-05-20,56705.0,12775.0,10648.0,8456.0,36496.0,900162.0,73182.0,9775.0
2020-05-21,64747.0,14520.0,11993.0,9961.0,42211.0,882968.0,84265.0,11083.0
2020-05-22,73358.0,16315.0,13490.0,11379.0,48998.0,862728.0,96784.0,12519.0
2020-05-23,82538.0,18865.0,15607.0,12842.0,56807.0,838913.0,111167.0,14383.0
2020-05-24,92718.0,21427.0,17696.0,14822.0,65666.0,813766.0,127200.0,16033.0
2020-05-25,103189.0,24144.0,19942.0,16732.0,75370.0,786333.0,145100.0,17900.0
2020-05-26,114382.0,26729.0,22562.0,19015.0,86695.0,756086.0,165194.0,20094.0
2020-05-27,125314.0,29678.0,25127.0,21372.0,99620.0,723606.0,187486.0,22292.0
2020-05-28,136406.0,32724.0,28093.0,23760.0,113826.0,689652.0,211758.0,24272.0
2020-05-29,147627.0,35691.0,30951.0,26560.0,129862.0,654652.0,238039.0,26281.0
2020-05-30,158251.0,39071.0,33862.0,29583.0,147959.0,616750.0,266869.0,28830.0
2020-05-31,168311.0,41610.0,36861.0,32241.0,167543.0,579087.0,297176.0,30307.0
2020-06-01,177160.0,44222.0,39905.0,34958.0,188787.0,540868.0,329404.0,32228.0
2020-06-02,184059.0,46486.0,42605.0,38031.0,212127.0,502782.0,363124.0,33720.0
2020-06-03,189698.0,49057.0,45101.0,40563.0,237905.0,464667.0,398238.0,35114.0
2020-06-04,193028.0,50604.0,46966.0,43527.0,264400.0,428045.0,433926.0,35688.0
2020-06-05,194457.0,51528.0,48846.0,45659.0,293651.0,393285.0,470472.0,36546.0
2020-06-06,194243.0,52413.0,50250.0,47490.0,323757.0,360030.0,506901.0,36429.0
2020-06-07,191273.0,52382.0,51342.0,48923.0,354497.0,329152.0,543178.0,36277.0
2020-06-08,186574.0,52105.0,51203.0,50062.0,385586.0,300824.0,578799.0,35621.0
2020-06-09,180660.0,51137.0,51327.0,50420.0,417767.0,275338.0,613604.0,34805.0
2020-06-10,173877.0,49777.0,50828.0,50568.0,450294.0,251300.0,647094.0,33490.0
2020-06-11,165808.0,47686.0,49472.0,50104.0,482725.0,230588.0,678813.0,31719.0
2020-06-12,156430.0,45512.0,47688.0,49659.0,514858.0,211844.0,708919.0,30106.0
2020-06-13,146782.0,43281.0,46226.0,48075.0,546902.0,195523.0,737463.0,28544.0
2020-06-14,136626.0,41155.0,44165.0,46568.0,577256.0,181439.0,764379.0,26916.0
2020-06-15,127235.0,38739.0,42231.0,45310.0,606698.0,168172.0,789326.0,24947.0
2020-06-16,117281.0,36203.0,39882.0,43174.0,635439.0,157154.0,812376.0,23050.0
2020-06-17,107770.0,33731.0,36920.0,40825.0,661585.0,146896.0,833608.0,21232.0
2020-06-18,98923.0,30973.0,34651.0,38329.0,687500.0,137885.0,853252.0,19644.0
2020-06-19,90072.0,28278.0,32112.0,35779.0,711106.0,130513.0,871007.0,17755.0
2020-06-20,81961.0,25670.0,29440.0,33312.0,734342.0,124135.0,887357.0,16350.0
2020-06-21,74360.0,23561.0,27196.0,31040.0,753774.0,118356.0,902169.0,14812.0
2020-06-22,67308.0,21822.0,25165.0,28689.0,773199.0,113429.0,915902.0,13733.0
2020-06-23,60942.0,19559.0,23147.0,26204.0,790180.0,108864.0,928022.0,12120.0
2020-06-24,54725.0,17742.0,20893.0,24007.0,806339.0,105049.0,939020.0,10998.0
2020-06-25,49131.0,16062.0,18745.0,22104.0,819912.0,101717.0,949034.0,10014.0
2020-06-26,44249.0,14364.0,17139.0,19748.0,834915.0,98834.0,957868.0,8834.0
2020-06-27,39704.0,13086.0,15496.0,18323.0,845569.0,96503.0,965971.0,8103.0
2020-06-28,35287.0,11683.0,13850.0,16371.0,857661.0,93932.0,973072.0,7101.0
2020-06-29,31900.0,10338.0,12494.0,14880.0,865857.0,91777.0,979301.0,6229.0
2020-06-30,28605.0,9325.0,11124.0,13456.0,875344.0,90215.0,985098.0,5797.0
2020-07-01,25357.0,8370.0,10092.0,11915.0,882586.0,88804.0,990290.0,5192.0
2020-07-02,22629.0,7482.0,8992.0,10696.0,891034.0,87115.0,994831.0,4541.0
2020-07-03,20293.0,6719.0,8056.0,9679.0,898172.0,85985.0,998865.0,4034.0
2020-07-04,18140.0,6181.0,7116.0,8784.0,902985.0,85180.0,1002567.0,3702.0
2020-07-05,16105.0,5546.0,6353.0,7814.0,909101.0,84612.0,1005917.0,3350.0
2020-07-06,14301.0,4798.0,5774.0,7030.0,913835.0,83608.0,1008813.0,2896.0
