time,E,I1,I2,I3,R,S,cumI,diffI
2020-03-06,0.0,3.0,0.0,0.0,0.0,970555.0,0.0,0.0
2020-03-07,2.0,2.0,0.0,1.0,0.0,972209.0,0.0,0.0
2020-03-08,2.0,1.0,1.0,0.0,0.0,979854.0,1.0,1.0
2020-03-09,1.0,0.0,0.0,0.0,0.0,985658.0,1.0,0.0
2020-03-10,2.0,0.0,0.0,0.0,0.0,991669.0,1.0,0.0
2020-03-11,2.0,0.0,0.0,0.0,0.0,996991.0,1.0,0.0
2020-03-12,0.0,0.0,0.0,0.0,0.0,1001095.0,2.0,1.0
2020-03-13,0.0,0.0,0.0,0.0,1.0,1005107.0,2.0,0.0
2020-03-14,0.0,0.0,0.0,0.0,1.0,1007108.0,2.0,0.0
2020-03-15,0.0,0.0,0.0,0.0,0.0,1007772.0,2.0,0.0
2020-03-16,0.0,0.0,0.0,0.0,0.0,1008504.0,2.0,0.0
2020-03-17,0.0,0.0,0.0,0.0,0.0,1009714.0,2.0,0.0
2020-03-18,0.0,0.0,0.0,0.0,0.0,1010690.0,2.0,0.0
2020-03-19,0.0,0.0,0.0,0.0,0.0,1011515.0,2.0,0.0
2020-03-20,1.0,1.0,0.0,1.0,2.0,1012568.0,3.0,1.0
2020-03-21,2.0,0.0,0.0,1.0,3.0,1013231.0,3.0,0.0
2020-03-22,4.0,0.0,1.0,2.0,3.0,1012506.0,3.0,0.0
2020-03-23,5.0,1.0,0.0,1.0,5.0,1012363.0,4.0,1.0
2020-03-24,6.0,1.0,1.0,2.0,9.0,1013164.0,7.0,3.0
2020-03-25,6.0,1.0,1.0,1.0,12.0,1013145.0,8.0,1.0
2020-03-26,8.0,0.0,0.0,1.0,9.0,1014522.0,8.0,0.0
2020-03-27,2.0,0.0,0.0,1.0,6.0,1014346.0,9.0,1.0
2020-03-28,3.0,1.0,0.0,1.0,7.0,1014350.0,10.0,1.0
2020-03-29,7.0,0.0,2.0,0.0,9.0,1015122.0,10.0,0.0
2020-03-30,6.0,1.0,2.0,2.0,11.0,1015453.0,11.0,1.0
2020-03-31,9.0,0.0,1.0,3.0,10.0,1014961.0,12.0,1.0
2020-04-01,10.0,3.0,0.0,1.0,11.0,1015686.0,13.0,1.0
2020-04-02,15.0,6.0,3.0,0.0,11.0,1015524.0,20.0,7.0
2020-04-03,21.0,8.0,3.0,3.0,10.0,1015637.0,24.0,4.0
2020-04-04,18.0,6.0,5.0,3.0,11.0,1016587.0,27.0,3.0
2020-04-05,23.0,5.0,6.0,5.0,11.0,1017400.0,32.0,5.0
2020-04-06,39.0,5.0,6.0,6.0,13.0,1018461.0,37.0,5.0
2020-04-07,38.0,4.0,4.0,5.0,23.0,1016891.0,42.0,5.0
2020-04-08,36.0,11.0,2.0,2.0,30.0,1017532.0,51.0,9.0
2020-04-09,40.0,6.0,11.0,2.0,35.0,1018138.0,56.0,5.0
2020-04-10,41.0,4.0,10.0,6.0,33.0,1019956.0,62.0,6.0
2020-04-11,51.0,8.0,13.0,4.0,27.0,1021087.0,64.0,2.0
2020-04-12,65.0,9.0,9.0,8.0,31.0,1019246.0,72.0,8.0
2020-04-13,73.0,23.0,13.0,5.0,37.0,1019620.0,85.0,13.0
2020-04-14,85.0,21.0,22.0,8.0,50.0,1018725.0,101.0,16.0
2020-04-15,104.0,23.0,17.0,19.0,49.0,1018598.0,115.0,14.0
2020-04-16,103.0,24.0,16.0,20.0,63.0,1020227.0,137.0,22.0
2020-04-17,109.0,36.0,17.0,15.0,70.0,1019525.0,161.0,24.0
2020-04-18,119.0,40.0,29.0,23.0,82.0,1019007.0,184.0,23.0
2020-04-19,156.0,39.0,39.0,25.0,107.0,1020387.0,214.0,30.0
2020-04-20,199.0,37.0,41.0,38.0,109.0,1021144.0,240.0,26.0
2020-04-21,226.0,56.0,44.0,46.0,133.0,1019837.0,284.0,44.0
2020-04-22,264.0,81.0,41.0,42.0,176.0,1020829.0,340.0,56.0
2020-04-23,296.0,81.0,52.0,45.0,206.0,1019916.0,394.0,54.0
2020-04-24,343.0,80.0,63.0,48.0,227.0,1019975.0,460.0,66.0
2020-04-25,423.0,76.0,69.0,66.0,261.0,1019336.0,513.0,53.0
2020-04-26,480.0,102.0,92.0,61.0,306.0,1018180.0,601.0,88.0
2020-04-27,586.0,118.0,84.0,91.0,344.0,1019016.0,688.0,87.0
2020-04-28,704.0,135.0,96.0,88.0,399.0,1020183.0,798.0,110.0
2020-04-29,768.0,168.0,121.0,120.0,459.0,1019873.0,927.0,129.0
2020-04-30,927.0,196.0,174.0,141.0,537.0,1019923.0,1086.0,159.0
2020-05-01,1066.0,239.0,193.0,162.0,661.0,1019883.0,1283.0,197.0
2020-05-02,1243.0,282.0,240.0,146.0,737.0,1020250.0,1505.0,222.0
2020-05-03,1455.0,290.0,270.0,174.0,848.0,1019394.0,1735.0,230.0
2020-05-04,1666.0,378.0,282.0,206.0,960.0,1019692.0,2045.0,310.0
2020-05-05,1938.0,421.0,345.0,256.0,1085.0,1018598.0,2366.0,321.0
2020-05-06,2262.0,488.0,428.0,331.0,1332.0,1018964.0,2730.0,364.0
2020-05-07,2685.0,588.0,500.0,370.0,1545.0,1018225.0,3205.0,475.0
2020-05-08,3078.0,666.0,543.0,418.0,1808.0,1017136.0,3741.0,536.0
2020-05-09,3561.0,775.0,620.0,518.0,2160.0,1017692.0,4358.0,617.0
2020-05-10,4163.0,949.0,738.0,576.0,2483.0,1016539.0,5106.0,748.0
2020-05-11,4863.0,1053.0,849.0,644.0,2763.0,1014181.0,5912.0,806.0
2020-05-12,5652.0,1209.0,1038.0,799.0,3210.0,1012513.0,6859.0,947.0
2020-05-13,6621.0,1378.0,1129.0,925.0,3861.0,1010494.0,7952.0,1093.0
2020-05-14,7717.0,1687.0,1321.0,1066.0,4517.0,1007538.0,9277.0,1325.0
2020-05-15,8928.0,1981.0,1627.0,1200.0,5334.0,1004185.0,10829.0,1552.0
2020-05-16,10477.0,2326.0,1914.0,1509.0,6199.0,1001722.0,12638.0,1809.0
2020-05-17,12048.0,2694.0,2183.0,1726.0,7104.0,999213.0,14714.0,2076.0
2020-05-18,14020.0,3054.0,2552.0,1989.0,8422.0,994469.0,17088.0,2374.0
2020-05-19,16396.0,3497.0,2979.0,2290.0,9835.0,990127.0,19892.0,2804.0
2020-05-20,19058.0,4147.0,3358.0,2755.0,11380.0,984705.0,23169.0,3277.0
2020-05-21,22348.0,4858.0,3919.0,3130.0,13225.0,977620.0,26926.0,3757.0
2020-05-22,25687.0,5731.0,4528.0,3639.0,15241.0,970356.0,31357.0,4431.0
2020-05-23,29879.0,6559.0,5268.0,4377.0,17698.0,962570.0,36278.0,4921.0
2020-05-24,34650.0,7601.0,6097.0,4959.0,20496.0,952756.0,42098.0,5820.0
2020-05-25,39325.0,8761.0,7048.0,5616.0,24114.0,941346.0,48881.0,6783.0
2020-05-26,44987.0,10072.0,8209.0,6642.0,27962.0,929206.0,56650.0,7769.0
2020-05-27,51266.0,11592.0,9449.0,7778.0,32360.0,913975.0,65477.0,8827.0
2020-05-28,58626.0,13210.0,10861.0,8913.0,37685.0,897576.0,75502.0,10025.0
2020-05-29,66872.0,15235.0,12380.0,10107.0,43486.0,878163.0,87028.0,11526.0
2020-05-30,75699.0,17113.0,14261.0,11499.0,50645.0,857160.0,100096.0,13068.0
2020-05-31,84929.0,19305.0,16370.0,13339.0,58802.0,833293.0,114964.0,14868.0
2020-06-01,94665.0,22273.0,18196.0,15231.0,67932.0,807621.0,131885.0,16921.0
2020-06-02,105317.0,24689.0,20600.0,17136.0,78002.0,779496.0,150332.0,18447.0
2020-06-03,116675.0,27453.0,23184.0,19437.0,89730.0,750745.0,170856.0,20524.0
2020-06-04,127570.0,30333.0,26063.0,21790.0,102808.0,717243.0,193625.0,22769.0
2020-06-05,139910.0,33351.0,28942.0,24586.0,117144.0,683631.0,218508.0,24883.0
2020-06-06,150940.0,36199.0,31763.0,27156.0,133895.0,647266.0,245196.0,26688.0
2020-06-07,161673.0,39341.0,34719.0,30126.0,151722.0,608312.0,274280.0,29084.0
2020-06-08,170695.0,42460.0,37611.0,33028.0,172450.0,569701.0,305464.0,31184.0
2020-06-09,179454.0,44944.0,40826.0,35892.0,194842.0,531381.0,337954.0,32490.0
2020-06-10,185415.0,47477.0,43488.0,38834.0,219013.0,493326.0,372167.0,34213.0
2020-06-11,190588.0,49327.0,45501.0,41653.0,244571.0,454817.0,407436.0,35269.0
2020-06-12,192676.0,51344.0,47760.0,44351.0,271167.0,419296.0,443656.0,36220.0
2020-06-13,193938.0,51708.0,49306.0,46420.0,300483.0,385023.0,479896.0,36240.0
2020-06-14,193036.0,52099.0,50444.0,47897.0,330442.0,352834.0,515902.0,36006.0
2020-06-15,190269.0,52314.0,51376.0,49025.0,361778.0,323251.0,551922.0,36020.0
2020-06-16,185053.0,51989.0,51436.0,50526.0,393247.0,295616.0,587620.0,35698.0
2020-06-17,178573.0,51025.0,51382.0,50886.0,425586.0,270131.0,622022.0,34402.0
2020-06-18,171569.0,49523.0,50540.0,50983.0,458168.0,247616.0,655171.0,33149.0
2020-06-19,163098.0,47828.0,49428.0,50478.0,489975.0,227079.0,686900.0,31729.0
2020-06-20,154004.0,45282.0,47784.0,49683.0,521885.0,208781.0,716624.0,29724.0
2020-06-21,144566.0,42784.0,46101.0,48202.0,553819.0,193329.0,744644.0,28020.0
2020-06-22,134457.0,40333.0,43975.0,46710.0,584065.0,179041.0,770902.0,26258.0
2020-06-23,124397.0,38002.0,41830.0,44416.0,612893.0,166278.0,795694.0,24792.0
2020-06-24,115598.0,35277.0,39184.0,42220.0,640878.0,155815.0,818202.0,22508.0
2020-06-25,106121.0,32762.0,36743.0,39987.0,667123.0,146288.0,839200.0,20998.0
2020-06-26,96811.0,30136.0,33793.0,37785.0,691459.0,138041.0,858601.0,19401.0
2020-06-27,88224.0,27751.0,31600.0,35108.0,714219.0,130613.0,876015.0,17414.0
2020-06-28,80969.0,25414.0,29096.0,32546.0,735736.0,124328.0,891983.0,15968.0
2020-06-29,73525.0,23327.0,26825.0,30537.0,756146.0,118570.0,906624.0,14641.0
2020-06-30,66838.0,21411.0,24270.0,27744.0,773689.0,113955.0,919830.0,13206.0
2020-07-01,60188.0,19424.0,22448.0,25602.0,791392.0,109474.0,931910.0,12080.0
2020-07-02,54341.0,17698.0,20162.0,23650.0,806208.0,105918.0,942763.0,10853.0
2020-07-03,48777.0,15887.0,18659.0,21675.0,820744.0,102227.0,952503.0,9740.0
2020-07-04,43580.0,14433.0,16767.0,19577.0,833002.0,99602.0,961339.0,8836.0
2020-07-05,39189.0,12736.0,15390.0,17833.0,844969.0,97234.0,969171.0,7832.0
2020-07-06,35244.0,11716.0,13805.0,16421.0,855874.0,95306.0,976286.0,7115.0
