time,E,I1,I2,I3,R,S,cumI,diffI
2020-03-06,0.0,3.0,0.0,0.0,0.0,970039.0,0.0,0.0
2020-03-07,3.0,1.0,1.0,0.0,0.0,972584.0,0.0,0.0
2020-03-08,2.0,1.0,0.0,0.0,1.0,979932.0,0.0,0.0
2020-03-09,1.0,2.0,1.0,0.0,1.0,985092.0,2.0,2.0
2020-03-10,2.0,0.0,0.0,1.0,1.0,992260.0,2.0,0.0
2020-03-11,2.0,0.0,0.0,1.0,1.0,996525.0,2.0,0.0
2020-03-12,1.0,0.0,0.0,1.0,1.0,999257.0,2.0,0.0
2020-03-13,0.0,2.0,0.0,0.0,0.0,1002301.0,3.0,1.0
2020-03-14,3.0,1.0,1.0,0.0,0.0,1005145.0,3.0,0.0
2020-03-15,2.0,1.0,1.0,0.0,1.0,1005636.0,4.0,1.0
2020-03-16,4.0,0.0,2.0,0.0,1.0,1007717.0,4.0,0.0
2020-03-17,8.0,0.0,1.0,1.0,2.0,1008169.0,5.0,1.0
2020-03-18,8.0,1.0,0.0,1.0,4.0,1010800.0,6.0,1.0
2020-03-19,5.0,1.0,1.0,2.0,3.0,1012876.0,8.0,2.0
2020-03-20,7.0,0.0,3.0,0.0,2.0,1012972.0,8.0,0.0
2020-03-21,10.0,1.0,2.0,2.0,2.0,1012624.0,9.0,1.0
2020-03-22,14.0,1.0,2.0,1.0,3.0,1012218.0,10.0,1.0
2020-03-23,12.0,1.0,2.0,1.0,4.0,1011805.0,13.0,3.0
2020-03-24,13.0,3.0,5.0,1.0,6.0,1012292.0,17.0,4.0
2020-03-25,19.0,2.0,4.0,4.0,6.0,1013034.0,19.0,2.0
2020-03-26,19.0,5.0,1.0,2.0,10.0,1014517.0,21.0,2.0
2020-03-27,16.0,5.0,3.0,4.0,10.0,1013709.0,25.0,4.0
2020-03-28,25.0,3.0,2.0,5.0,13.0,1013959.0,26.0,1.0
2020-03-29,27.0,8.0,2.0,3.0,16.0,1013925.0,33.0,7.0
2020-03-30,22.0,8.0,11.0,3.0,14.0,1015199.0,42.0,9.0
2020-03-31,25.0,8.0,13.0,5.0,15.0,1015520.0,47.0,5.0
2020-04-01,32.0,6.0,10.0,9.0,20.0,1015644.0,52.0,5.0
2020-04-02,43.0,7.0,9.0,7.0,20.0,1015932.0,57.0,5.0
2020-04-03,48.0,15.0,10.0,5.0,21.0,1017033.0,69.0,12.0
2020-04-04,57.0,14.0,14.0,7.0,22.0,1017693.0,81.0,12.0
2020-04-05,61.0,10.0,18.0,9.0,30.0,1017608.0,93.0,12.0
2020-04-06,72.0,18.0,20.0,14.0,36.0,1016880.0,108.0,15.0
2020-04-07,90.0,13.0,23.0,13.0,45.0,1017462.0,122.0,14.0
2020-04-08,95.0,16.0,12.0,16.0,55.0,1017808.0,134.0,12.0
2020-04-09,103.0,24.0,16.0,13.0,66.0,1019070.0,151.0,17.0
2020-04-10,126.0,32.0,25.0,21.0,80.0,1018478.0,179.0,28.0
2020-04-11,155.0,32.0,28.0,26.0,93.0,1018639.0,202.0,23.0
2020-04-12,183.0,42.0,27.0,25.0,115.0,1018476.0,224.0,22.0
2020-04-13,226.0,48.0,40.0,28.0,119.0,1018819.0,261.0,37.0
2020-04-14,260.0,60.0,39.0,28.0,150.0,1019748.0,304.0,43.0
2020-04-15,287.0,97.0,48.0,37.0,167.0,1019816.0,373.0,69.0
2020-04-16,349.0,99.0,63.0,54.0,197.0,1019635.0,439.0,66.0
2020-04-17,409.0,102.0,75.0,51.0,247.0,1019868.0,513.0,74.0
2020-04-18,471.0,114.0,89.0,67.0,279.0,1019076.0,595.0,82.0
2020-04-19,603.0,107.0,109.0,83.0,318.0,1020700.0,677.0,82.0
2020-04-20,677.0,147.0,134.0,98.0,353.0,1019867.0,811.0,134.0
2020-04-21,780.0,164.0,139.0,121.0,391.0,1020652.0,940.0,129.0
2020-04-22,888.0,185.0,132.0,154.0,481.0,1020574.0,1092.0,152.0
2020-04-23,1024.0,230.0,160.0,160.0,560.0,1020434.0,1267.0,175.0
2020-04-24,1175.0,262.0,234.0,141.0,707.0,1018942.0,1472.0,205.0
2020-04-25,1329.0,300.0,217.0,200.0,797.0,1018033.0,1687.0,215.0
2020-04-26,1616.0,329.0,291.0,223.0,938.0,1018915.0,1948.0,261.0
2020-04-27,1832.0,406.0,322.0,281.0,1075.0,1018651.0,2272.0,324.0
2020-04-28,2131.0,498.0,368.0,295.0,1235.0,1018423.0,2634.0,362.0
2020-04-29,2529.0,577.0,440.0,371.0,1428.0,1016894.0,3068.0,434.0
2020-04-30,2990.0,640.0,500.0,396.0,1689.0,1016768.0,3508.0,440.0
2020-05-01,3418.0,730.0,596.0,499.0,1945.0,1014883.0,4122.0,614.0
2020-05-02,4069.0,863.0,687.0,592.0,2252.0,1013425.0,4788.0,666.0
2020-05-03,4698.0,1068.0,838.0,629.0,2619.0,1013346.0,5622.0,834.0
2020-05-04,5445.0,1182.0,972.0,745.0,2993.0,1011948.0,6545.0,923.0
2020-05-05,6419.0,1439.0,1127.0,872.0,3569.0,1010343.0,7665.0,1120.0
2020-05-06,7544.0,1597.0,1355.0,1064.0,4190.0,1007817.0,8911.0,1246.0
2020-05-07,8725.0,1917.0,1475.0,1237.0,5057.0,1006070.0,10380.0,1469.0
2020-05-08,10155.0,2209.0,1795.0,1370.0,5887.0,1002563.0,12074.0,1694.0
2020-05-09,11543.0,2635.0,2029.0,1687.0,6882.0,999532.0,14112.0,2038.0
2020-05-10,13512.0,2949.0,2443.0,1967.0,7965.0,996827.0,16387.0,2275.0
2020-05-11,15826.0,3448.0,2765.0,2249.0,9358.0,991203.0,19029.0,2642.0
2020-05-12,18371.0,4106.0,3227.0,2618.0,10899.0,985506.0,22192.0,3163.0
2020-05-13,21235.0,4774.0,3735.0,3018.0,12569.0,978775.0,25792.0,3600.0
2020-05-14,24766.0,5497.0,4437.0,3486.0,14650.0,971907.0,29977.0,4185.0
2020-05-15,28432.0,6350.0,5163.0,4043.0,17090.0,963891.0,34881.0,4904.0
2020-05-16,32515.0,7250.0,5839.0,4746.0,19951.0,953403.0,40466.0,5585.0
2020-05-17,37452.0,8338.0,6814.0,5427.0,23279.0,942468.0,46830.0,6364.0
2020-05-18,43032.0,9585.0,7903.0,6399.0,26853.0,930554.0,54336.0,7506.0
2020-05-19,49210.0,11067.0,9049.0,7407.0,31015.0,916262.0,62779.0,8443.0
2020-05-20,56145.0,12860.0,10273.0,8496.0,36031.0,900846.0,72540.0,9761.0
2020-05-21,64154.0,14533.0,11950.0,9678.0,41855.0,883242.0,83441.0,10901.0
2020-05-22,72606.0,16600.0,13399.0,11346.0,48828.0,862775.0,96061.0,12620.0
2020-05-23,81279.0,18768.0,15707.0,12655.0,56656.0,840758.0,110314.0,14253.0
2020-05-24,91574.0,21240.0,17703.0,14558.0,65153.0,815104.0,126260.0,15946.0
2020-05-25,102546.0,23924.0,19985.0,16543.0,75207.0,787602.0,144081.0,17821.0
2020-05-26,113204.0,26712.0,22474.0,18881.0,86729.0,758841.0,164153.0,20072.0
2020-05-27,124797.0,29501.0,25226.0,21233.0,99263.0,726100.0,186206.0,22053.0
2020-05-28,136178.0,32451.0,27756.0,23715.0,114179.0,692761.0,210210.0,24004.0
2020-05-29,147626.0,35522.0,30617.0,26415.0,129656.0,657613.0,236585.0,26375.0
2020-05-30,158536.0,38769.0,33699.0,29317.0,147122.0,619651.0,265196.0,28611.0
2020-05-31,168583.0,41858.0,36765.0,32088.0,167189.0,581898.0,295633.0,30437.0
2020-06-01,176972.0,44470.0,40086.0,35165.0,188641.0,542771.0,328072.0,32439.0
2020-06-02,184622.0,47077.0,42608.0,38091.0,212106.0,504605.0,361691.0,33619.0
2020-06-03,189517.0,48718.0,45115.0,40899.0,237024.0,466666.0,396686.0,34995.0
2020-06-04,192316.0,50847.0,46859.0,43172.0,263696.0,430018.0,432663.0,35977.0
2020-06-05,193818.0,52122.0,48879.0,45630.0,291911.0,395501.0,469267.0,36604.0
2020-06-06,194106.0,52469.0,50533.0,47504.0,321693.0,362468.0,505973.0,36706.0
2020-06-07,191371.0,52380.0,51227.0,49449.0,352688.0,331279.0,542327.0,36354.0
2020-06-08,187203.0,52010.0,51365.0,50266.0,384516.0,302698.0,578076.0,35749.0
2020-06-09,180971.0,51672.0,51495.0,50583.0,417122.0,275981.0,613023.0,34947.0
2020-06-10,173584.0,49771.0,50675.0,50907.0,448910.0,253069.0,646473.0,33450.0
2020-06-11,165312.0,48069.0,49879.0,50015.0,481240.0,232450.0,678488.0,32015.0
2020-06-12,156208.0,46099.0,48239.0,49782.0,511719.0,214228.0,708814.0,30326.0
2020-06-13,146713.0,43969.0,46421.0,48329.0,542831.0,198448.0,737432.0,28618.0
2020-06-14,138243.0,41225.0,44248.0,46973.0,572868.0,183820.0,764186.0,26754.0
2020-06-15,129113.0,38886.0,42104.0,44815.0,602103.0,171353.0,789413.0,25227.0
2020-06-16,119076.0,36467.0,39687.0,42885.0,629235.0,159874.0,812800.0,23387.0
2020-06-17,109575.0,34195.0,37215.0,40780.0,657255.0,149864.0,834557.0,21757.0
2020-06-18,100021.0,31767.0,35249.0,38277.0,681689.0,140914.0,854711.0,20154.0
2020-06-19,91504.0,29171.0,32659.0,36160.0,706185.0,132943.0,873044.0,18333.0
2020-06-20,83496.0,26539.0,30351.0,33645.0,727759.0,126240.0,889677.0,16633.0
2020-06-21,75695.0,24221.0,27814.0,31386.0,747884.0,120129.0,904719.0,15042.0
2020-06-22,68799.0,22059.0,25562.0,28614.0,768091.0,115176.0,918522.0,13803.0
2020-06-23,62270.0,20201.0,23166.0,26685.0,785926.0,111116.0,930991.0,12469.0
2020-06-24,56260.0,18382.0,21049.0,24580.0,802283.0,107012.0,942279.0,11288.0
2020-06-25,50967.0,16387.0,19235.0,22431.0,816971.0,103610.0,952397.0,10118.0
2020-06-26,45878.0,14760.0,17523.0,20396.0,829799.0,100583.0,961550.0,9153.0
2020-06-27,41464.0,13487.0,15777.0,18670.0,842301.0,97613.0,969897.0,8347.0
2020-06-28,36963.0,12079.0,14427.0,16974.0,852993.0,95148.0,977467.0,7570.0
2020-06-29,33170.0,11062.0,12956.0,15541.0,863351.0,92827.0,984233.0,6766.0
2020-06-30,29616.0,9949.0,11657.0,13946.0,871938.0,91259.0,990267.0,6034.0
2020-07-01,26481.0,8887.0,10527.0,12613.0,878171.0,89885.0,995611.0,5344.0
2020-07-02,23561.0,7962.0,9685.0,11235.0,885377.0,88576.0,1000413.0,4802.0
2020-07-03,21263.0,7021.0,8673.0,10179.0,892038.0,87528.0,1004738.0,4325.0
2020-07-04,19104.0,6401.0,7806.0,9118.0,899108.0,86289.0,1008489.0,3751.0
2020-07-05,17052.0,5741.0,6886.0,8104.0,904297.0,85502.0,1011994.0,3505.0
2020-07-06,15132.0,5058.0,6116.0,7244.0,908969.0,84462.0,1015019.0,3025.0
