time,E,I1,I2,I3,R,S,cumI,diffI
2020-03-06,0.0,2.0,0.0,0.0,0.0,970573.0,0.0,0.0
2020-03-07,2.0,1.0,2.0,0.0,0.0,972573.0,1.0,1.0
2020-03-08,2.0,0.0,1.0,1.0,0.0,979883.0,1.0,0.0
2020-03-09,1.0,0.0,0.0,1.0,0.0,986694.0,1.0,0.0
2020-03-10,1.0,0.0,0.0,0.0,1.0,991935.0,1.0,0.0
2020-03-11,2.0,0.0,1.0,0.0,1.0,996306.0,1.0,0.0
2020-03-12,2.0,0.0,1.0,0.0,0.0,1000278.0,1.0,0.0
2020-03-13,2.0,0.0,0.0,0.0,0.0,1003373.0,1.0,0.0
2020-03-14,2.0,0.0,1.0,0.0,0.0,1005154.0,2.0,1.0
2020-03-15,2.0,0.0,0.0,1.0,0.0,1007623.0,2.0,0.0
2020-03-16,2.0,0.0,2.0,2.0,1.0,1008957.0,3.0,1.0
2020-03-17,2.0,1.0,1.0,0.0,3.0,1010315.0,5.0,2.0
2020-03-18,2.0,0.0,0.0,2.0,3.0,1010336.0,5.0,0.0
2020-03-19,4.0,0.0,0.0,0.0,2.0,1009693.0,5.0,0.0
2020-03-20,7.0,0.0,0.0,1.0,2.0,1010879.0,5.0,0.0
2020-03-21,4.0,0.0,0.0,0.0,3.0,1012098.0,5.0,0.0
2020-03-22,3.0,0.0,0.0,0.0,2.0,1011833.0,5.0,0.0
2020-03-23,7.0,0.0,0.0,1.0,2.0,1012605.0,5.0,0.0
2020-03-24,6.0,3.0,1.0,0.0,1.0,1013231.0,8.0,3.0
2020-03-25,7.0,3.0,2.0,0.0,1.0,1014191.0,9.0,1.0
2020-03-26,5.0,3.0,1.0,2.0,3.0,1014323.0,10.0,1.0
2020-03-27,10.0,3.0,2.0,0.0,4.0,1013949.0,12.0,2.0
2020-03-28,9.0,2.0,0.0,2.0,3.0,1014122.0,12.0,0.0
2020-03-29,9.0,2.0,0.0,0.0,5.0,1013542.0,12.0,0.0
2020-03-30,11.0,0.0,1.0,1.0,5.0,1014605.0,12.0,0.0
2020-03-31,9.0,2.0,1.0,2.0,12.0,1014702.0,14.0,2.0
2020-04-01,11.0,4.0,4.0,1.0,14.0,1015266.0,15.0,1.0
2020-04-02,20.0,3.0,4.0,4.0,14.0,1014866.0,17.0,2.0
2020-04-03,21.0,2.0,2.0,6.0,18.0,1014920.0,18.0,1.0
2020-04-04,28.0,2.0,4.0,6.0,26.0,1014825.0,23.0,5.0
2020-04-05,30.0,7.0,4.0,5.0,26.0,1015762.0,26.0,3.0
2020-04-06,33.0,11.0,5.0,7.0,21.0,1015846.0,34.0,8.0
2020-04-07,37.0,6.0,7.0,5.0,31.0,1016373.0,40.0,6.0
2020-04-08,32.0,10.0,4.0,6.0,31.0,1017309.0,47.0,7.0
2020-04-09,40.0,11.0,5.0,5.0,37.0,1018279.0,54.0,7.0
2020-04-10,47.0,8.0,7.0,8.0,38.0,1016930.0,60.0,6.0
2020-04-11,65.0,15.0,9.0,3.0,36.0,1018035.0,71.0,11.0
2020-04-12,78.0,10.0,18.0,5.0,32.0,1018588.0,84.0,13.0
2020-04-13,92.0,15.0,12.0,13.0,40.0,1017739.0,95.0,11.0
2020-04-14,106.0,13.0,17.0,8.0,53.0,1018840.0,106.0,11.0
2020-04-15,111.0,23.0,12.0,19.0,55.0,1019187.0,123.0,17.0
2020-04-16,146.0,31.0,21.0,15.0,73.0,1018770.0,141.0,18.0
2020-04-17,159.0,35.0,23.0,21.0,94.0,1019142.0,164.0,23.0
2020-04-18,198.0,44.0,38.0,23.0,89.0,1018005.0,197.0,33.0
2020-04-19,245.0,41.0,55.0,24.0,117.0,1017511.0,233.0,36.0
2020-04-20,252.0,53.0,58.0,31.0,166.0,1017457.0,280.0,47.0
2020-04-21,316.0,63.0,60.0,37.0,186.0,1017882.0,336.0,56.0
2020-04-22,363.0,80.0,58.0,49.0,203.0,1018444.0,403.0,67.0
2020-04-23,385.0,90.0,72.0,67.0,230.0,1018787.0,476.0,73.0
2020-04-24,465.0,88.0,88.0,79.0,282.0,1019790.0,554.0,78.0
2020-04-25,529.0,135.0,92.0,72.0,328.0,1019304.0,654.0,100.0
2020-04-26,637.0,148.0,104.0,90.0,357.0,1018764.0,776.0,122.0
2020-04-27,738.0,172.0,127.0,109.0,436.0,1018861.0,916.0,140.0
2020-04-28,874.0,203.0,165.0,106.0,509.0,1020018.0,1070.0,154.0
2020-04-29,1022.0,235.0,182.0,159.0,582.0,1020448.0,1234.0,164.0
2020-04-30,1174.0,299.0,214.0,153.0,688.0,1019107.0,1446.0,212.0
2020-05-01,1456.0,323.0,256.0,193.0,843.0,1019621.0,1687.0,241.0
2020-05-02,1686.0,410.0,286.0,222.0,973.0,1019128.0,1971.0,284.0
2020-05-03,2008.0,423.0,359.0,277.0,1120.0,1018760.0,2280.0,309.0
2020-05-04,2324.0,494.0,416.0,314.0,1287.0,1017837.0,2658.0,378.0
2020-05-05,2672.0,601.0,449.0,363.0,1517.0,1016075.0,3126.0,468.0
2020-05-06,3097.0,704.0,528.0,408.0,1765.0,1014609.0,3639.0,513.0
2020-05-07,3622.0,781.0,609.0,488.0,2065.0,1014585.0,4257.0,618.0
2020-05-08,4262.0,903.0,701.0,603.0,2375.0,1013759.0,4943.0,686.0
2020-05-09,4927.0,1042.0,855.0,735.0,2801.0,1011386.0,5788.0,845.0
2020-05-10,5609.0,1259.0,989.0,832.0,3295.0,1011665.0,6781.0,993.0
2020-05-11,6511.0,1441.0,1192.0,949.0,3830.0,1008828.0,7878.0,1097.0
2020-05-12,7649.0,1689.0,1333.0,1117.0,4509.0,1006733.0,9111.0,1233.0
2020-05-13,9147.0,1973.0,1621.0,1259.0,5220.0,1003484.0,10648.0,1537.0
2020-05-14,10729.0,2371.0,1853.0,1506.0,6183.0,1000627.0,12495.0,1847.0
2020-05-15,12442.0,2683.0,2219.0,1723.0,7220.0,998036.0,14573.0,2078.0
2020-05-16,14295.0,3195.0,2511.0,2020.0,8372.0,992311.0,17036.0,2463.0
2020-05-17,16703.0,3677.0,2909.0,2314.0,9760.0,988548.0,19881.0,2845.0
2020-05-18,19228.0,4199.0,3539.0,2705.0,11470.0,982816.0,23191.0,3310.0
2020-05-19,22385.0,4905.0,3981.0,3221.0,13348.0,976414.0,26957.0,3766.0
2020-05-20,26008.0,5749.0,4547.0,3721.0,15593.0,968971.0,31360.0,4403.0
2020-05-21,29834.0,6895.0,5416.0,4316.0,18188.0,960543.0,36638.0,5278.0
2020-05-22,34633.0,7743.0,6256.0,4997.0,21169.0,951647.0,42536.0,5898.0
2020-05-23,39686.0,8993.0,7290.0,5884.0,24634.0,938833.0,49567.0,7031.0
2020-05-24,45905.0,10291.0,8388.0,6834.0,28623.0,925236.0,57398.0,7831.0
2020-05-25,52502.0,11669.0,9673.0,7745.0,33282.0,910123.0,66363.0,8965.0
2020-05-26,60240.0,13370.0,10983.0,8981.0,38901.0,892818.0,76689.0,10326.0
2020-05-27,67998.0,15410.0,12488.0,10363.0,45089.0,872075.0,88534.0,11845.0
2020-05-28,77259.0,17494.0,14622.0,12094.0,51891.0,851697.0,101826.0,13292.0
2020-05-29,86582.0,20034.0,16243.0,13828.0,60132.0,828436.0,116976.0,15150.0
2020-05-30,96846.0,22422.0,18712.0,15573.0,69130.0,801812.0,133899.0,16923.0
2020-05-31,108366.0,25246.0,21053.0,17694.0,79926.0,773069.0,152960.0,19061.0
2020-06-01,120206.0,27958.0,23908.0,19968.0,92272.0,741745.0,174044.0,21084.0
2020-06-02,131102.0,30982.0,26664.0,22830.0,105953.0,708197.0,197387.0,23343.0
2020-06-03,141605.0,34109.0,29338.0,25226.0,121042.0,673429.0,222791.0,25404.0
2020-06-04,152219.0,37003.0,32441.0,27792.0,137804.0,636723.0,250198.0,27407.0
2020-06-05,162990.0,40205.0,35126.0,30656.0,156168.0,599752.0,279463.0,29265.0
2020-06-06,172401.0,42935.0,38051.0,33760.0,177296.0,560701.0,310553.0,31090.0
2020-06-07,180065.0,45730.0,40764.0,36291.0,200232.0,521687.0,343315.0,32762.0
2020-06-08,186877.0,47304.0,43574.0,39144.0,223981.0,483777.0,377134.0,33819.0
2020-06-09,191736.0,50083.0,45948.0,41924.0,250485.0,446675.0,412906.0,35772.0
2020-06-10,193863.0,51266.0,48623.0,44138.0,278766.0,411147.0,448956.0,36050.0
2020-06-11,193832.0,52513.0,49486.0,46667.0,307729.0,376590.0,485687.0,36731.0
2020-06-12,192226.0,52519.0,51010.0,48390.0,338176.0,344122.0,521987.0,36300.0
2020-06-13,188871.0,51940.0,51773.0,49559.0,369472.0,314823.0,557769.0,35782.0
2020-06-14,183328.0,51181.0,52029.0,50404.0,401433.0,288075.0,592857.0,35088.0
2020-06-15,177249.0,50256.0,51821.0,50980.0,434273.0,263294.0,626957.0,34100.0
2020-06-16,169733.0,48549.0,50749.0,50844.0,466387.0,240884.0,659264.0,32307.0
2020-06-17,160358.0,47073.0,49027.0,50242.0,500811.0,221130.0,690714.0,31450.0
2020-06-18,151053.0,44605.0,47416.0,49131.0,531315.0,203239.0,720038.0,29324.0
2020-06-19,141543.0,42248.0,45328.0,47748.0,562110.0,187535.0,747644.0,27606.0
2020-06-20,131796.0,39834.0,43141.0,45771.0,591098.0,174533.0,773498.0,25854.0
2020-06-21,122189.0,37657.0,40754.0,43576.0,620133.0,162623.0,797704.0,24206.0
2020-06-22,112423.0,35052.0,38268.0,41584.0,647286.0,152070.0,819949.0,22245.0
2020-06-23,102818.0,32417.0,35907.0,39550.0,672922.0,142186.0,840507.0,20558.0
2020-06-24,94375.0,29807.0,33495.0,37116.0,697383.0,134574.0,859177.0,18670.0
2020-06-25,85768.0,27347.0,31025.0,34832.0,720841.0,127612.0,876305.0,17128.0
2020-06-26,77834.0,24956.0,28946.0,32334.0,742919.0,121061.0,891984.0,15679.0
2020-06-27,70633.0,22653.0,26248.0,29931.0,762855.0,115475.0,905976.0,13992.0
2020-06-28,64235.0,20438.0,24008.0,27459.0,781292.0,111163.0,918653.0,12677.0
2020-06-29,57906.0,18617.0,21955.0,25071.0,798360.0,107776.0,930188.0,11535.0
2020-06-30,52232.0,16798.0,19881.0,22941.0,813386.0,103985.0,940608.0,10420.0
2020-07-01,46959.0,15210.0,17963.0,21140.0,826869.0,100858.0,950061.0,9453.0
2020-07-02,42307.0,13738.0,16144.0,19218.0,838299.0,97954.0,958500.0,8439.0
2020-07-03,37922.0,12362.0,14640.0,17207.0,849591.0,95055.0,966158.0,7658.0
2020-07-04,33934.0,11228.0,13266.0,15709.0,861929.0,93397.0,973117.0,6959.0
2020-07-05,30549.0,9935.0,11810.0,14210.0,871318.0,91130.0,979290.0,6173.0
2020-07-06,27479.0,9010.0,10807.0,12814.0,880408.0,89187.0,984805.0,5515.0
