time,E,I1,I2,I3,R,S,cumI,diffI
2020-03-06,0.0,3.0,0.0,0.0,0.0,969585.0,0.0,0.0
2020-03-07,2.0,0.0,1.0,0.0,0.0,973321.0,0.0,0.0
2020-03-08,0.0,0.0,0.0,1.0,0.0,979326.0,0.0,0.0
2020-03-09,0.0,0.0,0.0,0.0,1.0,986624.0,0.0,0.0
2020-03-10,0.0,0.0,0.0,0.0,0.0,992574.0,0.0,0.0
2020-03-11,1.0,0.0,0.0,0.0,0.0,997080.0,0.0,0.0
2020-03-12,1.0,0.0,0.0,0.0,0.0,1000465.0,0.0,0.0
2020-03-13,1.0,1.0,0.0,0.0,0.0,1003676.0,0.0,0.0
2020-03-14,1.0,0.0,0.0,0.0,0.0,1006224.0,0.0,0.0
2020-03-15,1.0,0.0,0.0,0.0,0.0,1007692.0,0.0,0.0
2020-03-16,2.0,0.0,0.0,0.0,0.0,1008214.0,0.0,0.0
2020-03-17,3.0,1.0,1.0,0.0,0.0,1010698.0,1.0,1.0
2020-03-18,2.0,2.0,2.0,0.0,0.0,1012693.0,3.0,2.0
2020-03-19,2.0,1.0,0.0,2.0,1.0,1012087.0,3.0,0.0
2020-03-20,5.0,0.0,1.0,1.0,2.0,1012753.0,3.0,0.0
2020-03-21,11.0,1.0,1.0,0.0,3.0,1012677.0,4.0,1.0
2020-03-22,9.0,0.0,2.0,1.0,1.0,1013516.0,6.0,2.0
2020-03-23,11.0,0.0,3.0,0.0,3.0,1013756.0,7.0,1.0
2020-03-24,12.0,2.0,1.0,0.0,4.0,1013746.0,10.0,3.0
2020-03-25,8.0,0.0,0.0,0.0,1.0,1014499.0,11.0,1.0
2020-03-26,4.0,2.0,1.0,1.0,4.0,1014622.0,13.0,2.0
2020-03-27,13.0,3.0,1.0,3.0,3.0,1015096.0,15.0,2.0
2020-03-28,10.0,5.0,3.0,1.0,4.0,1014195.0,19.0,4.0
2020-03-29,11.0,3.0,4.0,2.0,7.0,1015869.0,23.0,4.0
2020-03-30,13.0,5.0,2.0,3.0,10.0,1016722.0,26.0,3.0
2020-03-31,16.0,4.0,0.0,2.0,13.0,1016927.0,30.0,4.0
2020-04-01,15.0,8.0,2.0,1.0,13.0,1017060.0,35.0,5.0
2020-04-02,19.0,6.0,2.0,3.0,14.0,1018339.0,37.0,2.0
2020-04-03,18.0,8.0,6.0,2.0,16.0,1018051.0,43.0,6.0
2020-04-04,19.0,6.0,6.0,1.0,18.0,1017581.0,48.0,5.0
2020-04-05,21.0,7.0,11.0,5.0,18.0,1017391.0,54.0,6.0
2020-04-06,29.0,8.0,7.0,7.0,21.0,1018632.0,60.0,6.0
2020-04-07,38.0,10.0,8.0,6.0,25.0,1017656.0,65.0,5.0
2020-04-08,47.0,12.0,12.0,8.0,36.0,1017282.0,80.0,15.0
2020-04-09,59.0,14.0,7.0,13.0,45.0,1018395.0,91.0,11.0
2020-04-10,70.0,20.0,11.0,10.0,53.0,1017594.0,105.0,14.0
2020-04-11,98.0,19.0,11.0,17.0,61.0,1017895.0,119.0,14.0
2020-04-12,114.0,26.0,13.0,18.0,62.0,1018172.0,143.0,24.0
2020-04-13,115.0,28.0,26.0,14.0,74.0,1017464.0,168.0,25.0
2020-04-14,141.0,31.0,25.0,15.0,91.0,1018238.0,191.0,23.0
2020-04-15,175.0,31.0,27.0,24.0,92.0,1019426.0,218.0,27.0
2020-04-16,206.0,41.0,26.0,21.0,102.0,1020835.0,253.0,35.0
2020-04-17,225.0,41.0,31.0,27.0,110.0,1021508.0,285.0,32.0
2020-04-18,230.0,59.0,36.0,30.0,151.0,1022291.0,326.0,41.0
2020-04-19,277.0,53.0,45.0,35.0,168.0,1021003.0,361.0,35.0
2020-04-20,320.0,61.0,50.0,39.0,189.0,1020775.0,411.0,50.0
2020-04-21,364.0,78.0,60.0,57.0,214.0,1019892.0,473.0,62.0
2020-04-22,441.0,95.0,63.0,62.0,246.0,1020390.0,545.0,72.0
2020-04-23,474.0,117.0,84.0,44.0,286.0,1021445.0,636.0,91.0
2020-04-24,555.0,121.0,97.0,69.0,327.0,1020066.0,724.0,88.0
2020-04-25,641.0,138.0,106.0,94.0,371.0,1020912.0,820.0,96.0
2020-04-26,768.0,154.0,147.0,92.0,447.0,1020578.0,936.0,116.0
2020-04-27,922.0,169.0,154.0,105.0,512.0,1020644.0,1077.0,141.0
2020-04-28,1022.0,210.0,174.0,136.0,609.0,1019806.0,1245.0,168.0
2020-04-29,1200.0,260.0,206.0,158.0,697.0,1018853.0,1459.0,214.0
2020-04-30,1411.0,309.0,221.0,198.0,810.0,1018569.0,1697.0,238.0
2020-05-01,1616.0,377.0,272.0,228.0,913.0,1018281.0,1987.0,290.0
2020-05-02,1907.0,402.0,367.0,261.0,1034.0,1018059.0,2322.0,335.0
2020-05-03,2227.0,490.0,368.0,317.0,1197.0,1018107.0,2698.0,376.0
2020-05-04,2570.0,578.0,522.0,378.0,1421.0,1018386.0,3159.0,461.0
2020-05-05,3041.0,643.0,555.0,432.0,1669.0,1016685.0,3652.0,493.0
2020-05-06,3471.0,793.0,644.0,493.0,2024.0,1016421.0,4277.0,625.0
2020-05-07,4048.0,920.0,742.0,541.0,2395.0,1014181.0,4992.0,715.0
2020-05-08,4829.0,1105.0,836.0,672.0,2757.0,1011932.0,5832.0,840.0
2020-05-09,5629.0,1173.0,1041.0,813.0,3257.0,1010048.0,6779.0,947.0
2020-05-10,6425.0,1454.0,1163.0,935.0,3741.0,1008727.0,7944.0,1165.0
2020-05-11,7660.0,1691.0,1292.0,1106.0,4421.0,1007499.0,9184.0,1240.0
2020-05-12,8930.0,2046.0,1557.0,1222.0,5032.0,1005486.0,10810.0,1626.0
2020-05-13,10175.0,2274.0,1830.0,1441.0,5783.0,1003039.0,12527.0,1717.0
2020-05-14,11966.0,2629.0,2216.0,1624.0,6832.0,1000397.0,14515.0,1988.0
2020-05-15,13940.0,3051.0,2549.0,1976.0,7970.0,996994.0,16899.0,2384.0
2020-05-16,16251.0,3573.0,2957.0,2215.0,9456.0,990987.0,19733.0,2834.0
2020-05-17,18768.0,4135.0,3367.0,2672.0,11015.0,984993.0,22863.0,3130.0
2020-05-18,21941.0,4837.0,3941.0,3175.0,12858.0,978765.0,26566.0,3703.0
2020-05-19,25374.0,5564.0,4618.0,3612.0,15143.0,971185.0,30839.0,4273.0
2020-05-20,29438.0,6463.0,5494.0,4234.0,17659.0,962849.0,35913.0,5074.0
2020-05-21,34256.0,7513.0,6233.0,5027.0,20380.0,953514.0,41669.0,5756.0
2020-05-22,39095.0,8670.0,7258.0,5791.0,23724.0,940999.0,48483.0,6814.0
2020-05-23,44805.0,9964.0,8287.0,6751.0,27777.0,928148.0,56090.0,7607.0
2020-05-24,51350.0,11561.0,9313.0,7815.0,32237.0,913953.0,65014.0,8924.0
2020-05-25,58643.0,13173.0,10678.0,8989.0,37453.0,896953.0,75076.0,10062.0
2020-05-26,66785.0,15050.0,12497.0,10028.0,43337.0,878863.0,86596.0,11520.0
2020-05-27,75352.0,17014.0,14157.0,11620.0,50223.0,857819.0,99595.0,12999.0
2020-05-28,84743.0,19477.0,16044.0,13179.0,57951.0,834428.0,114493.0,14898.0
2020-05-29,94144.0,21802.0,18019.0,15215.0,66815.0,808979.0,130925.0,16432.0
2020-05-30,104711.0,24425.0,20338.0,17061.0,77376.0,780266.0,149177.0,18252.0
2020-05-31,115945.0,27115.0,22864.0,19399.0,88719.0,751319.0,169560.0,20383.0
2020-06-01,126841.0,29771.0,25622.0,21727.0,101706.0,718797.0,192008.0,22448.0
2020-06-02,138215.0,32656.0,28215.0,24402.0,115996.0,684469.0,216433.0,24425.0
2020-06-03,149573.0,35745.0,31124.0,27301.0,132449.0,649715.0,243002.0,26569.0
2020-06-04,159698.0,38682.0,34451.0,29699.0,149929.0,613239.0,271627.0,28625.0
2020-06-05,169279.0,41573.0,36998.0,32388.0,170071.0,575513.0,302026.0,30399.0
2020-06-06,177143.0,44304.0,39788.0,35477.0,192055.0,537810.0,334355.0,32329.0
2020-06-07,184335.0,46883.0,42553.0,38186.0,215744.0,499957.0,368204.0,33849.0
2020-06-08,189743.0,49100.0,44876.0,40809.0,240827.0,462230.0,403014.0,34810.0
2020-06-09,192992.0,50048.0,47523.0,43139.0,268528.0,424819.0,438401.0,35387.0
2020-06-10,194495.0,51742.0,48853.0,45637.0,296566.0,390166.0,474892.0,36491.0
2020-06-11,193172.0,52410.0,50572.0,47547.0,325892.0,357636.0,511580.0,36688.0
2020-06-12,190135.0,52167.0,51360.0,49253.0,356997.0,326913.0,547662.0,36082.0
2020-06-13,185173.0,51916.0,51664.0,50134.0,389380.0,299174.0,583237.0,35575.0
2020-06-14,178892.0,51096.0,51368.0,50803.0,422032.0,273567.0,618103.0,34866.0
2020-06-15,171971.0,49342.0,50628.0,50854.0,454353.0,250250.0,651102.0,32999.0
2020-06-16,163559.0,47622.0,49459.0,50512.0,486185.0,229405.0,682906.0,31804.0
2020-06-17,154517.0,45691.0,47930.0,49540.0,517926.0,211010.0,712997.0,30091.0
2020-06-18,145809.0,43436.0,45898.0,48380.0,548988.0,194518.0,741418.0,28421.0
2020-06-19,135721.0,40858.0,43707.0,46483.0,579353.0,180388.0,767943.0,26525.0
2020-06-20,126258.0,38254.0,41610.0,44686.0,608009.0,167712.0,792571.0,24628.0
2020-06-21,116417.0,36016.0,39275.0,42717.0,635924.0,157031.0,815765.0,23194.0
2020-06-22,106165.0,33586.0,36935.0,40170.0,662198.0,147846.0,837262.0,21497.0
2020-06-23,97202.0,30717.0,34539.0,38049.0,687655.0,139122.0,856479.0,19217.0
2020-06-24,89377.0,28112.0,32121.0,35859.0,710696.0,131190.0,874023.0,17544.0
2020-06-25,81763.0,25866.0,29793.0,33195.0,732794.0,125071.0,890328.0,16305.0
2020-06-26,74162.0,23603.0,27261.0,30730.0,751772.0,119229.0,905223.0,14895.0
2020-06-27,67465.0,21551.0,25010.0,28395.0,770669.0,114197.0,918705.0,13482.0
2020-06-28,61178.0,19728.0,22858.0,26279.0,788095.0,109636.0,931094.0,12389.0
2020-06-29,54846.0,17937.0,20926.0,23804.0,803706.0,105880.0,942402.0,11308.0
2020-06-30,49467.0,16204.0,19030.0,21777.0,819316.0,102193.0,952365.0,9963.0
2020-07-01,44467.0,14392.0,17206.0,19999.0,832245.0,99143.0,961272.0,8907.0
2020-07-02,39830.0,13084.0,15581.0,18107.0,843981.0,97115.0,969280.0,8008.0
2020-07-03,35861.0,11702.0,13995.0,16625.0,854799.0,94706.0,976476.0,7196.0
2020-07-04,32132.0,10628.0,12669.0,15013.0,863538.0,92368.0,982874.0,6398.0
2020-07-05,28884.0,9562.0,11350.0,13473.0,872921.0,90984.0,988675.0,5801.0
2020-07-06,25878.0,8556.0,10384.0,12194.0,881658.0,89827.0,993902.0,5227.0
