time,E,I1,I2,I3,R,S,cumI,diffI
2020-03-06,1.0,3.0,0.0,0.0,0.0,970102.0,0.0,0.0
2020-03-07,2.0,1.0,1.0,0.0,0.0,971860.0,0.0,0.0
2020-03-08,2.0,0.0,0.0,0.0,0.0,980031.0,0.0,0.0
2020-03-09,1.0,0.0,0.0,0.0,0.0,985845.0,0.0,0.0
2020-03-10,2.0,0.0,0.0,0.0,1.0,992140.0,0.0,0.0
2020-03-11,2.0,0.0,0.0,0.0,1.0,996359.0,0.0,0.0
2020-03-12,2.0,0.0,0.0,0.0,1.0,999231.0,0.0,0.0
2020-03-13,1.0,1.0,0.0,0.0,0.0,1003568.0,1.0,1.0
2020-03-14,2.0,1.0,0.0,0.0,0.0,1005191.0,1.0,0.0
2020-03-15,1.0,0.0,1.0,0.0,0.0,1006780.0,1.0,0.0
2020-03-16,3.0,0.0,0.0,0.0,0.0,1008698.0,1.0,0.0
2020-03-17,3.0,1.0,0.0,0.0,0.0,1009817.0,2.0,1.0
2020-03-18,1.0,0.0,0.0,1.0,0.0,1011152.0,2.0,0.0
2020-03-19,1.0,0.0,0.0,1.0,1.0,1012737.0,2.0,0.0
2020-03-20,1.0,0.0,0.0,2.0,2.0,1012949.0,2.0,0.0
2020-03-21,3.0,0.0,0.0,1.0,1.0,1012708.0,2.0,0.0
2020-03-22,4.0,0.0,0.0,1.0,3.0,1014144.0,2.0,0.0
2020-03-23,4.0,1.0,1.0,0.0,4.0,1013502.0,3.0,1.0
2020-03-24,5.0,3.0,1.0,0.0,5.0,1014356.0,4.0,1.0
2020-03-25,8.0,1.0,3.0,0.0,5.0,1014397.0,5.0,1.0
2020-03-26,8.0,0.0,1.0,0.0,6.0,1015353.0,5.0,0.0
2020-03-27,11.0,3.0,2.0,0.0,4.0,1015579.0,8.0,3.0
2020-03-28,13.0,6.0,2.0,0.0,2.0,1015335.0,12.0,4.0
2020-03-29,17.0,6.0,2.0,1.0,1.0,1014610.0,14.0,2.0
2020-03-30,22.0,7.0,1.0,3.0,3.0,1014599.0,18.0,4.0
2020-03-31,26.0,7.0,5.0,2.0,4.0,1015006.0,22.0,4.0
2020-04-01,27.0,6.0,6.0,6.0,5.0,1015142.0,27.0,5.0
2020-04-02,30.0,9.0,5.0,4.0,10.0,1016043.0,33.0,6.0
2020-04-03,34.0,10.0,4.0,3.0,13.0,1017156.0,38.0,5.0
2020-04-04,36.0,15.0,6.0,3.0,17.0,1016306.0,50.0,12.0
2020-04-05,38.0,15.0,10.0,3.0,20.0,1017349.0,59.0,9.0
2020-04-06,45.0,13.0,2.0,8.0,21.0,1016472.0,63.0,4.0
2020-04-07,57.0,15.0,6.0,9.0,28.0,1018115.0,71.0,8.0
2020-04-08,76.0,10.0,11.0,7.0,36.0,1018866.0,78.0,7.0
2020-04-09,72.0,13.0,13.0,14.0,40.0,1017869.0,90.0,12.0
2020-04-10,97.0,14.0,8.0,14.0,49.0,1019011.0,97.0,7.0
2020-04-11,95.0,24.0,11.0,16.0,64.0,1019115.0,118.0,21.0
2020-04-12,120.0,25.0,12.0,18.0,62.0,1019947.0,132.0,14.0
2020-04-13,132.0,28.0,27.0,16.0,70.0,1020599.0,157.0,25.0
2020-04-14,184.0,31.0,25.0,26.0,87.0,1019890.0,177.0,20.0
2020-04-15,191.0,52.0,28.0,26.0,113.0,1020498.0,212.0,35.0
2020-04-16,233.0,58.0,45.0,27.0,131.0,1020825.0,256.0,44.0
2020-04-17,269.0,67.0,50.0,37.0,143.0,1021304.0,302.0,46.0
2020-04-18,328.0,78.0,61.0,43.0,173.0,1020814.0,358.0,56.0
2020-04-19,389.0,81.0,68.0,51.0,206.0,1020443.0,418.0,60.0
2020-04-20,415.0,101.0,70.0,53.0,255.0,1020921.0,490.0,72.0
2020-04-21,462.0,115.0,86.0,80.0,275.0,1020413.0,579.0,89.0
2020-04-22,501.0,118.0,92.0,75.0,316.0,1019965.0,660.0,81.0
2020-04-23,637.0,142.0,127.0,93.0,351.0,1018488.0,766.0,106.0
2020-04-24,769.0,147.0,139.0,118.0,437.0,1018799.0,896.0,130.0
2020-04-25,874.0,193.0,145.0,111.0,531.0,1018654.0,1051.0,155.0
2020-04-26,1032.0,197.0,174.0,135.0,621.0,1018196.0,1210.0,159.0
2020-04-27,1243.0,281.0,228.0,149.0,717.0,1018420.0,1423.0,213.0
2020-04-28,1445.0,326.0,286.0,198.0,829.0,1017474.0,1678.0,255.0
2020-04-29,1729.0,389.0,314.0,225.0,978.0,1018576.0,1978.0,300.0
2020-04-30,2052.0,430.0,375.0,264.0,1122.0,1019037.0,2306.0,328.0
2020-05-01,2325.0,496.0,405.0,318.0,1330.0,1017899.0,2708.0,402.0
2020-05-02,2703.0,598.0,466.0,399.0,1509.0,1017184.0,3192.0,484.0
2020-05-03,3114.0,699.0,555.0,461.0,1783.0,1015861.0,3755.0,563.0
2020-05-04,3735.0,796.0,665.0,530.0,2100.0,1014064.0,4372.0,617.0
2020-05-05,4321.0,934.0,774.0,621.0,2455.0,1013132.0,5111.0,739.0
2020-05-06,4969.0,1103.0,872.0,718.0,2896.0,1011875.0,5933.0,822.0
2020-05-07,5824.0,1284.0,1011.0,841.0,3442.0,1011018.0,6862.0,929.0
2020-05-08,6851.0,1445.0,1176.0,944.0,3969.0,1009819.0,7934.0,1072.0
2020-05-09,8167.0,1732.0,1411.0,1127.0,4714.0,1008191.0,9262.0,1328.0
2020-05-10,9515.0,2070.0,1683.0,1333.0,5497.0,1005361.0,10878.0,1616.0
2020-05-11,10980.0,2401.0,2022.0,1542.0,6484.0,1001791.0,12806.0,1928.0
2020-05-12,12889.0,2767.0,2261.0,1815.0,7462.0,996991.0,14896.0,2090.0
2020-05-13,15012.0,3190.0,2587.0,2131.0,8802.0,992703.0,17402.0,2506.0
2020-05-14,17281.0,3827.0,3055.0,2412.0,10326.0,986100.0,20405.0,3003.0
2020-05-15,20232.0,4545.0,3528.0,2940.0,11870.0,981563.0,23882.0,3477.0
2020-05-16,23522.0,5143.0,4206.0,3392.0,13839.0,974594.0,27790.0,3908.0
2020-05-17,27289.0,5994.0,4882.0,3975.0,16230.0,967105.0,32483.0,4693.0
2020-05-18,31449.0,7031.0,5556.0,4590.0,19097.0,957289.0,37882.0,5399.0
2020-05-19,36554.0,8094.0,6555.0,5332.0,22484.0,947266.0,44147.0,6265.0
2020-05-20,41986.0,9467.0,7532.0,6129.0,26565.0,933999.0,51396.0,7249.0
2020-05-21,47918.0,10805.0,8874.0,7025.0,30701.0,920428.0,59697.0,8301.0
2020-05-22,54812.0,12220.0,10077.0,8287.0,35667.0,903928.0,69066.0,9369.0
2020-05-23,62460.0,14156.0,11797.0,9460.0,41411.0,884948.0,80000.0,10934.0
2020-05-24,71124.0,16252.0,13510.0,11018.0,48071.0,865010.0,92453.0,12453.0
2020-05-25,81205.0,18532.0,15237.0,12797.0,55614.0,841910.0,106325.0,13872.0
2020-05-26,91461.0,21148.0,17499.0,14559.0,64363.0,816316.0,122248.0,15923.0
2020-05-27,102127.0,23832.0,19911.0,16594.0,74579.0,788193.0,140279.0,18031.0
2020-05-28,113477.0,26510.0,22318.0,18735.0,86117.0,759021.0,160172.0,19893.0
2020-05-29,124739.0,29434.0,24941.0,20969.0,98951.0,727853.0,182185.0,22013.0
2020-05-30,136322.0,32607.0,28046.0,23578.0,113398.0,691719.0,206580.0,24395.0
2020-05-31,147866.0,35953.0,31010.0,26419.0,129649.0,655115.0,233242.0,26662.0
2020-06-01,159201.0,38724.0,33893.0,29316.0,147994.0,616585.0,261489.0,28247.0
2020-06-02,169381.0,41496.0,36855.0,32433.0,167737.0,577333.0,291876.0,30387.0
2020-06-03,177855.0,44609.0,40200.0,35310.0,189922.0,538598.0,324533.0,32657.0
2020-06-04,184460.0,47366.0,43115.0,38364.0,214298.0,499793.0,358551.0,34018.0
2020-06-05,190273.0,49400.0,45607.0,41166.0,240114.0,460635.0,393690.0,35139.0
2020-06-06,193983.0,50833.0,47879.0,43714.0,267532.0,423405.0,429349.0,35659.0
2020-06-07,194891.0,52193.0,49135.0,46128.0,296714.0,388251.0,466137.0,36788.0
2020-06-08,193581.0,52704.0,50857.0,47882.0,328346.0,354316.0,502942.0,36805.0
2020-06-09,191039.0,52545.0,51565.0,49691.0,359552.0,322912.0,539162.0,36220.0
2020-06-10,186081.0,52133.0,51796.0,50713.0,392155.0,294828.0,575013.0,35851.0
2020-06-11,179627.0,51192.0,51521.0,50935.0,425204.0,268639.0,609473.0,34460.0
2020-06-12,171921.0,49749.0,50825.0,51100.0,458311.0,245414.0,642725.0,33252.0
2020-06-13,162889.0,47699.0,49999.0,50857.0,490864.0,224409.0,674637.0,31912.0
2020-06-14,153812.0,45959.0,48210.0,50161.0,523774.0,205441.0,704807.0,30170.0
2020-06-15,144252.0,43192.0,46009.0,48636.0,556171.0,188929.0,733017.0,28210.0
2020-06-16,134171.0,40736.0,43997.0,47065.0,587211.0,174809.0,759425.0,26408.0
2020-06-17,123860.0,38264.0,41583.0,44612.0,616412.0,161911.0,784095.0,24670.0
2020-06-18,114109.0,35469.0,39001.0,42236.0,645742.0,150577.0,806755.0,22660.0
2020-06-19,104350.0,32818.0,36225.0,39890.0,673986.0,140906.0,827425.0,20670.0
2020-06-20,94896.0,30136.0,33699.0,37519.0,697713.0,133029.0,846514.0,19089.0
2020-06-21,86374.0,27509.0,31298.0,34904.0,722471.0,125858.0,863852.0,17338.0
2020-06-22,78485.0,25080.0,28957.0,32638.0,745218.0,119197.0,879515.0,15663.0
2020-06-23,70642.0,22692.0,26798.0,29901.0,764278.0,113888.0,893719.0,14204.0
2020-06-24,63841.0,20429.0,24185.0,27509.0,782896.0,109175.0,906426.0,12707.0
2020-06-25,57671.0,18415.0,21875.0,25176.0,800560.0,105065.0,917843.0,11417.0
2020-06-26,51740.0,16598.0,19527.0,22906.0,816798.0,101457.0,928169.0,10326.0
2020-06-27,46130.0,15243.0,17623.0,20768.0,830217.0,98192.0,937474.0,9305.0
2020-06-28,40994.0,13586.0,16073.0,18692.0,843280.0,95664.0,945886.0,8412.0
2020-06-29,36737.0,12097.0,14312.0,16951.0,854687.0,92987.0,953289.0,7403.0
2020-06-30,32733.0,10644.0,12900.0,15140.0,866119.0,91490.0,959818.0,6529.0
2020-07-01,29209.0,9671.0,11485.0,13826.0,875363.0,89320.0,965719.0,5901.0
2020-07-02,25956.0,8614.0,10376.0,12373.0,883631.0,87746.0,970947.0,5228.0
2020-07-03,23118.0,7573.0,9272.0,11083.0,890325.0,86424.0,975601.0,4654.0
2020-07-04,20590.0,6679.0,8364.0,9940.0,897780.0,85074.0,979690.0,4089.0
2020-07-05,18371.0,5988.0,7302.0,9053.0,903430.0,84226.0,983371.0,3681.0
2020-07-06,16285.0,5346.0,6546.0,8116.0,907975.0,83154.0,986672.0,3301.0
