time,E,I1,I2,I3,R,S,cumI,diffI
2020-03-06,0.0,3.0,0.0,0.0,0.0,970598.0,0.0,0.0
2020-03-07,1.0,1.0,2.0,0.0,0.0,971881.0,0.0,0.0
2020-03-08,1.0,1.0,0.0,1.0,0.0,978090.0,0.0,0.0
2020-03-09,0.0,1.0,0.0,0.0,0.0,985930.0,0.0,0.0
2020-03-10,0.0,1.0,0.0,0.0,0.0,992144.0,0.0,0.0
2020-03-11,0.0,0.0,0.0,0.0,1.0,998719.0,0.0,0.0
2020-03-12,0.0,0.0,1.0,0.0,1.0,1000192.0,0.0,0.0
2020-03-13,1.0,0.0,1.0,0.0,0.0,1001917.0,0.0,0.0
2020-03-14,1.0,1.0,0.0,0.0,0.0,1004410.0,1.0,1.0
2020-03-15,2.0,1.0,1.0,0.0,0.0,1005599.0,2.0,1.0
2020-03-16,2.0,1.0,0.0,0.0,1.0,1007774.0,2.0,0.0
2020-03-17,1.0,1.0,1.0,0.0,0.0,1007462.0,3.0,1.0
2020-03-18,2.0,0.0,1.0,0.0,1.0,1009187.0,3.0,0.0
2020-03-19,4.0,0.0,1.0,0.0,1.0,1010331.0,3.0,0.0
2020-03-20,6.0,0.0,1.0,0.0,0.0,1011825.0,3.0,0.0
2020-03-21,7.0,0.0,0.0,1.0,0.0,1011586.0,3.0,0.0
2020-03-22,4.0,1.0,0.0,0.0,1.0,1012470.0,4.0,1.0
2020-03-23,5.0,0.0,1.0,0.0,1.0,1011588.0,4.0,0.0
2020-03-24,4.0,2.0,0.0,0.0,3.0,1012421.0,6.0,2.0
2020-03-25,2.0,1.0,0.0,0.0,3.0,1013200.0,6.0,0.0
2020-03-26,4.0,0.0,0.0,1.0,3.0,1014003.0,6.0,0.0
2020-03-27,6.0,0.0,1.0,1.0,2.0,1012948.0,6.0,0.0
2020-03-28,4.0,0.0,1.0,1.0,1.0,1014792.0,7.0,1.0
2020-03-29,7.0,2.0,0.0,1.0,3.0,1015859.0,9.0,2.0
2020-03-30,7.0,3.0,1.0,0.0,4.0,1016039.0,11.0,2.0
2020-03-31,5.0,2.0,4.0,1.0,2.0,1016038.0,11.0,0.0
2020-04-01,9.0,1.0,1.0,3.0,5.0,1017521.0,11.0,0.0
2020-04-02,9.0,2.0,1.0,0.0,8.0,1018329.0,14.0,3.0
2020-04-03,8.0,1.0,0.0,0.0,6.0,1019056.0,14.0,0.0
2020-04-04,8.0,2.0,2.0,0.0,7.0,1017999.0,16.0,2.0
2020-04-05,11.0,1.0,3.0,1.0,5.0,1018241.0,17.0,1.0
2020-04-06,16.0,1.0,6.0,1.0,9.0,1017439.0,19.0,2.0
2020-04-07,13.0,1.0,3.0,4.0,10.0,1018347.0,19.0,0.0
2020-04-08,12.0,1.0,2.0,5.0,11.0,1018896.0,22.0,3.0
2020-04-09,18.0,5.0,1.0,4.0,13.0,1019345.0,26.0,4.0
2020-04-10,16.0,1.0,3.0,2.0,15.0,1018964.0,26.0,0.0
2020-04-11,14.0,1.0,4.0,2.0,12.0,1019459.0,28.0,2.0
2020-04-12,17.0,3.0,3.0,1.0,14.0,1019388.0,31.0,3.0
2020-04-13,26.0,4.0,3.0,2.0,18.0,1019497.0,35.0,4.0
2020-04-14,32.0,9.0,6.0,4.0,21.0,1019347.0,46.0,11.0
2020-04-15,31.0,9.0,4.0,10.0,21.0,1019289.0,53.0,7.0
2020-04-16,46.0,7.0,9.0,6.0,25.0,1019635.0,58.0,5.0
2020-04-17,55.0,5.0,14.0,9.0,29.0,1020078.0,62.0,4.0
2020-04-18,54.0,8.0,13.0,13.0,32.0,1020500.0,71.0,9.0
2020-04-19,55.0,6.0,10.0,10.0,40.0,1020808.0,79.0,8.0
2020-04-20,57.0,4.0,9.0,8.0,43.0,1020293.0,90.0,11.0
2020-04-21,63.0,10.0,16.0,8.0,51.0,1020477.0,99.0,9.0
2020-04-22,80.0,19.0,19.0,11.0,57.0,1020119.0,118.0,19.0
2020-04-23,107.0,17.0,16.0,11.0,63.0,1018517.0,130.0,12.0
2020-04-24,114.0,19.0,18.0,15.0,70.0,1019048.0,147.0,17.0
2020-04-25,137.0,32.0,18.0,20.0,80.0,1019334.0,175.0,28.0
2020-04-26,141.0,27.0,35.0,15.0,108.0,1020500.0,201.0,26.0
2020-04-27,168.0,33.0,31.0,28.0,118.0,1021229.0,227.0,26.0
2020-04-28,217.0,45.0,46.0,24.0,141.0,1021902.0,261.0,34.0
2020-04-29,237.0,58.0,41.0,26.0,157.0,1020879.0,295.0,34.0
2020-04-30,270.0,69.0,58.0,36.0,181.0,1021206.0,348.0,53.0
2020-05-01,336.0,61.0,58.0,52.0,195.0,1021390.0,391.0,43.0
2020-05-02,402.0,81.0,70.0,54.0,243.0,1020427.0,451.0,60.0
2020-05-03,487.0,103.0,95.0,65.0,281.0,1020317.0,524.0,73.0
2020-05-04,573.0,100.0,100.0,94.0,322.0,1019899.0,611.0,87.0
2020-05-05,644.0,145.0,113.0,97.0,361.0,1019845.0,737.0,126.0
2020-05-06,746.0,165.0,114.0,111.0,411.0,1020524.0,864.0,127.0
2020-05-07,904.0,177.0,153.0,126.0,483.0,1019972.0,999.0,135.0
2020-05-08,1024.0,245.0,170.0,117.0,598.0,1021127.0,1183.0,184.0
2020-05-09,1236.0,309.0,198.0,164.0,705.0,1020967.0,1411.0,228.0
2020-05-10,1488.0,327.0,258.0,217.0,817.0,1020759.0,1663.0,252.0
2020-05-11,1709.0,379.0,269.0,245.0,971.0,1021354.0,1945.0,282.0
2020-05-12,1966.0,427.0,340.0,280.0,1106.0,1020545.0,2301.0,356.0
2020-05-13,2296.0,488.0,383.0,323.0,1269.0,1019397.0,2668.0,367.0
2020-05-14,2614.0,566.0,453.0,347.0,1472.0,1018385.0,3077.0,409.0
2020-05-15,3031.0,690.0,541.0,400.0,1686.0,1017487.0,3598.0,521.0
2020-05-16,3563.0,783.0,620.0,462.0,1985.0,1016348.0,4217.0,619.0
2020-05-17,4156.0,914.0,697.0,515.0,2342.0,1015069.0,4915.0,698.0
2020-05-18,4888.0,1038.0,856.0,639.0,2724.0,1014920.0,5697.0,782.0
2020-05-19,5658.0,1285.0,1003.0,735.0,3161.0,1012703.0,6695.0,998.0
2020-05-20,6504.0,1520.0,1197.0,900.0,3700.0,1011987.0,7871.0,1176.0
2020-05-21,7668.0,1709.0,1397.0,1092.0,4266.0,1010921.0,9176.0,1305.0
2020-05-22,8904.0,1970.0,1576.0,1269.0,5055.0,1008564.0,10645.0,1469.0
2020-05-23,10289.0,2260.0,1829.0,1407.0,5907.0,1004256.0,12334.0,1689.0
2020-05-24,12027.0,2696.0,2187.0,1742.0,6881.0,999362.0,14487.0,2153.0
2020-05-25,13986.0,3055.0,2515.0,2043.0,8037.0,995136.0,16898.0,2411.0
2020-05-26,16405.0,3679.0,2962.0,2343.0,9505.0,990735.0,19748.0,2850.0
2020-05-27,19010.0,4280.0,3411.0,2749.0,11014.0,985980.0,23062.0,3314.0
2020-05-28,22159.0,4957.0,3939.0,3159.0,12981.0,978104.0,26896.0,3834.0
2020-05-29,25461.0,5737.0,4467.0,3689.0,15117.0,969975.0,31273.0,4377.0
2020-05-30,29170.0,6719.0,5278.0,4217.0,17809.0,961539.0,36399.0,5126.0
2020-05-31,33760.0,7554.0,6074.0,5105.0,20726.0,952833.0,42164.0,5765.0
2020-06-01,39153.0,8743.0,7139.0,5756.0,24154.0,940993.0,48929.0,6765.0
2020-06-02,45015.0,10018.0,8336.0,6540.0,28002.0,928508.0,56629.0,7700.0
2020-06-03,51392.0,11526.0,9451.0,7752.0,32593.0,912173.0,65570.0,8941.0
2020-06-04,58520.0,13258.0,10728.0,8953.0,38182.0,896721.0,75645.0,10075.0
2020-06-05,66902.0,15081.0,12329.0,10126.0,44250.0,876872.0,87059.0,11414.0
2020-06-06,75390.0,17469.0,14074.0,11652.0,50968.0,856148.0,100249.0,13190.0
2020-06-07,85320.0,19452.0,16237.0,13348.0,58736.0,832932.0,114936.0,14687.0
2020-06-08,95650.0,21778.0,18385.0,15148.0,67970.0,807226.0,131612.0,16676.0
2020-06-09,106283.0,24866.0,20953.0,17332.0,78398.0,778226.0,150409.0,18797.0
2020-06-10,117555.0,27512.0,23603.0,19652.0,90540.0,748510.0,171089.0,20680.0
2020-06-11,129057.0,30390.0,26236.0,21989.0,103735.0,715475.0,193705.0,22616.0
2020-06-12,140204.0,33695.0,28777.0,24559.0,118687.0,680234.0,218679.0,24974.0
2020-06-13,151126.0,36709.0,31853.0,27143.0,135188.0,644132.0,245794.0,27115.0
2020-06-14,161662.0,39767.0,34479.0,29973.0,153885.0,608035.0,274829.0,29035.0
2020-06-15,171553.0,42289.0,37725.0,33014.0,173840.0,569247.0,305485.0,30656.0
2020-06-16,179456.0,45194.0,40829.0,35670.0,195565.0,531352.0,338173.0,32688.0
2020-06-17,185924.0,47333.0,43273.0,38859.0,219490.0,492446.0,372289.0,34116.0
2020-06-18,191121.0,49309.0,45958.0,41581.0,245570.0,453671.0,407400.0,35111.0
2020-06-19,193703.0,51212.0,47781.0,44215.0,272895.0,417214.0,443505.0,36105.0
2020-06-20,194684.0,52191.0,49331.0,46318.0,302036.0,383845.0,479906.0,36401.0
2020-06-21,192909.0,52686.0,50999.0,48168.0,332047.0,350995.0,516663.0,36757.0
2020-06-22,190234.0,52484.0,51724.0,49618.0,363033.0,320849.0,552629.0,35966.0
2020-06-23,185200.0,52025.0,51760.0,50672.0,394917.0,293007.0,588168.0,35539.0
2020-06-24,178454.0,50865.0,51422.0,50972.0,426815.0,268074.0,622539.0,34371.0
2020-06-25,170943.0,49444.0,50676.0,50752.0,459108.0,246053.0,655564.0,33025.0
2020-06-26,162857.0,47496.0,49452.0,50511.0,491046.0,225366.0,686964.0,31400.0
2020-06-27,153792.0,45472.0,47967.0,49318.0,523378.0,206991.0,716821.0,29857.0
2020-06-28,144252.0,42794.0,45919.0,48261.0,555660.0,190968.0,744745.0,27924.0
2020-06-29,133256.0,40597.0,43927.0,46078.0,586124.0,177817.0,771194.0,26449.0
2020-06-30,123439.0,37774.0,41594.0,44397.0,615263.0,165515.0,795518.0,24324.0
2020-07-01,114170.0,35024.0,38979.0,42315.0,641972.0,153931.0,817874.0,22356.0
2020-07-02,104773.0,32659.0,36490.0,39794.0,667189.0,144875.0,838748.0,20874.0
2020-07-03,96096.0,30167.0,33782.0,37467.0,693270.0,136689.0,857855.0,19107.0
2020-07-04,87811.0,27745.0,31429.0,35094.0,716546.0,128587.0,875548.0,17693.0
2020-07-05,79735.0,25388.0,28907.0,32853.0,738143.0,122362.0,891564.0,16016.0
2020-07-06,72180.0,23294.0,26411.0,30382.0,758473.0,117149.0,906154.0,14590.0
