time,E,I1,I2,I3,R,S,cumI,diffI
2020-03-06,0.0,3.0,0.0,0.0,0.0,969918.0,0.0,0.0
2020-03-07,2.0,1.0,1.0,1.0,0.0,972836.0,0.0,0.0
2020-03-08,3.0,0.0,1.0,0.0,0.0,980600.0,0.0,0.0
2020-03-09,4.0,0.0,1.0,0.0,0.0,987071.0,0.0,0.0
2020-03-10,1.0,2.0,0.0,1.0,0.0,992599.0,2.0,2.0
2020-03-11,5.0,1.0,1.0,0.0,0.0,995466.0,2.0,0.0
2020-03-12,5.0,2.0,0.0,0.0,1.0,1000599.0,3.0,1.0
2020-03-13,1.0,1.0,1.0,0.0,1.0,1002967.0,5.0,2.0
2020-03-14,3.0,2.0,3.0,0.0,1.0,1004418.0,7.0,2.0
2020-03-15,6.0,2.0,1.0,1.0,0.0,1005741.0,9.0,2.0
2020-03-16,6.0,1.0,2.0,1.0,1.0,1007547.0,10.0,1.0
2020-03-17,10.0,4.0,1.0,1.0,2.0,1007590.0,12.0,2.0
2020-03-18,10.0,3.0,0.0,0.0,4.0,1009240.0,14.0,2.0
2020-03-19,10.0,1.0,2.0,2.0,2.0,1009902.0,14.0,0.0
2020-03-20,14.0,6.0,1.0,3.0,6.0,1012132.0,17.0,3.0
2020-03-21,14.0,5.0,1.0,1.0,5.0,1011771.0,19.0,2.0
2020-03-22,13.0,4.0,1.0,1.0,3.0,1011968.0,21.0,2.0
2020-03-23,11.0,6.0,1.0,1.0,5.0,1013338.0,25.0,4.0
2020-03-24,15.0,6.0,2.0,1.0,5.0,1015111.0,30.0,5.0
2020-03-25,16.0,4.0,4.0,1.0,7.0,1014493.0,32.0,2.0
2020-03-26,21.0,7.0,4.0,3.0,10.0,1015977.0,36.0,4.0
2020-03-27,15.0,9.0,1.0,2.0,12.0,1015701.0,42.0,6.0
2020-03-28,21.0,6.0,4.0,3.0,12.0,1016170.0,45.0,3.0
2020-03-29,31.0,5.0,3.0,6.0,14.0,1015192.0,49.0,4.0
2020-03-30,35.0,6.0,4.0,5.0,15.0,1015052.0,56.0,7.0
2020-03-31,39.0,10.0,10.0,1.0,24.0,1015051.0,64.0,8.0
2020-04-01,45.0,13.0,13.0,4.0,31.0,1016082.0,74.0,10.0
2020-04-02,52.0,11.0,12.0,10.0,30.0,1016926.0,79.0,5.0
2020-04-03,66.0,17.0,19.0,12.0,44.0,1017387.0,93.0,14.0
2020-04-04,85.0,20.0,14.0,18.0,46.0,1017433.0,104.0,11.0
2020-04-05,91.0,26.0,10.0,15.0,65.0,1016623.0,122.0,18.0
2020-04-06,117.0,26.0,16.0,18.0,60.0,1018360.0,137.0,15.0
2020-04-07,127.0,31.0,21.0,25.0,71.0,1018687.0,161.0,24.0
2020-04-08,148.0,33.0,22.0,27.0,88.0,1017598.0,190.0,29.0
2020-04-09,175.0,31.0,20.0,21.0,109.0,1018291.0,215.0,25.0
2020-04-10,208.0,46.0,31.0,25.0,128.0,1018170.0,249.0,34.0
2020-04-11,228.0,53.0,40.0,29.0,127.0,1019173.0,293.0,44.0
2020-04-12,260.0,67.0,46.0,40.0,151.0,1018205.0,353.0,60.0
2020-04-13,339.0,70.0,66.0,46.0,192.0,1017670.0,408.0,55.0
2020-04-14,385.0,85.0,56.0,45.0,211.0,1018202.0,475.0,67.0
2020-04-15,449.0,102.0,62.0,66.0,244.0,1019063.0,545.0,70.0
2020-04-16,543.0,123.0,71.0,77.0,286.0,1018375.0,640.0,95.0
2020-04-17,634.0,146.0,112.0,77.0,325.0,1018754.0,763.0,123.0
2020-04-18,760.0,177.0,124.0,111.0,401.0,1018291.0,897.0,134.0
2020-04-19,854.0,199.0,153.0,123.0,465.0,1019070.0,1053.0,156.0
2020-04-20,1021.0,223.0,172.0,136.0,558.0,1019329.0,1214.0,161.0
2020-04-21,1158.0,274.0,201.0,150.0,678.0,1019260.0,1442.0,228.0
2020-04-22,1349.0,309.0,240.0,173.0,773.0,1018987.0,1637.0,195.0
2020-04-23,1559.0,345.0,290.0,220.0,900.0,1017463.0,1909.0,272.0
2020-04-24,1765.0,399.0,323.0,265.0,1010.0,1018054.0,2226.0,317.0
2020-04-25,2074.0,456.0,392.0,316.0,1166.0,1016544.0,2579.0,353.0
2020-04-26,2464.0,510.0,433.0,333.0,1402.0,1015796.0,2973.0,394.0
2020-04-27,2907.0,640.0,465.0,426.0,1635.0,1014467.0,3497.0,524.0
2020-04-28,3316.0,692.0,549.0,508.0,1917.0,1014421.0,4010.0,513.0
2020-04-29,3981.0,846.0,704.0,565.0,2212.0,1013217.0,4679.0,669.0
2020-04-30,4595.0,1002.0,813.0,668.0,2614.0,1011812.0,5498.0,819.0
2020-05-01,5269.0,1181.0,974.0,725.0,3069.0,1010017.0,6400.0,902.0
2020-05-02,6243.0,1378.0,1096.0,904.0,3620.0,1008769.0,7462.0,1062.0
2020-05-03,7347.0,1590.0,1277.0,1017.0,4289.0,1006720.0,8661.0,1199.0
2020-05-04,8529.0,1897.0,1536.0,1207.0,5056.0,1004906.0,10106.0,1445.0
2020-05-05,9905.0,2234.0,1734.0,1405.0,5925.0,1001797.0,11846.0,1740.0
2020-05-06,11616.0,2546.0,2057.0,1612.0,6822.0,997633.0,13825.0,1979.0
2020-05-07,13450.0,3013.0,2323.0,1926.0,7977.0,994609.0,16228.0,2403.0
2020-05-08,15547.0,3481.0,2777.0,2164.0,9317.0,989661.0,18933.0,2705.0
2020-05-09,18259.0,3987.0,3235.0,2657.0,10601.0,984137.0,21980.0,3047.0
2020-05-10,21264.0,4687.0,3654.0,3014.0,12591.0,977683.0,25502.0,3522.0
2020-05-11,24450.0,5534.0,4369.0,3520.0,14531.0,970902.0,29831.0,4329.0
2020-05-12,28392.0,6276.0,5160.0,4018.0,16959.0,962891.0,34633.0,4802.0
2020-05-13,32757.0,7259.0,5982.0,4730.0,19978.0,953329.0,40261.0,5628.0
2020-05-14,37762.0,8518.0,6724.0,5459.0,23263.0,942828.0,46796.0,6535.0
2020-05-15,43289.0,9749.0,7852.0,6379.0,27030.0,930394.0,54289.0,7493.0
2020-05-16,49615.0,11187.0,9022.0,7383.0,31347.0,915718.0,62780.0,8491.0
2020-05-17,56478.0,12763.0,10454.0,8554.0,36257.0,898757.0,72441.0,9661.0
2020-05-18,64167.0,14826.0,11994.0,9833.0,42669.0,881078.0,83781.0,11340.0
2020-05-19,72434.0,16524.0,13734.0,11552.0,49216.0,861333.0,96294.0,12513.0
2020-05-20,82370.0,18732.0,15835.0,12937.0,56949.0,838086.0,110486.0,14192.0
2020-05-21,92499.0,21302.0,17741.0,14847.0,65587.0,813049.0,126677.0,16191.0
2020-05-22,103329.0,23853.0,19984.0,16920.0,75520.0,786765.0,144688.0,18011.0
2020-05-23,114185.0,26711.0,22836.0,18950.0,87138.0,755977.0,164888.0,20200.0
2020-05-24,125592.0,29572.0,25190.0,21280.0,99788.0,724211.0,186953.0,22065.0
2020-05-25,136663.0,32585.0,28244.0,23830.0,114293.0,690064.0,211480.0,24527.0
2020-05-26,147960.0,35682.0,31081.0,26469.0,130579.0,653969.0,237907.0,26427.0
2020-05-27,158822.0,38816.0,33853.0,29551.0,148396.0,616677.0,266464.0,28557.0
2020-05-28,168218.0,41745.0,37204.0,32344.0,167988.0,579234.0,297131.0,30667.0
2020-05-29,176869.0,44481.0,39946.0,35233.0,190137.0,539949.0,329419.0,32288.0
2020-05-30,183962.0,46739.0,42671.0,37960.0,213439.0,502829.0,363017.0,33598.0
2020-05-31,188664.0,49030.0,45186.0,40838.0,238706.0,464646.0,398025.0,35008.0
2020-06-01,192508.0,50466.0,47299.0,43540.0,264941.0,427888.0,433689.0,35664.0
2020-06-02,194173.0,51312.0,49055.0,45594.0,292856.0,393316.0,469696.0,36007.0
2020-06-03,193404.0,52145.0,50062.0,47562.0,323287.0,359362.0,506075.0,36379.0
2020-06-04,190834.0,52132.0,51014.0,49130.0,353914.0,329668.0,542006.0,35931.0
2020-06-05,186286.0,52043.0,51294.0,50422.0,385299.0,301298.0,577513.0,35507.0
2020-06-06,180345.0,51002.0,51356.0,50459.0,417529.0,275257.0,612346.0,34833.0
2020-06-07,173194.0,49662.0,50925.0,50922.0,449791.0,252487.0,645761.0,33415.0
2020-06-08,164780.0,48109.0,49633.0,50609.0,482575.0,231766.0,677578.0,31817.0
2020-06-09,155672.0,45898.0,48758.0,49125.0,514357.0,213046.0,707995.0,30417.0
2020-06-10,146601.0,43556.0,46669.0,48352.0,545959.0,196325.0,736531.0,28536.0
2020-06-11,136674.0,41191.0,44309.0,46792.0,576374.0,181726.0,763375.0,26844.0
2020-06-12,126999.0,38666.0,41899.0,45108.0,605701.0,168973.0,788372.0,24997.0
2020-06-13,116954.0,36188.0,39734.0,42745.0,633530.0,157358.0,811547.0,23175.0
2020-06-14,107070.0,33740.0,36725.0,40747.0,659546.0,147458.0,832988.0,21441.0
2020-06-15,98395.0,30759.0,34738.0,38329.0,684878.0,139259.0,852243.0,19255.0
2020-06-16,90492.0,28265.0,32253.0,36012.0,708919.0,131646.0,870189.0,17946.0
2020-06-17,82473.0,26094.0,29695.0,33435.0,730691.0,125288.0,886650.0,16461.0
2020-06-18,75012.0,23822.0,27502.0,30929.0,752139.0,118745.0,901462.0,14812.0
2020-06-19,67642.0,21861.0,25123.0,28717.0,770712.0,114075.0,915139.0,13677.0
2020-06-20,61235.0,19750.0,23206.0,26353.0,789564.0,109863.0,927354.0,12215.0
2020-06-21,55238.0,18052.0,20974.0,24298.0,804381.0,105913.0,938471.0,11117.0
2020-06-22,49900.0,16218.0,19259.0,22103.0,817592.0,102399.0,948459.0,9988.0
2020-06-23,44827.0,14647.0,17408.0,20328.0,830437.0,99437.0,957470.0,9011.0
2020-06-24,40511.0,13038.0,15856.0,18294.0,843134.0,96834.0,965486.0,8016.0
2020-06-25,36364.0,11829.0,14055.0,16718.0,854958.0,95018.0,972759.0,7273.0
2020-06-26,32632.0,10601.0,12843.0,15060.0,863499.0,93015.0,979273.0,6514.0
2020-06-27,28958.0,9555.0,11477.0,13492.0,872532.0,91402.0,985178.0,5905.0
2020-06-28,26002.0,8644.0,10184.0,12172.0,879854.0,89560.0,990336.0,5158.0
2020-06-29,23306.0,7737.0,9124.0,11109.0,887162.0,87970.0,994986.0,4650.0
2020-06-30,20892.0,6950.0,8387.0,9871.0,893924.0,86601.0,999247.0,4261.0
2020-07-01,18606.0,6153.0,7732.0,8835.0,901070.0,85522.0,1003094.0,3847.0
2020-07-02,16644.0,5520.0,6638.0,8186.0,905907.0,84590.0,1006432.0,3338.0
2020-07-03,14760.0,4817.0,5977.0,7185.0,910789.0,84132.0,1009403.0,2971.0
2020-07-04,13164.0,4426.0,5295.0,6452.0,915348.0,83356.0,1012093.0,2690.0
2020-07-05,11653.0,4021.0,4631.0,5594.0,918694.0,82962.0,1014458.0,2365.0
2020-07-06,10446.0,3529.0,4258.0,5051.0,922283.0,82166.0,1016572.0,2114.0
