time,E,I1,I2,I3,R,S,cumI,diffI
2020-03-06,0.0,2.0,1.0,0.0,0.0,969671.0,0.0,0.0
2020-03-07,0.0,2.0,0.0,0.0,0.0,971541.0,0.0,0.0
2020-03-08,0.0,0.0,1.0,0.0,0.0,978944.0,0.0,0.0
2020-03-09,3.0,1.0,1.0,0.0,0.0,986104.0,0.0,0.0
2020-03-10,2.0,1.0,1.0,0.0,0.0,991629.0,1.0,1.0
2020-03-11,2.0,0.0,2.0,0.0,0.0,995153.0,1.0,0.0
2020-03-12,1.0,0.0,1.0,0.0,0.0,999070.0,1.0,0.0
2020-03-13,1.0,0.0,0.0,0.0,1.0,1001622.0,1.0,0.0
2020-03-14,1.0,0.0,0.0,0.0,2.0,1003678.0,1.0,0.0
2020-03-15,2.0,0.0,0.0,0.0,1.0,1005874.0,1.0,0.0
2020-03-16,2.0,0.0,0.0,0.0,1.0,1007732.0,1.0,0.0
2020-03-17,2.0,0.0,0.0,0.0,2.0,1010190.0,1.0,0.0
2020-03-18,3.0,0.0,0.0,0.0,2.0,1011226.0,2.0,1.0
2020-03-19,3.0,1.0,1.0,0.0,2.0,1011500.0,3.0,1.0
2020-03-20,2.0,1.0,1.0,0.0,1.0,1011357.0,4.0,1.0
2020-03-21,6.0,0.0,0.0,2.0,2.0,1011137.0,4.0,0.0
2020-03-22,6.0,0.0,0.0,1.0,2.0,1011744.0,4.0,0.0
2020-03-23,5.0,0.0,0.0,0.0,1.0,1012981.0,4.0,0.0
2020-03-24,2.0,2.0,0.0,0.0,2.0,1013776.0,6.0,2.0
2020-03-25,2.0,1.0,1.0,0.0,3.0,1014484.0,6.0,0.0
2020-03-26,3.0,1.0,1.0,1.0,3.0,1015500.0,7.0,1.0
2020-03-27,4.0,0.0,0.0,1.0,3.0,1015865.0,7.0,0.0
2020-03-28,5.0,0.0,0.0,1.0,6.0,1015247.0,7.0,0.0
2020-03-29,6.0,0.0,0.0,0.0,3.0,1015243.0,7.0,0.0
2020-03-30,3.0,0.0,0.0,0.0,1.0,1015724.0,7.0,0.0
2020-03-31,7.0,4.0,0.0,1.0,5.0,1016096.0,8.0,1.0
2020-04-01,9.0,2.0,0.0,4.0,5.0,1017024.0,9.0,1.0
2020-04-02,5.0,2.0,1.0,2.0,6.0,1016131.0,12.0,3.0
2020-04-03,10.0,1.0,1.0,3.0,12.0,1017118.0,12.0,0.0
2020-04-04,8.0,2.0,1.0,3.0,11.0,1017411.0,14.0,2.0
2020-04-05,8.0,0.0,1.0,1.0,13.0,1018627.0,14.0,0.0
2020-04-06,7.0,2.0,1.0,2.0,15.0,1018926.0,15.0,1.0
2020-04-07,13.0,2.0,4.0,1.0,20.0,1019760.0,17.0,2.0
2020-04-08,21.0,0.0,6.0,2.0,13.0,1018990.0,17.0,0.0
2020-04-09,23.0,6.0,3.0,1.0,13.0,1018763.0,23.0,6.0
2020-04-10,28.0,11.0,3.0,6.0,18.0,1019541.0,27.0,4.0
2020-04-11,44.0,11.0,8.0,9.0,24.0,1018212.0,37.0,10.0
2020-04-12,67.0,10.0,12.0,6.0,30.0,1019137.0,45.0,8.0
2020-04-13,74.0,14.0,16.0,7.0,37.0,1019802.0,57.0,12.0
2020-04-14,81.0,16.0,14.0,12.0,42.0,1019552.0,68.0,11.0
2020-04-15,91.0,18.0,14.0,11.0,44.0,1019589.0,83.0,15.0
2020-04-16,81.0,24.0,21.0,9.0,52.0,1019046.0,104.0,21.0
2020-04-17,98.0,20.0,24.0,20.0,59.0,1019554.0,116.0,12.0
2020-04-18,127.0,34.0,25.0,26.0,80.0,1020620.0,140.0,24.0
2020-04-19,163.0,21.0,30.0,24.0,87.0,1020297.0,152.0,12.0
2020-04-20,208.0,34.0,24.0,25.0,103.0,1019000.0,182.0,30.0
2020-04-21,222.0,37.0,33.0,28.0,108.0,1019063.0,219.0,37.0
2020-04-22,260.0,52.0,43.0,36.0,129.0,1019329.0,259.0,40.0
2020-04-23,294.0,56.0,57.0,45.0,154.0,1020216.0,315.0,56.0
2020-04-24,333.0,65.0,55.0,53.0,182.0,1019780.0,374.0,59.0
2020-04-25,370.0,97.0,62.0,54.0,218.0,1019988.0,440.0,66.0
2020-04-26,488.0,100.0,87.0,71.0,235.0,1021428.0,508.0,68.0
2020-04-27,541.0,117.0,98.0,87.0,293.0,1020847.0,612.0,104.0
2020-04-28,660.0,115.0,113.0,97.0,350.0,1020797.0,710.0,98.0
2020-04-29,768.0,154.0,118.0,97.0,419.0,1020236.0,842.0,132.0
2020-04-30,889.0,170.0,149.0,107.0,494.0,1020446.0,970.0,128.0
2020-05-01,1066.0,210.0,167.0,127.0,587.0,1020417.0,1127.0,157.0
2020-05-02,1167.0,231.0,187.0,176.0,670.0,1019519.0,1329.0,202.0
2020-05-03,1304.0,279.0,235.0,179.0,767.0,1019714.0,1549.0,220.0
2020-05-04,1567.0,346.0,277.0,215.0,890.0,1018278.0,1829.0,280.0
2020-05-05,1874.0,413.0,300.0,246.0,1023.0,1019182.0,2153.0,324.0
2020-05-06,2220.0,479.0,369.0,322.0,1222.0,1018282.0,2523.0,370.0
2020-05-07,2539.0,569.0,437.0,360.0,1450.0,1017320.0,2984.0,461.0
2020-05-08,3025.0,648.0,480.0,414.0,1709.0,1016363.0,3478.0,494.0
2020-05-09,3447.0,790.0,565.0,497.0,1981.0,1015957.0,4066.0,588.0
2020-05-10,4079.0,893.0,732.0,566.0,2317.0,1014467.0,4768.0,702.0
2020-05-11,4690.0,1006.0,850.0,652.0,2715.0,1013094.0,5539.0,771.0
2020-05-12,5482.0,1157.0,967.0,792.0,3150.0,1011203.0,6477.0,938.0
2020-05-13,6362.0,1397.0,1109.0,919.0,3733.0,1009948.0,7578.0,1101.0
2020-05-14,7350.0,1618.0,1295.0,1009.0,4460.0,1007985.0,8799.0,1221.0
2020-05-15,8496.0,1911.0,1581.0,1204.0,5041.0,1006360.0,10329.0,1530.0
2020-05-16,10006.0,2296.0,1745.0,1435.0,5887.0,1003873.0,12043.0,1714.0
2020-05-17,11916.0,2500.0,2075.0,1644.0,6977.0,1000010.0,13976.0,1933.0
2020-05-18,13836.0,2891.0,2368.0,1967.0,7970.0,997120.0,16274.0,2298.0
2020-05-19,15927.0,3544.0,2764.0,2224.0,9258.0,992035.0,19114.0,2840.0
2020-05-20,18376.0,4085.0,3371.0,2574.0,10990.0,986342.0,22275.0,3161.0
2020-05-21,21393.0,4889.0,3871.0,3063.0,12812.0,979153.0,26049.0,3774.0
2020-05-22,25124.0,5520.0,4528.0,3592.0,15048.0,972811.0,30307.0,4258.0
2020-05-23,28876.0,6531.0,5284.0,4162.0,17389.0,962459.0,35304.0,4997.0
2020-05-24,33341.0,7589.0,6006.0,4925.0,20255.0,952530.0,41097.0,5793.0
2020-05-25,38774.0,8616.0,6984.0,5620.0,23692.0,941446.0,47679.0,6582.0
2020-05-26,44423.0,10000.0,8152.0,6670.0,27589.0,928358.0,55429.0,7750.0
2020-05-27,50977.0,11388.0,9399.0,7559.0,32088.0,914229.0,64208.0,8779.0
2020-05-28,58296.0,12935.0,10758.0,8810.0,37252.0,898640.0,74167.0,9959.0
2020-05-29,66007.0,15032.0,12335.0,10115.0,43274.0,878694.0,85614.0,11447.0
2020-05-30,74885.0,17151.0,14179.0,11619.0,50377.0,858045.0,98689.0,13075.0
2020-05-31,84282.0,19536.0,16235.0,13265.0,58094.0,834480.0,113567.0,14878.0
2020-06-01,94639.0,21698.0,18378.0,15343.0,67230.0,807871.0,130107.0,16540.0
2020-06-02,105156.0,24384.0,20480.0,17419.0,77441.0,780057.0,148552.0,18445.0
2020-06-03,116615.0,27188.0,23111.0,19510.0,89245.0,749150.0,169138.0,20586.0
2020-06-04,128000.0,30313.0,25776.0,21936.0,102766.0,715593.0,191906.0,22768.0
2020-06-05,140137.0,33436.0,28749.0,24813.0,117936.0,681541.0,216584.0,24678.0
2020-06-06,151347.0,36565.0,31550.0,27441.0,134239.0,644903.0,243677.0,27093.0
2020-06-07,162321.0,39116.0,34689.0,30358.0,152554.0,607285.0,272423.0,28746.0
2020-06-08,171737.0,42289.0,37555.0,33167.0,172393.0,569820.0,303237.0,30814.0
2020-06-09,179760.0,44844.0,40412.0,35895.0,195016.0,530717.0,335682.0,32445.0
2020-06-10,186334.0,47250.0,43317.0,38682.0,219312.0,492590.0,369437.0,33755.0
2020-06-11,190366.0,49343.0,45796.0,41160.0,244873.0,455591.0,404865.0,35428.0
2020-06-12,193961.0,50955.0,47633.0,43909.0,271902.0,418849.0,440533.0,35668.0
2020-06-13,195188.0,52317.0,49543.0,46286.0,301129.0,383671.0,477086.0,36553.0
2020-06-14,194094.0,52729.0,51054.0,48093.0,331901.0,350456.0,513633.0,36547.0
2020-06-15,190685.0,52291.0,51809.0,49331.0,363041.0,320926.0,549593.0,35960.0
2020-06-16,185749.0,51685.0,51603.0,50384.0,395697.0,293528.0,585123.0,35530.0
2020-06-17,179603.0,50267.0,51586.0,50373.0,428138.0,267931.0,619144.0,34021.0
2020-06-18,172202.0,49226.0,50372.0,50837.0,461403.0,245106.0,652202.0,33058.0
2020-06-19,162901.0,47628.0,49576.0,50379.0,493724.0,223799.0,683948.0,31746.0
2020-06-20,153053.0,45533.0,48027.0,49560.0,526779.0,205632.0,713902.0,29954.0
2020-06-21,143215.0,43021.0,45959.0,48306.0,558025.0,188887.0,742020.0,28118.0
2020-06-22,133153.0,40605.0,43764.0,46464.0,589748.0,174530.0,768263.0,26243.0
2020-06-23,123174.0,37848.0,41317.0,44392.0,618211.0,162411.0,792596.0,24333.0
2020-06-24,113669.0,34995.0,38670.0,42417.0,645305.0,151974.0,815036.0,22440.0
2020-06-25,104355.0,32404.0,36003.0,39535.0,673008.0,142117.0,835578.0,20542.0
2020-06-26,95263.0,29722.0,33709.0,37445.0,698029.0,134124.0,854541.0,18963.0
2020-06-27,86868.0,27350.0,31115.0,34829.0,721673.0,126898.0,871935.0,17394.0
2020-06-28,78697.0,25282.0,28608.0,32288.0,743794.0,120745.0,887800.0,15865.0
2020-06-29,71350.0,22777.0,26210.0,29999.0,762928.0,115751.0,901971.0,14171.0
2020-06-30,64316.0,20718.0,24368.0,27420.0,780614.0,110616.0,914938.0,12967.0
2020-07-01,58357.0,19070.0,21834.0,25582.0,797813.0,106005.0,926519.0,11581.0
2020-07-02,52211.0,17194.0,19940.0,23403.0,814677.0,102096.0,937191.0,10672.0
2020-07-03,47122.0,15212.0,18136.0,21340.0,828243.0,98431.0,946469.0,9278.0
2020-07-04,42241.0,13906.0,16282.0,19327.0,840985.0,95862.0,955011.0,8542.0
2020-07-05,37938.0,12448.0,14794.0,17514.0,852866.0,93455.0,962822.0,7811.0
2020-07-06,33946.0,11163.0,13175.0,15779.0,863093.0,91399.0,969595.0,6773.0
