time,E,I1,I2,I3,R,S,cumI,diffI
2020-03-06,2.0,3.0,0.0,0.0,0.0,970000.0,0.0,0.0
2020-03-07,3.0,1.0,0.0,0.0,0.0,973005.0,0.0,0.0
2020-03-08,1.0,1.0,0.0,0.0,0.0,979757.0,0.0,0.0
2020-03-09,1.0,0.0,0.0,0.0,0.0,987133.0,0.0,0.0
2020-03-10,0.0,0.0,0.0,0.0,0.0,992789.0,0.0,0.0
2020-03-11,0.0,0.0,0.0,0.0,0.0,997192.0,0.0,0.0
2020-03-12,0.0,0.0,0.0,0.0,0.0,1000608.0,0.0,0.0
2020-03-13,0.0,0.0,0.0,0.0,1.0,1002223.0,0.0,0.0
2020-03-14,0.0,0.0,0.0,0.0,1.0,1005226.0,0.0,0.0
2020-03-15,0.0,0.0,0.0,0.0,1.0,1007202.0,0.0,0.0
2020-03-16,0.0,0.0,2.0,0.0,1.0,1008526.0,0.0,0.0
2020-03-17,3.0,1.0,1.0,0.0,0.0,1010412.0,0.0,0.0
2020-03-18,3.0,0.0,1.0,1.0,0.0,1011976.0,0.0,0.0
2020-03-19,3.0,0.0,0.0,2.0,0.0,1013054.0,0.0,0.0
2020-03-20,3.0,0.0,0.0,0.0,1.0,1014053.0,0.0,0.0
2020-03-21,1.0,0.0,0.0,0.0,2.0,1013058.0,0.0,0.0
2020-03-22,0.0,1.0,0.0,0.0,3.0,1012777.0,1.0,1.0
2020-03-23,2.0,0.0,0.0,2.0,3.0,1015245.0,1.0,0.0
2020-03-24,4.0,0.0,1.0,2.0,3.0,1015084.0,1.0,0.0
2020-03-25,3.0,1.0,1.0,2.0,2.0,1014682.0,1.0,0.0
2020-03-26,2.0,0.0,0.0,2.0,1.0,1015324.0,1.0,0.0
2020-03-27,4.0,0.0,0.0,0.0,4.0,1016591.0,1.0,0.0
2020-03-28,1.0,0.0,0.0,0.0,2.0,1016521.0,2.0,1.0
2020-03-29,3.0,1.0,1.0,0.0,2.0,1016644.0,3.0,1.0
2020-03-30,5.0,1.0,0.0,0.0,5.0,1017016.0,3.0,0.0
2020-03-31,4.0,2.0,3.0,0.0,5.0,1015887.0,5.0,2.0
2020-04-01,8.0,1.0,1.0,3.0,5.0,1016883.0,5.0,0.0
2020-04-02,11.0,2.0,1.0,4.0,3.0,1017809.0,6.0,1.0
2020-04-03,18.0,0.0,2.0,5.0,4.0,1017558.0,7.0,1.0
2020-04-04,24.0,3.0,1.0,3.0,5.0,1017456.0,10.0,3.0
2020-04-05,15.0,4.0,3.0,3.0,10.0,1016683.0,14.0,4.0
2020-04-06,19.0,6.0,3.0,1.0,15.0,1017324.0,17.0,3.0
2020-04-07,28.0,9.0,3.0,2.0,16.0,1016658.0,23.0,6.0
2020-04-08,33.0,11.0,7.0,4.0,13.0,1017780.0,29.0,6.0
2020-04-09,29.0,11.0,9.0,7.0,21.0,1017700.0,37.0,8.0
2020-04-10,47.0,14.0,9.0,8.0,32.0,1017127.0,46.0,9.0
2020-04-11,51.0,18.0,11.0,8.0,35.0,1018169.0,54.0,8.0
2020-04-12,70.0,12.0,12.0,14.0,37.0,1018673.0,62.0,8.0
2020-04-13,86.0,18.0,13.0,10.0,49.0,1019615.0,77.0,15.0
2020-04-14,94.0,28.0,16.0,10.0,43.0,1019979.0,99.0,22.0
2020-04-15,105.0,30.0,17.0,7.0,46.0,1020475.0,113.0,14.0
2020-04-16,139.0,38.0,21.0,15.0,65.0,1021237.0,143.0,30.0
2020-04-17,155.0,44.0,27.0,18.0,78.0,1021826.0,170.0,27.0
2020-04-18,188.0,41.0,40.0,21.0,83.0,1022280.0,197.0,27.0
2020-04-19,223.0,51.0,37.0,35.0,103.0,1020426.0,237.0,40.0
2020-04-20,261.0,60.0,61.0,33.0,132.0,1019831.0,290.0,53.0
2020-04-21,279.0,60.0,50.0,43.0,155.0,1019277.0,336.0,46.0
2020-04-22,346.0,71.0,66.0,47.0,189.0,1019279.0,395.0,59.0
2020-04-23,389.0,92.0,72.0,63.0,219.0,1020142.0,465.0,70.0
2020-04-24,482.0,112.0,75.0,75.0,259.0,1020965.0,547.0,82.0
2020-04-25,570.0,113.0,100.0,69.0,316.0,1020508.0,644.0,97.0
2020-04-26,667.0,125.0,113.0,79.0,360.0,1021278.0,746.0,102.0
2020-04-27,718.0,165.0,124.0,99.0,414.0,1021213.0,875.0,129.0
2020-04-28,887.0,184.0,163.0,134.0,497.0,1019721.0,1037.0,162.0
2020-04-29,1037.0,245.0,179.0,154.0,572.0,1020035.0,1230.0,193.0
2020-04-30,1226.0,269.0,229.0,168.0,684.0,1020223.0,1444.0,214.0
2020-05-01,1391.0,306.0,252.0,174.0,786.0,1020698.0,1689.0,245.0
2020-05-02,1635.0,325.0,303.0,228.0,947.0,1020588.0,1947.0,258.0
2020-05-03,1917.0,410.0,324.0,271.0,1124.0,1018238.0,2253.0,306.0
2020-05-04,2163.0,458.0,389.0,275.0,1335.0,1018526.0,2648.0,395.0
2020-05-05,2585.0,526.0,425.0,368.0,1489.0,1016982.0,3062.0,414.0
2020-05-06,3036.0,679.0,529.0,414.0,1712.0,1015820.0,3606.0,544.0
2020-05-07,3635.0,747.0,621.0,493.0,1974.0,1015488.0,4158.0,552.0
2020-05-08,4233.0,881.0,747.0,595.0,2316.0,1014571.0,4837.0,679.0
2020-05-09,5023.0,1064.0,839.0,709.0,2790.0,1011859.0,5646.0,809.0
2020-05-10,5907.0,1253.0,1022.0,815.0,3251.0,1011698.0,6636.0,990.0
2020-05-11,6834.0,1499.0,1168.0,963.0,3785.0,1008873.0,7775.0,1139.0
2020-05-12,8018.0,1797.0,1365.0,1105.0,4549.0,1006345.0,9125.0,1350.0
2020-05-13,9401.0,2114.0,1662.0,1296.0,5254.0,1005748.0,10768.0,1643.0
2020-05-14,10974.0,2399.0,1921.0,1499.0,6169.0,1003589.0,12634.0,1866.0
2020-05-15,12746.0,2796.0,2264.0,1784.0,7349.0,998695.0,14733.0,2099.0
2020-05-16,14916.0,3228.0,2643.0,2112.0,8449.0,994359.0,17230.0,2497.0
2020-05-17,17273.0,3834.0,3132.0,2477.0,9935.0,989949.0,20231.0,3001.0
2020-05-18,20167.0,4475.0,3562.0,2908.0,11589.0,982775.0,23718.0,3487.0
2020-05-19,23377.0,5243.0,4226.0,3344.0,13725.0,976215.0,27813.0,4095.0
2020-05-20,26876.0,6099.0,4962.0,3950.0,16097.0,967789.0,32469.0,4656.0
2020-05-21,31215.0,7043.0,5757.0,4674.0,18951.0,957947.0,37846.0,5377.0
2020-05-22,36044.0,8064.0,6584.0,5448.0,22140.0,947664.0,44074.0,6228.0
2020-05-23,41710.0,9165.0,7470.0,6214.0,25852.0,934901.0,51046.0,6972.0
2020-05-24,47890.0,10822.0,8729.0,6969.0,30068.0,922436.0,59389.0,8343.0
2020-05-25,54946.0,12293.0,10007.0,8289.0,34823.0,905791.0,68708.0,9319.0
2020-05-26,62731.0,14167.0,11563.0,9499.0,40524.0,888016.0,79512.0,10804.0
2020-05-27,71084.0,16212.0,13165.0,10872.0,46977.0,868485.0,91714.0,12202.0
2020-05-28,79933.0,18274.0,15145.0,12381.0,54260.0,845562.0,105733.0,14019.0
2020-05-29,89984.0,20853.0,17231.0,14377.0,63224.0,821171.0,121658.0,15925.0
2020-05-30,100587.0,23370.0,19358.0,16306.0,73061.0,793786.0,139377.0,17719.0
2020-05-31,112136.0,26178.0,21755.0,18385.0,84140.0,764701.0,158974.0,19597.0
2020-06-01,123433.0,28819.0,24722.0,20904.0,96855.0,731550.0,180569.0,21595.0
2020-06-02,134730.0,31938.0,27404.0,23466.0,110659.0,697379.0,204391.0,23822.0
2020-06-03,146034.0,35078.0,30271.0,26172.0,126821.0,662193.0,230402.0,26011.0
2020-06-04,156855.0,38259.0,33400.0,28871.0,144560.0,624898.0,258653.0,28251.0
2020-06-05,166660.0,41399.0,36289.0,31484.0,164236.0,585549.0,288870.0,30217.0
2020-06-06,176676.0,43874.0,39510.0,34776.0,185170.0,547026.0,320694.0,31824.0
2020-06-07,183710.0,46785.0,41837.0,37624.0,208489.0,508621.0,354373.0,33679.0
2020-06-08,189250.0,48808.0,44480.0,40276.0,234093.0,470231.0,388970.0,34597.0
2020-06-09,192750.0,50482.0,47062.0,43089.0,260133.0,432816.0,424957.0,35987.0
2020-06-10,194547.0,52077.0,49058.0,45576.0,288527.0,396854.0,461357.0,36400.0
2020-06-11,194451.0,52693.0,50609.0,47304.0,318732.0,362600.0,497892.0,36535.0
2020-06-12,191677.0,52725.0,51738.0,48772.0,350140.0,331349.0,534008.0,36116.0
2020-06-13,187411.0,52085.0,52151.0,50159.0,381868.0,302757.0,569714.0,35706.0
2020-06-14,181690.0,51524.0,51346.0,50599.0,415970.0,276745.0,604503.0,34789.0
2020-06-15,174043.0,50493.0,50815.0,50747.0,449098.0,253035.0,637993.0,33490.0
2020-06-16,166190.0,48923.0,49822.0,50932.0,480299.0,231617.0,670298.0,32305.0
2020-06-17,156879.0,46363.0,48396.0,49861.0,513494.0,212280.0,700598.0,30300.0
2020-06-18,147386.0,44333.0,46963.0,48695.0,545563.0,195069.0,729479.0,28881.0
2020-06-19,137564.0,41533.0,45037.0,47404.0,577151.0,180205.0,756545.0,27066.0
2020-06-20,127433.0,38965.0,42552.0,45527.0,607008.0,167019.0,781761.0,25216.0
2020-06-21,117559.0,36424.0,40250.0,43514.0,635190.0,155161.0,804963.0,23202.0
2020-06-22,108418.0,33659.0,37799.0,41483.0,662866.0,145247.0,826648.0,21685.0
2020-06-23,99237.0,30979.0,34882.0,38674.0,688727.0,136593.0,846225.0,19577.0
2020-06-24,90221.0,28527.0,32281.0,36021.0,712373.0,128547.0,864340.0,18115.0
2020-06-25,82151.0,26233.0,29577.0,33687.0,734067.0,122009.0,880700.0,16360.0
2020-06-26,74403.0,23714.0,27242.0,31020.0,754136.0,116486.0,895320.0,14620.0
2020-06-27,67217.0,21457.0,25054.0,28832.0,774457.0,111833.0,908670.0,13350.0
2020-06-28,60614.0,19631.0,22820.0,26268.0,792082.0,107431.0,920830.0,12160.0
2020-06-29,54526.0,17803.0,20844.0,24046.0,809098.0,103152.0,931805.0,10975.0
2020-06-30,49006.0,15859.0,18686.0,22197.0,823291.0,99957.0,941666.0,9861.0
2020-07-01,43997.0,14437.0,16824.0,19860.0,836650.0,97001.0,950551.0,8885.0
2020-07-02,39655.0,12790.0,15223.0,18121.0,848021.0,94360.0,958357.0,7806.0
2020-07-03,35349.0,11586.0,13616.0,16152.0,858097.0,92082.0,965439.0,7082.0
2020-07-04,31641.0,10273.0,12315.0,14708.0,870348.0,90043.0,971834.0,6395.0
2020-07-05,28075.0,9392.0,11027.0,13277.0,877525.0,88186.0,977663.0,5829.0
2020-07-06,24920.0,8316.0,9990.0,11817.0,886504.0,87020.0,982714.0,5051.0
