time,E,I1,I2,I3,R,S,cumI,diffI
2020-03-06,1.0,1.0,1.0,0.0,0.0,970522.0,0.0,0.0
2020-03-07,0.0,0.0,1.0,0.0,0.0,973403.0,0.0,0.0
2020-03-08,0.0,0.0,0.0,1.0,0.0,979609.0,0.0,0.0
2020-03-09,0.0,0.0,0.0,0.0,0.0,986562.0,0.0,0.0
2020-03-10,0.0,0.0,0.0,0.0,0.0,991717.0,0.0,0.0
2020-03-11,1.0,0.0,0.0,0.0,0.0,995988.0,0.0,0.0
2020-03-12,1.0,0.0,0.0,0.0,0.0,999998.0,0.0,0.0
2020-03-13,1.0,1.0,0.0,0.0,0.0,1002746.0,0.0,0.0
2020-03-14,2.0,1.0,0.0,1.0,1.0,1005000.0,0.0,0.0
2020-03-15,4.0,1.0,1.0,0.0,3.0,1007496.0,1.0,1.0
2020-03-16,2.0,0.0,1.0,0.0,2.0,1008055.0,2.0,1.0
2020-03-17,2.0,0.0,1.0,1.0,1.0,1009668.0,2.0,0.0
2020-03-18,1.0,0.0,0.0,1.0,0.0,1011265.0,2.0,0.0
2020-03-19,3.0,1.0,0.0,0.0,1.0,1012247.0,2.0,0.0
2020-03-20,2.0,1.0,0.0,0.0,0.0,1011946.0,2.0,0.0
2020-03-21,2.0,0.0,0.0,1.0,2.0,1013696.0,2.0,0.0
2020-03-22,4.0,0.0,0.0,0.0,2.0,1012395.0,2.0,0.0
2020-03-23,2.0,1.0,0.0,0.0,4.0,1014576.0,3.0,1.0
2020-03-24,1.0,0.0,1.0,1.0,4.0,1015382.0,3.0,0.0
2020-03-25,1.0,0.0,1.0,0.0,6.0,1015487.0,3.0,0.0
2020-03-26,3.0,0.0,1.0,0.0,7.0,1014790.0,3.0,0.0
2020-03-27,4.0,0.0,0.0,1.0,4.0,1015145.0,3.0,0.0
2020-03-28,6.0,3.0,0.0,0.0,6.0,1014144.0,6.0,3.0
2020-03-29,5.0,2.0,1.0,0.0,6.0,1014478.0,7.0,1.0
2020-03-30,4.0,1.0,1.0,1.0,7.0,1015103.0,8.0,1.0
2020-03-31,12.0,0.0,2.0,2.0,7.0,1015888.0,9.0,1.0
2020-04-01,12.0,3.0,2.0,3.0,6.0,1015618.0,12.0,3.0
2020-04-02,18.0,3.0,3.0,4.0,7.0,1015094.0,13.0,1.0
2020-04-03,16.0,1.0,0.0,1.0,13.0,1016160.0,14.0,1.0
2020-04-04,23.0,6.0,2.0,1.0,14.0,1016582.0,17.0,3.0
2020-04-05,31.0,5.0,7.0,1.0,12.0,1016468.0,22.0,5.0
2020-04-06,36.0,6.0,8.0,4.0,14.0,1017169.0,27.0,5.0
2020-04-07,45.0,4.0,7.0,5.0,21.0,1017989.0,30.0,3.0
2020-04-08,50.0,9.0,4.0,6.0,20.0,1016907.0,36.0,6.0
2020-04-09,58.0,8.0,7.0,7.0,25.0,1018153.0,43.0,7.0
2020-04-10,71.0,14.0,8.0,8.0,31.0,1017276.0,51.0,8.0
2020-04-11,79.0,20.0,15.0,9.0,40.0,1018201.0,66.0,15.0
2020-04-12,84.0,24.0,10.0,14.0,51.0,1018931.0,83.0,17.0
2020-04-13,105.0,27.0,14.0,14.0,61.0,1018836.0,102.0,19.0
2020-04-14,107.0,34.0,19.0,14.0,67.0,1018451.0,121.0,19.0
2020-04-15,134.0,28.0,25.0,24.0,73.0,1018081.0,144.0,23.0
2020-04-16,156.0,32.0,34.0,19.0,90.0,1019149.0,171.0,27.0
2020-04-17,171.0,35.0,31.0,16.0,99.0,1018353.0,195.0,24.0
2020-04-18,177.0,45.0,29.0,22.0,105.0,1020128.0,235.0,40.0
2020-04-19,227.0,52.0,36.0,33.0,129.0,1020570.0,272.0,37.0
2020-04-20,261.0,59.0,41.0,40.0,166.0,1021712.0,321.0,49.0
2020-04-21,301.0,71.0,63.0,28.0,194.0,1021133.0,371.0,50.0
2020-04-22,365.0,82.0,53.0,47.0,214.0,1020212.0,423.0,52.0
2020-04-23,424.0,107.0,61.0,69.0,246.0,1020066.0,496.0,73.0
2020-04-24,526.0,124.0,93.0,73.0,310.0,1019964.0,584.0,88.0
2020-04-25,627.0,140.0,107.0,89.0,356.0,1019648.0,689.0,105.0
2020-04-26,743.0,136.0,145.0,110.0,438.0,1019589.0,798.0,109.0
2020-04-27,866.0,183.0,131.0,138.0,520.0,1020702.0,938.0,140.0
2020-04-28,1028.0,227.0,169.0,160.0,578.0,1020561.0,1107.0,169.0
2020-04-29,1223.0,266.0,213.0,173.0,671.0,1019199.0,1312.0,205.0
2020-04-30,1414.0,317.0,250.0,207.0,784.0,1019343.0,1562.0,250.0
2020-05-01,1668.0,369.0,280.0,256.0,985.0,1019349.0,1862.0,300.0
2020-05-02,1953.0,407.0,341.0,274.0,1164.0,1018913.0,2184.0,322.0
2020-05-03,2274.0,477.0,380.0,324.0,1352.0,1018792.0,2582.0,398.0
2020-05-04,2706.0,536.0,466.0,372.0,1549.0,1017507.0,3011.0,429.0
2020-05-05,3165.0,701.0,557.0,471.0,1791.0,1016873.0,3574.0,563.0
2020-05-06,3720.0,782.0,665.0,533.0,2089.0,1014929.0,4194.0,620.0
2020-05-07,4305.0,965.0,718.0,584.0,2433.0,1014048.0,4926.0,732.0
2020-05-08,5034.0,1095.0,870.0,682.0,2846.0,1012982.0,5777.0,851.0
2020-05-09,5953.0,1252.0,1014.0,814.0,3326.0,1012588.0,6746.0,969.0
2020-05-10,6891.0,1529.0,1172.0,963.0,3902.0,1010524.0,7927.0,1181.0
2020-05-11,7946.0,1755.0,1457.0,1122.0,4642.0,1008548.0,9296.0,1369.0
2020-05-12,9279.0,1962.0,1650.0,1297.0,5445.0,1004346.0,10837.0,1541.0
2020-05-13,10848.0,2456.0,1884.0,1581.0,6239.0,1002834.0,12715.0,1878.0
2020-05-14,12705.0,2774.0,2241.0,1848.0,7320.0,997593.0,14827.0,2112.0
2020-05-15,14686.0,3262.0,2617.0,2048.0,8607.0,993733.0,17332.0,2505.0
2020-05-16,16876.0,3807.0,2987.0,2469.0,9971.0,989309.0,20203.0,2871.0
2020-05-17,19736.0,4362.0,3541.0,2878.0,11766.0,983369.0,23576.0,3373.0
2020-05-18,22959.0,5059.0,4093.0,3310.0,13722.0,976732.0,27480.0,3904.0
2020-05-19,26511.0,5819.0,4758.0,3855.0,16063.0,968409.0,31938.0,4458.0
2020-05-20,30961.0,6782.0,5639.0,4394.0,18639.0,957894.0,37227.0,5289.0
2020-05-21,35662.0,7811.0,6369.0,5190.0,21805.0,947375.0,43213.0,5986.0
2020-05-22,40987.0,9222.0,7315.0,6057.0,25616.0,935675.0,50343.0,7130.0
2020-05-23,46867.0,10507.0,8475.0,6929.0,29860.0,922645.0,58373.0,8030.0
2020-05-24,54020.0,12099.0,9878.0,8106.0,34285.0,907694.0,67611.0,9238.0
2020-05-25,61678.0,13896.0,11618.0,9241.0,40040.0,890026.0,78188.0,10577.0
2020-05-26,70119.0,15766.0,13143.0,10852.0,46384.0,869646.0,90349.0,12161.0
2020-05-27,79224.0,18164.0,14882.0,12529.0,53720.0,847350.0,104136.0,13787.0
2020-05-28,89164.0,20549.0,16876.0,14252.0,62015.0,822826.0,119687.0,15551.0
2020-05-29,99194.0,22977.0,19147.0,16011.0,71572.0,795486.0,137251.0,17564.0
2020-05-30,110926.0,25779.0,21918.0,18288.0,82882.0,767166.0,156769.0,19518.0
2020-05-31,122500.0,28614.0,24403.0,20741.0,95559.0,735026.0,178213.0,21444.0
2020-06-01,133668.0,32110.0,26835.0,23208.0,109546.0,701212.0,202013.0,23800.0
2020-06-02,144957.0,35183.0,30126.0,25690.0,125347.0,665174.0,228243.0,26230.0
2020-06-03,155903.0,38193.0,32905.0,28826.0,142525.0,627893.0,256364.0,28121.0
2020-06-04,166570.0,40652.0,36265.0,31640.0,161897.0,589556.0,286087.0,29723.0
2020-06-05,175672.0,43501.0,38843.0,34541.0,182908.0,550956.0,317631.0,31544.0
2020-06-06,182491.0,45847.0,41872.0,37229.0,206343.0,512425.0,350844.0,33213.0
2020-06-07,188530.0,48005.0,44415.0,40089.0,231583.0,473890.0,385210.0,34366.0
2020-06-08,192467.0,50097.0,46387.0,42482.0,258227.0,437153.0,420950.0,35740.0
2020-06-09,193386.0,51190.0,48443.0,44662.0,286146.0,402062.0,457374.0,36424.0
2020-06-10,193257.0,52334.0,50052.0,46773.0,316068.0,368680.0,493759.0,36385.0
2020-06-11,191709.0,52504.0,51053.0,48448.0,347072.0,336389.0,530104.0,36345.0
2020-06-12,187539.0,52363.0,51643.0,50021.0,378513.0,307102.0,565534.0,35430.0
2020-06-13,182484.0,51292.0,51632.0,50730.0,410680.0,279865.0,600389.0,34855.0
2020-06-14,174760.0,50193.0,50820.0,50945.0,443772.0,256440.0,633975.0,33586.0
2020-06-15,166606.0,48537.0,49734.0,50587.0,477392.0,234872.0,666221.0,32246.0
2020-06-16,157734.0,45869.0,48484.0,49768.0,508755.0,215420.0,696541.0,30320.0
2020-06-17,148297.0,43845.0,46907.0,48953.0,539647.0,197788.0,725668.0,29127.0
2020-06-18,138675.0,41628.0,44493.0,47351.0,570906.0,182644.0,752675.0,27007.0
2020-06-19,128354.0,38831.0,42406.0,45436.0,601371.0,169695.0,778033.0,25358.0
2020-06-20,118979.0,36456.0,40017.0,43150.0,630356.0,157877.0,801548.0,23515.0
2020-06-21,109616.0,33940.0,37486.0,41018.0,658287.0,147387.0,823261.0,21713.0
2020-06-22,100363.0,31445.0,35146.0,38847.0,683066.0,138752.0,843287.0,20026.0
2020-06-23,90955.0,28956.0,32715.0,36505.0,707943.0,130883.0,861663.0,18376.0
2020-06-24,82796.0,26526.0,30106.0,33876.0,730410.0,124163.0,878324.0,16661.0
2020-06-25,75273.0,23830.0,27336.0,31356.0,751206.0,118342.0,893045.0,14721.0
2020-06-26,68129.0,21735.0,25078.0,28749.0,770953.0,112778.0,906599.0,13554.0
2020-06-27,61420.0,19886.0,23061.0,26348.0,789343.0,108777.0,918910.0,12311.0
2020-06-28,55000.0,17909.0,21132.0,24212.0,805029.0,104729.0,930189.0,11279.0
2020-06-29,49868.0,16196.0,19202.0,22103.0,818200.0,101753.0,940192.0,10003.0
2020-06-30,44703.0,14692.0,16966.0,20439.0,831496.0,98879.0,949220.0,9028.0
2020-07-01,40083.0,13045.0,15511.0,18454.0,844551.0,95820.0,957286.0,8066.0
2020-07-02,35826.0,11906.0,14133.0,16779.0,856890.0,93464.0,964615.0,7329.0
2020-07-03,32356.0,10491.0,12578.0,15092.0,866840.0,91560.0,971005.0,6390.0
2020-07-04,28459.0,9353.0,11356.0,13470.0,874888.0,89963.0,976789.0,5784.0
2020-07-05,25552.0,8467.0,10017.0,12133.0,884104.0,88356.0,981873.0,5084.0
2020-07-06,22863.0,7600.0,9033.0,10771.0,891608.0,86846.0,986595.0,4722.0
