time,E,I1,I2,I3,R,S,cumI,diffI
2020-03-06,0.0,2.0,0.0,0.0,0.0,970324.0,0.0,0.0
2020-03-07,2.0,0.0,1.0,1.0,0.0,972127.0,0.0,0.0
2020-03-08,2.0,0.0,0.0,1.0,0.0,978402.0,0.0,0.0
2020-03-09,2.0,0.0,0.0,0.0,0.0,986389.0,0.0,0.0
2020-03-10,2.0,0.0,0.0,0.0,1.0,993145.0,0.0,0.0
2020-03-11,2.0,0.0,0.0,0.0,0.0,998204.0,0.0,0.0
2020-03-12,3.0,0.0,0.0,0.0,1.0,1002353.0,0.0,0.0
2020-03-13,1.0,1.0,0.0,0.0,1.0,1004368.0,1.0,1.0
2020-03-14,3.0,0.0,0.0,0.0,2.0,1006435.0,1.0,0.0
2020-03-15,1.0,3.0,0.0,1.0,2.0,1006241.0,4.0,3.0
2020-03-16,5.0,2.0,0.0,1.0,3.0,1008517.0,5.0,1.0
2020-03-17,3.0,2.0,2.0,1.0,2.0,1009506.0,8.0,3.0
2020-03-18,4.0,1.0,2.0,1.0,3.0,1010230.0,8.0,0.0
2020-03-19,4.0,3.0,0.0,1.0,2.0,1010741.0,8.0,0.0
2020-03-20,3.0,2.0,2.0,0.0,2.0,1010635.0,9.0,1.0
2020-03-21,5.0,4.0,0.0,1.0,1.0,1011575.0,11.0,2.0
2020-03-22,7.0,1.0,0.0,0.0,4.0,1011894.0,11.0,0.0
2020-03-23,7.0,0.0,0.0,0.0,4.0,1013734.0,11.0,0.0
2020-03-24,6.0,0.0,0.0,0.0,9.0,1013442.0,11.0,0.0
2020-03-25,4.0,1.0,1.0,0.0,10.0,1012598.0,14.0,3.0
2020-03-26,6.0,2.0,1.0,0.0,10.0,1014469.0,15.0,1.0
2020-03-27,10.0,2.0,0.0,1.0,7.0,1015219.0,16.0,1.0
2020-03-28,13.0,3.0,1.0,1.0,4.0,1016671.0,18.0,2.0
2020-03-29,17.0,3.0,1.0,0.0,9.0,1014783.0,21.0,3.0
2020-03-30,18.0,3.0,2.0,2.0,8.0,1014739.0,23.0,2.0
2020-03-31,19.0,8.0,2.0,1.0,15.0,1015747.0,27.0,4.0
2020-04-01,24.0,8.0,4.0,3.0,18.0,1015750.0,32.0,5.0
2020-04-02,33.0,12.0,4.0,5.0,14.0,1015754.0,38.0,6.0
2020-04-03,35.0,14.0,5.0,8.0,21.0,1016830.0,45.0,7.0
2020-04-04,53.0,8.0,11.0,8.0,21.0,1016502.0,50.0,5.0
2020-04-05,68.0,11.0,15.0,8.0,32.0,1017069.0,57.0,7.0
2020-04-06,70.0,13.0,11.0,10.0,35.0,1015409.0,66.0,9.0
2020-04-07,68.0,17.0,12.0,7.0,35.0,1016731.0,82.0,16.0
2020-04-08,81.0,15.0,12.0,11.0,46.0,1017706.0,94.0,12.0
2020-04-09,94.0,20.0,15.0,12.0,56.0,1018903.0,108.0,14.0
2020-04-10,116.0,23.0,22.0,11.0,68.0,1019489.0,126.0,18.0
2020-04-11,123.0,32.0,27.0,13.0,67.0,1018597.0,159.0,33.0
2020-04-12,151.0,34.0,32.0,18.0,80.0,1017156.0,189.0,30.0
2020-04-13,179.0,45.0,38.0,34.0,91.0,1017439.0,223.0,34.0
2020-04-14,223.0,59.0,42.0,34.0,107.0,1016974.0,258.0,35.0
2020-04-15,258.0,65.0,48.0,33.0,134.0,1017402.0,301.0,43.0
2020-04-16,304.0,67.0,45.0,54.0,155.0,1017656.0,357.0,56.0
2020-04-17,339.0,66.0,55.0,57.0,187.0,1017433.0,406.0,49.0
2020-04-18,360.0,91.0,53.0,49.0,222.0,1018127.0,468.0,62.0
2020-04-19,424.0,97.0,73.0,61.0,270.0,1018484.0,540.0,72.0
2020-04-20,509.0,123.0,81.0,71.0,312.0,1017937.0,631.0,91.0
2020-04-21,590.0,116.0,93.0,89.0,347.0,1019843.0,713.0,82.0
2020-04-22,624.0,144.0,108.0,98.0,423.0,1019263.0,830.0,117.0
2020-04-23,779.0,173.0,150.0,98.0,512.0,1019158.0,967.0,137.0
2020-04-24,944.0,205.0,170.0,136.0,563.0,1019142.0,1123.0,156.0
2020-04-25,1110.0,233.0,213.0,156.0,685.0,1018701.0,1311.0,188.0
2020-04-26,1259.0,278.0,230.0,183.0,771.0,1019148.0,1521.0,210.0
2020-04-27,1505.0,311.0,254.0,225.0,936.0,1018509.0,1754.0,233.0
2020-04-28,1721.0,360.0,311.0,250.0,1036.0,1019463.0,2039.0,285.0
2020-04-29,2130.0,449.0,375.0,274.0,1161.0,1019253.0,2409.0,370.0
2020-04-30,2472.0,554.0,382.0,374.0,1357.0,1017683.0,2827.0,418.0
2020-05-01,2810.0,653.0,484.0,382.0,1649.0,1018501.0,3306.0,479.0
2020-05-02,3346.0,725.0,618.0,442.0,2000.0,1019214.0,3894.0,588.0
2020-05-03,3956.0,833.0,716.0,569.0,2264.0,1017621.0,4580.0,686.0
2020-05-04,4566.0,1005.0,805.0,699.0,2618.0,1014231.0,5375.0,795.0
2020-05-05,5320.0,1200.0,908.0,824.0,2975.0,1011643.0,6309.0,934.0
2020-05-06,6257.0,1332.0,1078.0,898.0,3475.0,1010068.0,7328.0,1019.0
2020-05-07,7255.0,1668.0,1312.0,1049.0,4073.0,1008325.0,8643.0,1315.0
2020-05-08,8661.0,1928.0,1536.0,1256.0,4831.0,1004312.0,10137.0,1494.0
2020-05-09,9988.0,2222.0,1812.0,1410.0,5722.0,1001151.0,11840.0,1703.0
2020-05-10,11741.0,2641.0,2047.0,1632.0,6780.0,998588.0,13883.0,2043.0
2020-05-11,13633.0,3114.0,2359.0,1951.0,7896.0,994268.0,16303.0,2420.0
2020-05-12,15973.0,3544.0,2820.0,2267.0,9271.0,989920.0,18978.0,2675.0
2020-05-13,18430.0,4093.0,3335.0,2618.0,10879.0,984139.0,22079.0,3101.0
2020-05-14,21522.0,4743.0,3850.0,3084.0,12635.0,978348.0,25715.0,3636.0
2020-05-15,25070.0,5530.0,4498.0,3606.0,14814.0,971226.0,29933.0,4218.0
2020-05-16,28790.0,6447.0,5217.0,4205.0,17220.0,962445.0,34907.0,4974.0
2020-05-17,33145.0,7206.0,6008.0,4860.0,19966.0,951632.0,40448.0,5541.0
2020-05-18,38240.0,8561.0,6943.0,5589.0,23257.0,941462.0,47117.0,6669.0
2020-05-19,44116.0,9754.0,8004.0,6463.0,27174.0,927790.0,54592.0,7475.0
2020-05-20,50638.0,11103.0,9223.0,7574.0,31750.0,913782.0,63114.0,8522.0
2020-05-21,57712.0,13025.0,10665.0,8777.0,37076.0,896953.0,73134.0,10020.0
2020-05-22,65789.0,15013.0,12315.0,10002.0,43089.0,877565.0,84681.0,11547.0
2020-05-23,74554.0,17018.0,14281.0,11565.0,49916.0,855944.0,97576.0,12895.0
2020-05-24,84164.0,19323.0,16143.0,13281.0,57602.0,833543.0,112264.0,14688.0
2020-05-25,94709.0,21831.0,18281.0,15159.0,67072.0,808672.0,128774.0,16510.0
2020-05-26,105890.0,24730.0,20386.0,17337.0,77484.0,780055.0,147247.0,18473.0
2020-05-27,117166.0,27836.0,23170.0,19641.0,89341.0,747865.0,168270.0,21023.0
2020-05-28,129049.0,30669.0,25744.0,22182.0,102436.0,714943.0,191000.0,22730.0
2020-05-29,140386.0,33607.0,28990.0,24552.0,117241.0,680132.0,216035.0,25035.0
2020-05-30,151880.0,36401.0,32079.0,27582.0,133992.0,644340.0,243019.0,26984.0
2020-05-31,162437.0,39513.0,34640.0,30189.0,152415.0,606604.0,271996.0,28977.0
2020-06-01,171795.0,42627.0,37732.0,33357.0,172878.0,567826.0,303278.0,31282.0
2020-06-02,180045.0,45711.0,40406.0,36367.0,195487.0,528672.0,336194.0,32916.0
2020-06-03,186831.0,48212.0,43363.0,39180.0,220110.0,489963.0,370687.0,34493.0
2020-06-04,191630.0,49891.0,45748.0,41842.0,246356.0,451632.0,406120.0,35433.0
2020-06-05,194730.0,51316.0,47849.0,44434.0,274786.0,415185.0,442241.0,36121.0
2020-06-06,195081.0,52635.0,49788.0,46475.0,305116.0,380193.0,479122.0,36881.0
2020-06-07,193665.0,52428.0,51310.0,47820.0,334961.0,347169.0,515589.0,36467.0
2020-06-08,190213.0,52558.0,51724.0,49888.0,365725.0,316002.0,551686.0,36097.0
2020-06-09,185157.0,51903.0,51769.0,50536.0,397966.0,288468.0,587087.0,35401.0
2020-06-10,178885.0,50814.0,51373.0,51141.0,432099.0,263273.0,621229.0,34142.0
2020-06-11,171439.0,49406.0,50247.0,50972.0,464604.0,239901.0,654294.0,33065.0
2020-06-12,162419.0,47562.0,49276.0,50181.0,497491.0,219987.0,685665.0,31371.0
2020-06-13,152499.0,45451.0,47881.0,49278.0,529547.0,202394.0,715244.0,29579.0
2020-06-14,142826.0,42596.0,46158.0,47959.0,562544.0,186160.0,743360.0,28116.0
2020-06-15,132273.0,40092.0,43661.0,46416.0,592542.0,171768.0,769210.0,25850.0
2020-06-16,122035.0,37419.0,41164.0,44191.0,623057.0,159794.0,793495.0,24285.0
2020-06-17,112971.0,34870.0,38407.0,41984.0,651822.0,149268.0,815866.0,22371.0
2020-06-18,102884.0,32050.0,35603.0,39625.0,677463.0,139345.0,836197.0,20331.0
2020-06-19,94104.0,29457.0,33176.0,37130.0,702717.0,130839.0,854771.0,18574.0
2020-06-20,85567.0,27217.0,30762.0,34738.0,726960.0,123565.0,871667.0,16896.0
2020-06-21,77365.0,24489.0,28501.0,31878.0,749474.0,117686.0,887117.0,15450.0
2020-06-22,69935.0,22401.0,25831.0,29612.0,768885.0,112604.0,901136.0,14019.0
2020-06-23,62683.0,20266.0,23612.0,26911.0,787431.0,108094.0,913869.0,12733.0
2020-06-24,56043.0,18537.0,21277.0,24833.0,804315.0,104356.0,925358.0,11489.0
2020-06-25,50425.0,16521.0,19333.0,22757.0,818894.0,100797.0,935437.0,10079.0
2020-06-26,45091.0,14803.0,17406.0,20693.0,833653.0,97151.0,944532.0,9095.0
2020-06-27,40881.0,13279.0,15713.0,18702.0,845898.0,94400.0,952785.0,8253.0
2020-06-28,36344.0,11858.0,14096.0,16940.0,857781.0,92002.0,960203.0,7418.0
2020-06-29,32342.0,10515.0,12657.0,15097.0,868372.0,90468.0,966717.0,6514.0
2020-06-30,28873.0,9409.0,11331.0,13721.0,877428.0,88276.0,972499.0,5782.0
2020-07-01,25706.0,8373.0,10234.0,12223.0,885440.0,86674.0,977673.0,5174.0
2020-07-02,22917.0,7590.0,9119.0,11026.0,891738.0,85471.0,982231.0,4558.0
2020-07-03,20411.0,6708.0,8097.0,9737.0,899219.0,84391.0,986292.0,4061.0
2020-07-04,18057.0,5887.0,7249.0,8687.0,906479.0,83377.0,989906.0,3614.0
2020-07-05,16064.0,5436.0,6483.0,7651.0,910410.0,82334.0,993188.0,3282.0
2020-07-06,14302.0,4900.0,5798.0,7025.0,914499.0,81481.0,996092.0,2904.0
