time,E,I1,I2,I3,R,S,cumI,diffI
2020-03-06,1.0,3.0,0.0,0.0,0.0,970168.0,0.0,0.0
2020-03-07,4.0,1.0,2.0,0.0,0.0,973003.0,1.0,1.0
2020-03-08,3.0,0.0,2.0,1.0,0.0,979132.0,1.0,0.0
2020-03-09,4.0,1.0,1.0,1.0,0.0,986281.0,2.0,1.0
2020-03-10,3.0,1.0,1.0,1.0,1.0,992931.0,2.0,0.0
2020-03-11,2.0,2.0,0.0,0.0,3.0,997993.0,3.0,1.0
2020-03-12,0.0,0.0,1.0,0.0,3.0,1002656.0,3.0,0.0
2020-03-13,0.0,0.0,0.0,0.0,3.0,1004270.0,3.0,0.0
2020-03-14,2.0,0.0,1.0,0.0,3.0,1006860.0,3.0,0.0
2020-03-15,1.0,0.0,0.0,0.0,5.0,1008194.0,3.0,0.0
2020-03-16,0.0,0.0,1.0,0.0,5.0,1009552.0,3.0,0.0
2020-03-17,0.0,0.0,1.0,0.0,2.0,1010114.0,3.0,0.0
2020-03-18,1.0,0.0,2.0,1.0,2.0,1011657.0,3.0,0.0
2020-03-19,3.0,0.0,1.0,1.0,0.0,1013306.0,3.0,0.0
2020-03-20,5.0,0.0,1.0,0.0,2.0,1013752.0,3.0,0.0
2020-03-21,7.0,3.0,0.0,1.0,2.0,1013965.0,6.0,3.0
2020-03-22,7.0,6.0,4.0,1.0,4.0,1013908.0,11.0,5.0
2020-03-23,11.0,3.0,5.0,2.0,4.0,1013464.0,13.0,2.0
2020-03-24,10.0,3.0,1.0,8.0,6.0,1013465.0,16.0,3.0
2020-03-25,20.0,3.0,3.0,2.0,9.0,1014793.0,19.0,3.0
2020-03-26,21.0,7.0,4.0,2.0,9.0,1014893.0,24.0,5.0
2020-03-27,24.0,4.0,6.0,4.0,15.0,1014884.0,27.0,3.0
2020-03-28,32.0,10.0,3.0,8.0,16.0,1015715.0,35.0,8.0
2020-03-29,35.0,9.0,5.0,3.0,20.0,1015652.0,42.0,7.0
2020-03-30,39.0,6.0,8.0,3.0,22.0,1016036.0,49.0,7.0
2020-03-31,46.0,7.0,7.0,6.0,21.0,1017956.0,54.0,5.0
2020-04-01,46.0,12.0,5.0,7.0,25.0,1017506.0,61.0,7.0
2020-04-02,61.0,12.0,11.0,11.0,28.0,1019024.0,69.0,8.0
2020-04-03,56.0,12.0,14.0,12.0,29.0,1017807.0,82.0,13.0
2020-04-04,68.0,15.0,12.0,8.0,37.0,1019150.0,97.0,15.0
2020-04-05,82.0,23.0,9.0,12.0,46.0,1019134.0,115.0,18.0
2020-04-06,103.0,25.0,11.0,14.0,53.0,1018412.0,129.0,14.0
2020-04-07,113.0,21.0,20.0,10.0,70.0,1018698.0,144.0,15.0
2020-04-08,129.0,28.0,23.0,16.0,73.0,1018865.0,167.0,23.0
2020-04-09,150.0,27.0,23.0,27.0,69.0,1018905.0,190.0,23.0
2020-04-10,169.0,39.0,25.0,37.0,84.0,1019803.0,225.0,35.0
2020-04-11,200.0,61.0,35.0,31.0,109.0,1020292.0,277.0,52.0
2020-04-12,250.0,56.0,49.0,33.0,120.0,1019947.0,324.0,47.0
2020-04-13,296.0,72.0,62.0,47.0,146.0,1019393.0,385.0,61.0
2020-04-14,341.0,59.0,54.0,50.0,158.0,1019923.0,426.0,41.0
2020-04-15,357.0,70.0,59.0,55.0,191.0,1019311.0,484.0,58.0
2020-04-16,382.0,82.0,73.0,58.0,223.0,1019667.0,549.0,65.0
2020-04-17,450.0,106.0,72.0,66.0,275.0,1019791.0,626.0,77.0
2020-04-18,526.0,137.0,95.0,74.0,333.0,1020179.0,725.0,99.0
2020-04-19,623.0,146.0,113.0,101.0,384.0,1018965.0,843.0,118.0
2020-04-20,717.0,161.0,133.0,97.0,453.0,1018737.0,955.0,112.0
2020-04-21,868.0,184.0,159.0,131.0,512.0,1017732.0,1100.0,145.0
2020-04-22,1023.0,212.0,173.0,156.0,612.0,1017268.0,1254.0,154.0
2020-04-23,1188.0,241.0,189.0,182.0,704.0,1017843.0,1444.0,190.0
2020-04-24,1409.0,294.0,224.0,194.0,792.0,1017515.0,1671.0,227.0
2020-04-25,1658.0,395.0,270.0,232.0,943.0,1018438.0,1978.0,307.0
2020-04-26,1914.0,435.0,387.0,260.0,1109.0,1017912.0,2320.0,342.0
2020-04-27,2304.0,507.0,403.0,349.0,1300.0,1018013.0,2699.0,379.0
2020-04-28,2678.0,583.0,457.0,396.0,1550.0,1016329.0,3160.0,461.0
2020-04-29,3030.0,688.0,511.0,459.0,1828.0,1016038.0,3692.0,532.0
2020-04-30,3582.0,802.0,636.0,504.0,2093.0,1014629.0,4288.0,596.0
2020-05-01,4271.0,929.0,765.0,606.0,2419.0,1013781.0,5017.0,729.0
2020-05-02,4982.0,1019.0,873.0,747.0,2812.0,1012842.0,5841.0,824.0
2020-05-03,5856.0,1244.0,981.0,812.0,3343.0,1011230.0,6811.0,970.0
2020-05-04,6826.0,1469.0,1202.0,964.0,3934.0,1008225.0,7952.0,1141.0
2020-05-05,7890.0,1706.0,1370.0,1141.0,4548.0,1006510.0,9277.0,1325.0
2020-05-06,9162.0,2019.0,1568.0,1271.0,5318.0,1002957.0,10848.0,1571.0
2020-05-07,10615.0,2390.0,1803.0,1465.0,6165.0,999631.0,12675.0,1827.0
2020-05-08,12334.0,2688.0,2108.0,1692.0,7251.0,996728.0,14759.0,2084.0
2020-05-09,14314.0,3186.0,2496.0,2043.0,8347.0,992410.0,17240.0,2481.0
2020-05-10,16521.0,3691.0,3014.0,2326.0,9701.0,987456.0,20078.0,2838.0
2020-05-11,19095.0,4199.0,3387.0,2764.0,11371.0,981048.0,23313.0,3235.0
2020-05-12,22230.0,4861.0,3963.0,3105.0,13208.0,974695.0,27060.0,3747.0
2020-05-13,25590.0,5702.0,4667.0,3588.0,15441.0,967297.0,31480.0,4420.0
2020-05-14,29467.0,6708.0,5271.0,4318.0,18019.0,959926.0,36619.0,5139.0
2020-05-15,34143.0,7534.0,6168.0,4952.0,21067.0,951022.0,42361.0,5742.0
2020-05-16,39403.0,8744.0,7014.0,5819.0,24587.0,939609.0,48962.0,6601.0
2020-05-17,45570.0,10078.0,8194.0,6584.0,28390.0,927611.0,56657.0,7695.0
2020-05-18,51973.0,11559.0,9492.0,7620.0,32879.0,912236.0,65507.0,8850.0
2020-05-19,59399.0,13537.0,10877.0,8930.0,37976.0,895163.0,75857.0,10350.0
2020-05-20,67023.0,15265.0,12556.0,10320.0,44199.0,875606.0,87458.0,11601.0
2020-05-21,76267.0,17361.0,14275.0,11768.0,51474.0,853690.0,100489.0,13031.0
2020-05-22,85771.0,19303.0,16345.0,13562.0,58928.0,830554.0,115279.0,14790.0
2020-05-23,95315.0,22143.0,18377.0,15252.0,68144.0,804809.0,132017.0,16738.0
2020-05-24,106775.0,24782.0,20914.0,17509.0,78531.0,776502.0,150643.0,18626.0
2020-05-25,117988.0,27498.0,23428.0,19867.0,90457.0,746065.0,171277.0,20634.0
2020-05-26,129997.0,30942.0,26055.0,22232.0,104266.0,712589.0,194355.0,23078.0
2020-05-27,140811.0,34079.0,29067.0,24834.0,118964.0,677832.0,219443.0,25088.0
2020-05-28,151802.0,36942.0,31939.0,27612.0,135845.0,641504.0,246898.0,27455.0
2020-05-29,162145.0,39531.0,34758.0,30389.0,154445.0,603519.0,275897.0,28999.0
2020-05-30,172035.0,42571.0,37315.0,32928.0,174996.0,565036.0,306865.0,30968.0
2020-05-31,179627.0,45254.0,40545.0,35992.0,196424.0,526267.0,339682.0,32817.0
2020-06-01,186134.0,47728.0,42946.0,38968.0,220338.0,489234.0,373880.0,34198.0
2020-06-02,190688.0,49726.0,45671.0,41513.0,246282.0,452464.0,409161.0,35281.0
2020-06-03,193642.0,51224.0,47816.0,44172.0,273225.0,415847.0,445344.0,36183.0
2020-06-04,194021.0,52249.0,49900.0,46319.0,302354.0,382202.0,481921.0,36577.0
2020-06-05,193333.0,52538.0,50700.0,47988.0,332564.0,349316.0,518249.0,36328.0
2020-06-06,190357.0,52405.0,51451.0,49451.0,363601.0,319092.0,554242.0,35993.0
2020-06-07,184658.0,51940.0,51763.0,50431.0,395912.0,292232.0,589858.0,35616.0
2020-06-08,178133.0,50613.0,51323.0,50722.0,427742.0,267262.0,624064.0,34206.0
2020-06-09,170487.0,49019.0,50520.0,50898.0,460317.0,244292.0,656772.0,32708.0
2020-06-10,161773.0,47430.0,48802.0,50643.0,492334.0,223817.0,688286.0,31514.0
2020-06-11,152916.0,45151.0,47903.0,49198.0,524008.0,206286.0,718073.0,29787.0
2020-06-12,143127.0,42923.0,45991.0,48013.0,554911.0,190616.0,746053.0,27980.0
2020-06-13,133354.0,40475.0,43688.0,46268.0,585529.0,176554.0,772385.0,26332.0
2020-06-14,123646.0,37648.0,41265.0,44580.0,614739.0,164314.0,796757.0,24372.0
2020-06-15,113663.0,35271.0,38879.0,42197.0,642477.0,153413.0,819411.0,22654.0
2020-06-16,104823.0,32707.0,36664.0,39783.0,669180.0,143758.0,840300.0,20889.0
2020-06-17,95976.0,29963.0,33987.0,37556.0,693063.0,135804.0,859207.0,18907.0
2020-06-18,87564.0,27728.0,31816.0,35163.0,716747.0,128362.0,876773.0,17566.0
2020-06-19,79476.0,25297.0,29023.0,32504.0,738428.0,122427.0,892672.0,15899.0
2020-06-20,72540.0,23117.0,26641.0,30233.0,759354.0,116878.0,906953.0,14281.0
2020-06-21,65444.0,21106.0,24225.0,27941.0,778019.0,111933.0,920018.0,13065.0
2020-06-22,59354.0,19094.0,21999.0,25559.0,795009.0,107678.0,931743.0,11725.0
2020-06-23,53335.0,17393.0,20213.0,23276.0,810535.0,103628.0,942631.0,10888.0
2020-06-24,48162.0,15734.0,18363.0,21235.0,824243.0,100383.0,952300.0,9669.0
2020-06-25,43196.0,14045.0,16640.0,19189.0,836267.0,97675.0,960897.0,8597.0
2020-06-26,38822.0,12854.0,14786.0,17447.0,847799.0,95189.0,968748.0,7851.0
2020-06-27,34581.0,11560.0,13514.0,15854.0,859421.0,92989.0,975849.0,7101.0
2020-06-28,30936.0,10191.0,12434.0,14327.0,868109.0,91299.0,981996.0,6147.0
2020-06-29,27653.0,9094.0,10969.0,13144.0,877048.0,89734.0,987513.0,5517.0
2020-06-30,24711.0,8114.0,9800.0,12038.0,885653.0,88216.0,992418.0,4905.0
2020-07-01,22003.0,7289.0,8810.0,10655.0,892491.0,87066.0,996830.0,4412.0
2020-07-02,19723.0,6480.0,7904.0,9337.0,897374.0,85805.0,1000724.0,3894.0
2020-07-03,17521.0,5864.0,7044.0,8427.0,903585.0,84764.0,1004292.0,3568.0
2020-07-04,15770.0,5320.0,6304.0,7587.0,908555.0,84054.0,1007537.0,3245.0
2020-07-05,14163.0,4690.0,5625.0,6801.0,913837.0,83193.0,1010315.0,2778.0
2020-07-06,12691.0,4213.0,4983.0,6148.0,917146.0,82504.0,1012808.0,2493.0
