time,E,I1,I2,I3,R,S,cumI,diffI
2020-03-06,0.0,2.0,1.0,0.0,0.0,970331.0,0.0,0.0
2020-03-07,2.0,1.0,1.0,0.0,1.0,972726.0,0.0,0.0
2020-03-08,1.0,1.0,0.0,0.0,1.0,981260.0,0.0,0.0
2020-03-09,1.0,0.0,1.0,0.0,0.0,987073.0,0.0,0.0
2020-03-10,0.0,1.0,0.0,0.0,0.0,992730.0,1.0,1.0
2020-03-11,1.0,1.0,0.0,0.0,0.0,997225.0,1.0,0.0
2020-03-12,2.0,1.0,1.0,0.0,1.0,1001378.0,2.0,1.0
2020-03-13,3.0,1.0,0.0,0.0,1.0,1003592.0,2.0,0.0
2020-03-14,1.0,1.0,0.0,0.0,0.0,1005359.0,2.0,0.0
2020-03-15,1.0,1.0,1.0,0.0,0.0,1007313.0,2.0,0.0
2020-03-16,0.0,1.0,1.0,0.0,1.0,1008440.0,3.0,1.0
2020-03-17,2.0,1.0,0.0,0.0,0.0,1009201.0,4.0,1.0
2020-03-18,3.0,1.0,0.0,0.0,0.0,1010490.0,4.0,0.0
2020-03-19,2.0,1.0,0.0,1.0,0.0,1011207.0,5.0,1.0
2020-03-20,6.0,0.0,2.0,1.0,1.0,1012406.0,5.0,0.0
2020-03-21,7.0,1.0,0.0,2.0,1.0,1013280.0,6.0,1.0
2020-03-22,5.0,2.0,0.0,1.0,2.0,1014632.0,7.0,1.0
2020-03-23,4.0,1.0,0.0,1.0,1.0,1014966.0,8.0,1.0
2020-03-24,4.0,0.0,1.0,1.0,3.0,1014706.0,8.0,0.0
2020-03-25,5.0,1.0,1.0,0.0,4.0,1015020.0,9.0,1.0
2020-03-26,4.0,2.0,2.0,1.0,4.0,1016194.0,10.0,1.0
2020-03-27,10.0,1.0,2.0,0.0,3.0,1015103.0,11.0,1.0
2020-03-28,12.0,2.0,0.0,2.0,3.0,1014220.0,12.0,1.0
2020-03-29,10.0,3.0,3.0,1.0,4.0,1014450.0,14.0,2.0
2020-03-30,17.0,1.0,3.0,4.0,6.0,1016748.0,17.0,3.0
2020-03-31,11.0,1.0,4.0,1.0,8.0,1017209.0,20.0,3.0
2020-04-01,17.0,1.0,5.0,6.0,6.0,1017952.0,24.0,4.0
2020-04-02,23.0,3.0,9.0,5.0,12.0,1018346.0,28.0,4.0
2020-04-03,33.0,4.0,4.0,4.0,14.0,1016566.0,32.0,4.0
2020-04-04,32.0,5.0,6.0,3.0,21.0,1016044.0,38.0,6.0
2020-04-05,49.0,8.0,8.0,4.0,22.0,1015464.0,42.0,4.0
2020-04-06,52.0,12.0,8.0,8.0,26.0,1016175.0,51.0,9.0
2020-04-07,51.0,13.0,8.0,8.0,33.0,1017797.0,64.0,13.0
2020-04-08,55.0,23.0,10.0,9.0,33.0,1017978.0,81.0,17.0
2020-04-09,74.0,16.0,13.0,7.0,36.0,1017888.0,92.0,11.0
2020-04-10,85.0,17.0,15.0,8.0,37.0,1018050.0,104.0,12.0
2020-04-11,97.0,20.0,12.0,9.0,50.0,1018782.0,121.0,17.0
2020-04-12,104.0,22.0,15.0,9.0,60.0,1017348.0,137.0,16.0
2020-04-13,131.0,31.0,16.0,13.0,73.0,1017620.0,161.0,24.0
2020-04-14,131.0,31.0,25.0,17.0,87.0,1017509.0,193.0,32.0
2020-04-15,147.0,35.0,26.0,19.0,97.0,1017615.0,218.0,25.0
2020-04-16,174.0,41.0,38.0,26.0,117.0,1018326.0,251.0,33.0
2020-04-17,224.0,39.0,37.0,30.0,125.0,1019117.0,278.0,27.0
2020-04-18,274.0,46.0,43.0,27.0,133.0,1018888.0,322.0,44.0
2020-04-19,301.0,63.0,55.0,40.0,155.0,1019298.0,376.0,54.0
2020-04-20,351.0,82.0,62.0,51.0,181.0,1019765.0,439.0,63.0
2020-04-21,428.0,95.0,96.0,64.0,225.0,1019720.0,529.0,90.0
2020-04-22,515.0,119.0,81.0,69.0,257.0,1019285.0,605.0,76.0
2020-04-23,597.0,137.0,115.0,80.0,307.0,1019887.0,707.0,102.0
2020-04-24,722.0,151.0,121.0,103.0,347.0,1020032.0,816.0,109.0
2020-04-25,842.0,186.0,134.0,116.0,436.0,1019325.0,949.0,133.0
2020-04-26,962.0,194.0,153.0,131.0,536.0,1018335.0,1101.0,152.0
2020-04-27,1101.0,239.0,184.0,131.0,613.0,1017438.0,1287.0,186.0
2020-04-28,1247.0,259.0,205.0,183.0,728.0,1018160.0,1481.0,194.0
2020-04-29,1414.0,318.0,226.0,195.0,833.0,1017146.0,1730.0,249.0
2020-04-30,1606.0,379.0,281.0,237.0,954.0,1017637.0,2032.0,302.0
2020-05-01,1963.0,414.0,341.0,264.0,1103.0,1016622.0,2336.0,304.0
2020-05-02,2327.0,493.0,381.0,305.0,1318.0,1016315.0,2713.0,377.0
2020-05-03,2752.0,580.0,436.0,369.0,1512.0,1015085.0,3124.0,411.0
2020-05-04,3203.0,681.0,554.0,414.0,1752.0,1014788.0,3665.0,541.0
2020-05-05,3639.0,811.0,680.0,506.0,2032.0,1013869.0,4309.0,644.0
2020-05-06,4402.0,959.0,731.0,613.0,2406.0,1011757.0,4998.0,689.0
2020-05-07,5080.0,1109.0,867.0,690.0,2778.0,1009926.0,5856.0,858.0
2020-05-08,5838.0,1315.0,986.0,777.0,3274.0,1009451.0,6842.0,986.0
2020-05-09,6728.0,1499.0,1212.0,901.0,3939.0,1008097.0,8053.0,1211.0
2020-05-10,7866.0,1766.0,1393.0,1105.0,4667.0,1006092.0,9402.0,1349.0
2020-05-11,9174.0,2099.0,1624.0,1297.0,5477.0,1004880.0,10996.0,1594.0
2020-05-12,10667.0,2484.0,1914.0,1543.0,6278.0,1002237.0,12942.0,1946.0
2020-05-13,12481.0,2813.0,2249.0,1817.0,7300.0,997021.0,15078.0,2136.0
2020-05-14,14537.0,3299.0,2481.0,2104.0,8626.0,992721.0,17557.0,2479.0
2020-05-15,17047.0,3769.0,3129.0,2346.0,9918.0,987882.0,20470.0,2913.0
2020-05-16,19699.0,4468.0,3539.0,2861.0,11599.0,981889.0,23896.0,3426.0
2020-05-17,22931.0,5167.0,4044.0,3352.0,13587.0,974347.0,27868.0,3972.0
2020-05-18,26535.0,5926.0,4753.0,3889.0,15629.0,965858.0,32362.0,4494.0
2020-05-19,30796.0,6747.0,5526.0,4421.0,18432.0,957506.0,37555.0,5193.0
2020-05-20,35416.0,7954.0,6226.0,5240.0,21526.0,947126.0,43672.0,6117.0
2020-05-21,40507.0,9088.0,7422.0,6097.0,24952.0,934930.0,50585.0,6913.0
2020-05-22,46533.0,10524.0,8493.0,6969.0,29252.0,922543.0,58471.0,7886.0
2020-05-23,53284.0,12081.0,9720.0,7830.0,33966.0,906733.0,67643.0,9172.0
2020-05-24,60440.0,13656.0,11213.0,9225.0,39282.0,890106.0,78203.0,10560.0
2020-05-25,69063.0,15667.0,12841.0,10550.0,45662.0,870672.0,90103.0,11900.0
2020-05-26,77643.0,17911.0,14752.0,12016.0,52803.0,849277.0,103616.0,13513.0
2020-05-27,87551.0,19703.0,16648.0,13928.0,61335.0,826767.0,118598.0,14982.0
2020-05-28,97754.0,22545.0,18677.0,15933.0,70726.0,800432.0,135664.0,17066.0
2020-05-29,109111.0,25303.0,21237.0,17793.0,81304.0,772270.0,154728.0,19064.0
2020-05-30,120591.0,28116.0,23939.0,20273.0,93482.0,741274.0,175924.0,21196.0
2020-05-31,131490.0,31005.0,26787.0,22649.0,107040.0,708240.0,199047.0,23123.0
2020-06-01,142776.0,33849.0,29677.0,25200.0,122348.0,672242.0,224218.0,25171.0
2020-06-02,153597.0,37316.0,32749.0,27939.0,138782.0,635691.0,251883.0,27665.0
2020-06-03,163667.0,40325.0,35716.0,30840.0,157457.0,598845.0,281184.0,29301.0
2020-06-04,172726.0,43213.0,38446.0,33948.0,178704.0,560303.0,312507.0,31323.0
2020-06-05,180387.0,46028.0,41058.0,36812.0,201129.0,521212.0,345549.0,33042.0
2020-06-06,187282.0,47974.0,44038.0,39824.0,226049.0,481926.0,380002.0,34453.0
2020-06-07,192221.0,49734.0,46084.0,42171.0,252365.0,444846.0,415331.0,35329.0
2020-06-08,194008.0,51025.0,48504.0,44471.0,279804.0,408919.0,451717.0,36386.0
2020-06-09,194720.0,51868.0,50161.0,46921.0,309368.0,375414.0,488405.0,36688.0
2020-06-10,192688.0,52659.0,50775.0,48687.0,340049.0,343691.0,524779.0,36374.0
2020-06-11,188354.0,52554.0,51585.0,49625.0,370871.0,313354.0,560984.0,36205.0
2020-06-12,183339.0,51708.0,51642.0,50749.0,402311.0,286509.0,596086.0,35102.0
2020-06-13,177172.0,50338.0,50888.0,50826.0,435786.0,262116.0,629837.0,33751.0
2020-06-14,168979.0,48983.0,49998.0,50693.0,468303.0,239640.0,662643.0,32806.0
2020-06-15,160372.0,46788.0,49164.0,49756.0,500663.0,220200.0,693686.0,31043.0
2020-06-16,150486.0,44989.0,47405.0,49158.0,533520.0,203131.0,723458.0,29772.0
2020-06-17,141115.0,42242.0,45732.0,47854.0,564411.0,188095.0,751083.0,27625.0
2020-06-18,131094.0,39814.0,42983.0,46432.0,594002.0,175218.0,776812.0,25729.0
2020-06-19,121154.0,37484.0,40760.0,43971.0,622272.0,162903.0,800824.0,24012.0
2020-06-20,112301.0,34792.0,38544.0,41686.0,650054.0,152109.0,822808.0,21984.0
2020-06-21,103120.0,32155.0,36205.0,39659.0,675790.0,142039.0,843426.0,20618.0
2020-06-22,94091.0,29454.0,33568.0,37096.0,700801.0,134307.0,862173.0,18747.0
2020-06-23,85471.0,27151.0,31132.0,34378.0,723086.0,127526.0,879410.0,17237.0
2020-06-24,77752.0,24741.0,28551.0,32212.0,744134.0,121466.0,894879.0,15469.0
2020-06-25,70478.0,22475.0,26183.0,29504.0,762869.0,116366.0,908927.0,14048.0
2020-06-26,63730.0,20686.0,23650.0,27410.0,781526.0,111653.0,921803.0,12876.0
2020-06-27,57163.0,18832.0,21702.0,25097.0,797329.0,107151.0,933438.0,11635.0
2020-06-28,51520.0,16969.0,19886.0,22926.0,812606.0,103791.0,943809.0,10371.0
2020-06-29,46697.0,15252.0,17933.0,21064.0,826159.0,100514.0,953059.0,9250.0
2020-06-30,42085.0,13622.0,16433.0,18857.0,840003.0,97668.0,961514.0,8455.0
2020-07-01,37597.0,12262.0,14728.0,16976.0,852001.0,95511.0,969079.0,7565.0
2020-07-02,33752.0,11205.0,12992.0,15654.0,862102.0,93070.0,975985.0,6906.0
2020-07-03,30106.0,10093.0,11800.0,14262.0,871304.0,91144.0,982199.0,6214.0
2020-07-04,27128.0,8937.0,10722.0,12709.0,879384.0,89590.0,987698.0,5499.0
2020-07-05,24084.0,7908.0,9578.0,11477.0,887064.0,88209.0,992571.0,4873.0
2020-07-06,21792.0,6955.0,8494.0,10314.0,893336.0,86756.0,996840.0,4269.0
