time,E,I1,I2,I3,R,S,cumI,diffI
2020-03-06,2.0,3.0,0.0,0.0,0.0,970076.0,0.0,0.0
2020-03-07,4.0,1.0,1.0,1.0,0.0,973679.0,0.0,0.0
2020-03-08,2.0,0.0,1.0,1.0,1.0,980743.0,1.0,1.0
2020-03-09,1.0,0.0,1.0,1.0,0.0,985593.0,2.0,1.0
2020-03-10,2.0,0.0,0.0,1.0,1.0,991934.0,2.0,0.0
2020-03-11,1.0,0.0,0.0,0.0,1.0,996564.0,2.0,0.0
2020-03-12,1.0,0.0,0.0,0.0,0.0,1000610.0,2.0,0.0
2020-03-13,0.0,0.0,0.0,0.0,0.0,1004463.0,2.0,0.0
2020-03-14,1.0,0.0,0.0,0.0,0.0,1005251.0,2.0,0.0
2020-03-15,1.0,0.0,0.0,0.0,0.0,1007680.0,2.0,0.0
2020-03-16,0.0,0.0,0.0,0.0,0.0,1007639.0,2.0,0.0
2020-03-17,0.0,0.0,0.0,0.0,0.0,1010166.0,2.0,0.0
2020-03-18,0.0,0.0,0.0,0.0,0.0,1009965.0,2.0,0.0
2020-03-19,0.0,0.0,0.0,0.0,1.0,1011087.0,2.0,0.0
2020-03-20,3.0,1.0,0.0,1.0,2.0,1011956.0,2.0,0.0
2020-03-21,4.0,0.0,0.0,1.0,3.0,1012529.0,2.0,0.0
2020-03-22,2.0,0.0,0.0,0.0,4.0,1012859.0,2.0,0.0
2020-03-23,4.0,2.0,1.0,0.0,4.0,1010753.0,4.0,2.0
2020-03-24,8.0,2.0,1.0,1.0,1.0,1012455.0,4.0,0.0
2020-03-25,8.0,1.0,3.0,1.0,3.0,1012624.0,7.0,3.0
2020-03-26,4.0,0.0,2.0,2.0,3.0,1014370.0,8.0,1.0
2020-03-27,11.0,1.0,2.0,2.0,4.0,1014359.0,9.0,1.0
2020-03-28,9.0,2.0,1.0,2.0,9.0,1014468.0,10.0,1.0
2020-03-29,9.0,3.0,2.0,1.0,6.0,1015210.0,14.0,4.0
2020-03-30,10.0,7.0,0.0,4.0,10.0,1015898.0,16.0,2.0
2020-03-31,12.0,3.0,4.0,2.0,9.0,1015269.0,19.0,3.0
2020-04-01,13.0,3.0,4.0,4.0,11.0,1015140.0,22.0,3.0
2020-04-02,26.0,3.0,4.0,7.0,8.0,1015538.0,25.0,3.0
2020-04-03,31.0,5.0,4.0,4.0,15.0,1015712.0,29.0,4.0
2020-04-04,30.0,3.0,7.0,4.0,15.0,1016340.0,33.0,4.0
2020-04-05,36.0,6.0,6.0,6.0,15.0,1017693.0,38.0,5.0
2020-04-06,39.0,5.0,7.0,6.0,22.0,1017267.0,44.0,6.0
2020-04-07,44.0,12.0,8.0,3.0,24.0,1017815.0,53.0,9.0
2020-04-08,42.0,13.0,6.0,4.0,35.0,1018548.0,59.0,6.0
2020-04-09,65.0,10.0,7.0,10.0,33.0,1017866.0,72.0,13.0
2020-04-10,66.0,9.0,17.0,12.0,39.0,1017503.0,83.0,11.0
2020-04-11,69.0,12.0,12.0,13.0,42.0,1017447.0,90.0,7.0
2020-04-12,67.0,15.0,14.0,10.0,63.0,1019048.0,106.0,16.0
2020-04-13,91.0,16.0,13.0,13.0,69.0,1019184.0,120.0,14.0
2020-04-14,93.0,16.0,15.0,13.0,67.0,1018518.0,134.0,14.0
2020-04-15,118.0,18.0,21.0,23.0,75.0,1019195.0,151.0,17.0
2020-04-16,128.0,30.0,22.0,24.0,104.0,1019628.0,178.0,27.0
2020-04-17,167.0,37.0,32.0,22.0,119.0,1018813.0,202.0,24.0
2020-04-18,206.0,44.0,40.0,22.0,151.0,1019003.0,237.0,35.0
2020-04-19,248.0,41.0,50.0,35.0,163.0,1019418.0,270.0,33.0
2020-04-20,293.0,56.0,53.0,37.0,219.0,1020395.0,322.0,52.0
2020-04-21,347.0,63.0,63.0,49.0,224.0,1019152.0,385.0,63.0
2020-04-22,423.0,80.0,71.0,62.0,254.0,1020695.0,443.0,58.0
2020-04-23,520.0,95.0,90.0,60.0,280.0,1021366.0,520.0,77.0
2020-04-24,630.0,120.0,94.0,85.0,353.0,1021038.0,611.0,91.0
2020-04-25,694.0,157.0,120.0,103.0,403.0,1021585.0,744.0,133.0
2020-04-26,791.0,177.0,148.0,119.0,495.0,1020717.0,882.0,138.0
2020-04-27,921.0,209.0,163.0,139.0,581.0,1020243.0,1042.0,160.0
2020-04-28,1132.0,245.0,208.0,153.0,684.0,1019422.0,1236.0,194.0
2020-04-29,1346.0,283.0,243.0,187.0,791.0,1018879.0,1470.0,234.0
2020-04-30,1587.0,356.0,292.0,179.0,939.0,1017859.0,1744.0,274.0
2020-05-01,1875.0,396.0,305.0,254.0,1105.0,1018709.0,2033.0,289.0
2020-05-02,2198.0,491.0,364.0,295.0,1268.0,1016431.0,2419.0,386.0
2020-05-03,2612.0,508.0,444.0,367.0,1412.0,1016665.0,2835.0,416.0
2020-05-04,2991.0,625.0,482.0,449.0,1638.0,1016529.0,3350.0,515.0
2020-05-05,3358.0,737.0,638.0,459.0,1961.0,1015424.0,3946.0,596.0
2020-05-06,3961.0,868.0,719.0,542.0,2308.0,1014887.0,4623.0,677.0
2020-05-07,4575.0,1022.0,832.0,664.0,2691.0,1012246.0,5412.0,789.0
2020-05-08,5367.0,1171.0,942.0,765.0,3173.0,1011601.0,6288.0,876.0
2020-05-09,6176.0,1376.0,1036.0,932.0,3715.0,1010411.0,7319.0,1031.0
2020-05-10,7202.0,1655.0,1262.0,1010.0,4340.0,1007154.0,8608.0,1289.0
2020-05-11,8470.0,1936.0,1485.0,1155.0,4998.0,1005711.0,10100.0,1492.0
2020-05-12,9980.0,2263.0,1728.0,1332.0,5845.0,1003397.0,11792.0,1692.0
2020-05-13,11620.0,2645.0,2076.0,1600.0,6927.0,999518.0,13817.0,2025.0
2020-05-14,13594.0,2944.0,2496.0,1895.0,8020.0,995799.0,16088.0,2271.0
2020-05-15,16041.0,3504.0,2914.0,2380.0,9256.0,990727.0,18791.0,2703.0
2020-05-16,18747.0,4152.0,3269.0,2728.0,10772.0,986612.0,21992.0,3201.0
2020-05-17,21599.0,4951.0,3816.0,3144.0,12598.0,980134.0,25798.0,3806.0
2020-05-18,25430.0,5641.0,4542.0,3645.0,14791.0,971708.0,30074.0,4276.0
2020-05-19,29460.0,6503.0,5313.0,4206.0,17377.0,962232.0,35043.0,4969.0
2020-05-20,33789.0,7474.0,6167.0,4838.0,20361.0,951920.0,40804.0,5761.0
2020-05-21,38630.0,8738.0,7026.0,5689.0,23822.0,940558.0,47499.0,6695.0
2020-05-22,44803.0,10047.0,8189.0,6443.0,27803.0,928209.0,55193.0,7694.0
2020-05-23,51209.0,11459.0,9464.0,7506.0,32278.0,912577.0,63866.0,8673.0
2020-05-24,58266.0,13356.0,10650.0,8734.0,37584.0,896709.0,73966.0,10100.0
2020-05-25,66694.0,15103.0,12424.0,10089.0,43500.0,877126.0,85318.0,11352.0
2020-05-26,75475.0,17294.0,14027.0,11720.0,50754.0,856696.0,98407.0,13089.0
2020-05-27,84846.0,19494.0,16163.0,13394.0,58777.0,832945.0,113306.0,14899.0
2020-05-28,95182.0,21934.0,18566.0,15294.0,68042.0,806742.0,129990.0,16684.0
2020-05-29,106493.0,24599.0,20841.0,17390.0,78611.0,777899.0,148474.0,18484.0
2020-05-30,117457.0,27486.0,23152.0,19564.0,90065.0,747550.0,169066.0,20592.0
2020-05-31,129237.0,30846.0,26047.0,22041.0,102997.0,713779.0,192124.0,23058.0
2020-06-01,140524.0,33657.0,29173.0,24856.0,118242.0,679411.0,217383.0,25259.0
2020-06-02,151619.0,36783.0,31798.0,27811.0,135199.0,642877.0,244484.0,27101.0
2020-06-03,162485.0,39829.0,35223.0,30270.0,153881.0,604064.0,273998.0,29514.0
2020-06-04,171881.0,42677.0,37894.0,33367.0,175122.0,564868.0,304910.0,30912.0
2020-06-05,179906.0,44944.0,40693.0,36671.0,197543.0,525468.0,337458.0,32548.0
2020-06-06,186716.0,47552.0,43509.0,39299.0,222433.0,487155.0,371653.0,34195.0
2020-06-07,191701.0,49265.0,45760.0,41784.0,248120.0,449803.0,406600.0,34947.0
2020-06-08,194424.0,51047.0,47592.0,44468.0,276038.0,412937.0,442839.0,36239.0
2020-06-09,195408.0,52101.0,49517.0,46607.0,305211.0,377787.0,479235.0,36396.0
2020-06-10,193306.0,52830.0,50779.0,47986.0,335663.0,345487.0,516093.0,36858.0
2020-06-11,189805.0,52902.0,51885.0,49466.0,367606.0,315391.0,552501.0,36408.0
2020-06-12,184508.0,52038.0,51720.0,51207.0,400918.0,287949.0,587750.0,35249.0
2020-06-13,177781.0,50843.0,51703.0,50613.0,433734.0,262895.0,621911.0,34161.0
2020-06-14,169839.0,49386.0,51095.0,50633.0,467600.0,240295.0,655035.0,33124.0
2020-06-15,161394.0,46926.0,49683.0,50452.0,500149.0,220120.0,686004.0,30969.0
2020-06-16,152082.0,44605.0,47749.0,49354.0,532684.0,201643.0,715572.0,29568.0
2020-06-17,141628.0,42441.0,45527.0,47844.0,564254.0,186349.0,743484.0,27912.0
2020-06-18,131616.0,39892.0,43687.0,46066.0,594506.0,172112.0,769357.0,25873.0
2020-06-19,121322.0,37581.0,41156.0,43819.0,624822.0,159662.0,793452.0,24095.0
2020-06-20,111997.0,34563.0,38700.0,41704.0,652958.0,148911.0,815454.0,22002.0
2020-06-21,102905.0,31988.0,35952.0,39883.0,679426.0,139539.0,835766.0,20312.0
2020-06-22,93801.0,29333.0,33174.0,37103.0,704643.0,131373.0,854230.0,18464.0
2020-06-23,84980.0,26821.0,30805.0,34542.0,727874.0,124377.0,871356.0,17126.0
2020-06-24,76902.0,24777.0,28159.0,32055.0,748368.0,118369.0,887033.0,15677.0
2020-06-25,69444.0,22460.0,25994.0,29658.0,767046.0,113133.0,900979.0,13946.0
2020-06-26,62910.0,20197.0,23645.0,27138.0,786082.0,108209.0,913540.0,12561.0
2020-06-27,56707.0,18171.0,21656.0,24805.0,802606.0,103975.0,924805.0,11265.0
2020-06-28,50836.0,16455.0,19398.0,22760.0,818694.0,100394.0,935035.0,10230.0
2020-06-29,45804.0,14913.0,17538.0,20330.0,832278.0,97269.0,944104.0,9069.0
2020-06-30,40961.0,13332.0,15785.0,18659.0,845114.0,94373.0,952346.0,8242.0
2020-07-01,36240.0,11958.0,14236.0,16913.0,857322.0,92425.0,959787.0,7441.0
2020-07-02,32142.0,10705.0,12866.0,15222.0,867389.0,90721.0,966377.0,6590.0
2020-07-03,28594.0,9598.0,11467.0,13684.0,876942.0,88401.0,972240.0,5863.0
2020-07-04,25617.0,8586.0,10388.0,12035.0,886219.0,86763.0,977402.0,5162.0
2020-07-05,22740.0,7763.0,9155.0,10984.0,892706.0,85289.0,982023.0,4621.0
2020-07-06,20201.0,6855.0,8131.0,9857.0,900134.0,84030.0,986127.0,4104.0
