time,E,I1,I2,I3,R,S,cumI,diffI
2020-03-06,2.0,3.0,0.0,0.0,0.0,970342.0,0.0,0.0
2020-03-07,5.0,1.0,0.0,1.0,0.0,971270.0,0.0,0.0
2020-03-08,3.0,1.0,0.0,1.0,0.0,977399.0,0.0,0.0
2020-03-09,3.0,2.0,1.0,0.0,0.0,984847.0,2.0,2.0
2020-03-10,3.0,1.0,0.0,0.0,1.0,991337.0,3.0,1.0
2020-03-11,1.0,0.0,2.0,0.0,1.0,996226.0,4.0,1.0
2020-03-12,1.0,0.0,0.0,1.0,3.0,1001306.0,4.0,0.0
2020-03-13,1.0,1.0,0.0,0.0,1.0,1001785.0,4.0,0.0
2020-03-14,0.0,0.0,0.0,0.0,1.0,1004338.0,4.0,0.0
2020-03-15,2.0,0.0,0.0,0.0,1.0,1005899.0,4.0,0.0
2020-03-16,1.0,0.0,1.0,0.0,2.0,1007486.0,5.0,1.0
2020-03-17,2.0,1.0,0.0,0.0,1.0,1009307.0,6.0,1.0
2020-03-18,3.0,0.0,0.0,0.0,2.0,1009297.0,6.0,0.0
2020-03-19,6.0,0.0,0.0,0.0,1.0,1009779.0,7.0,1.0
2020-03-20,3.0,3.0,0.0,1.0,3.0,1010095.0,10.0,3.0
2020-03-21,6.0,2.0,2.0,0.0,4.0,1010372.0,10.0,0.0
2020-03-22,3.0,5.0,1.0,1.0,5.0,1012524.0,15.0,5.0
2020-03-23,6.0,4.0,3.0,2.0,5.0,1013411.0,17.0,2.0
2020-03-24,7.0,2.0,4.0,1.0,7.0,1012346.0,18.0,1.0
2020-03-25,13.0,3.0,2.0,2.0,9.0,1013477.0,19.0,1.0
2020-03-26,15.0,2.0,2.0,3.0,10.0,1013829.0,21.0,2.0
2020-03-27,15.0,4.0,3.0,3.0,10.0,1014206.0,24.0,3.0
2020-03-28,16.0,7.0,3.0,3.0,12.0,1014907.0,29.0,5.0
2020-03-29,28.0,5.0,4.0,3.0,14.0,1015425.0,35.0,6.0
2020-03-30,31.0,6.0,7.0,5.0,15.0,1016070.0,42.0,7.0
2020-03-31,35.0,7.0,7.0,6.0,21.0,1017231.0,48.0,6.0
2020-04-01,33.0,10.0,4.0,5.0,29.0,1016812.0,52.0,4.0
2020-04-02,35.0,9.0,4.0,5.0,31.0,1016819.0,56.0,4.0
2020-04-03,44.0,10.0,3.0,9.0,35.0,1016041.0,58.0,2.0
2020-04-04,51.0,10.0,5.0,9.0,41.0,1015696.0,67.0,9.0
2020-04-05,49.0,15.0,8.0,9.0,49.0,1014599.0,82.0,15.0
2020-04-06,62.0,14.0,6.0,8.0,59.0,1016053.0,92.0,10.0
2020-04-07,79.0,19.0,10.0,6.0,66.0,1015787.0,105.0,13.0
2020-04-08,93.0,29.0,18.0,13.0,62.0,1015259.0,126.0,21.0
2020-04-09,123.0,39.0,16.0,20.0,65.0,1016745.0,146.0,20.0
2020-04-10,149.0,34.0,22.0,23.0,71.0,1015994.0,169.0,23.0
2020-04-11,159.0,47.0,23.0,27.0,81.0,1017920.0,199.0,30.0
2020-04-12,194.0,50.0,42.0,37.0,103.0,1018134.0,240.0,41.0
2020-04-13,260.0,60.0,46.0,41.0,129.0,1017724.0,279.0,39.0
2020-04-14,304.0,57.0,61.0,44.0,151.0,1018984.0,327.0,48.0
2020-04-15,351.0,79.0,55.0,59.0,172.0,1019111.0,382.0,55.0
2020-04-16,386.0,91.0,60.0,58.0,192.0,1019601.0,434.0,52.0
2020-04-17,446.0,103.0,79.0,63.0,240.0,1018331.0,522.0,88.0
2020-04-18,529.0,112.0,102.0,69.0,287.0,1019087.0,609.0,87.0
2020-04-19,594.0,146.0,88.0,100.0,327.0,1019214.0,709.0,100.0
2020-04-20,733.0,175.0,133.0,105.0,365.0,1019987.0,837.0,128.0
2020-04-21,883.0,216.0,169.0,118.0,453.0,1018525.0,1007.0,170.0
2020-04-22,1041.0,209.0,190.0,145.0,565.0,1017796.0,1153.0,146.0
2020-04-23,1206.0,237.0,192.0,188.0,658.0,1017756.0,1337.0,184.0
2020-04-24,1392.0,276.0,222.0,206.0,761.0,1017692.0,1554.0,217.0
2020-04-25,1624.0,338.0,279.0,226.0,908.0,1016495.0,1826.0,272.0
2020-04-26,1829.0,407.0,311.0,272.0,1058.0,1016187.0,2152.0,326.0
2020-04-27,2170.0,433.0,374.0,303.0,1225.0,1015909.0,2492.0,340.0
2020-04-28,2531.0,548.0,447.0,340.0,1425.0,1016071.0,2945.0,453.0
2020-04-29,2916.0,640.0,496.0,421.0,1675.0,1015198.0,3459.0,514.0
2020-04-30,3458.0,760.0,613.0,483.0,1982.0,1014118.0,4050.0,591.0
2020-05-01,4118.0,864.0,716.0,603.0,2333.0,1012970.0,4735.0,685.0
2020-05-02,4799.0,1071.0,821.0,679.0,2754.0,1011918.0,5588.0,853.0
2020-05-03,5508.0,1276.0,999.0,723.0,3212.0,1010583.0,6524.0,936.0
2020-05-04,6499.0,1445.0,1167.0,905.0,3621.0,1008497.0,7670.0,1146.0
2020-05-05,7562.0,1665.0,1406.0,1040.0,4277.0,1005880.0,8972.0,1302.0
2020-05-06,8827.0,1884.0,1585.0,1217.0,5026.0,1001605.0,10453.0,1481.0
2020-05-07,10149.0,2177.0,1846.0,1376.0,5894.0,1001035.0,12099.0,1646.0
2020-05-08,11880.0,2569.0,2121.0,1739.0,6868.0,997143.0,14134.0,2035.0
2020-05-09,13755.0,3066.0,2424.0,2015.0,8037.0,993593.0,16529.0,2395.0
2020-05-10,15929.0,3505.0,2891.0,2202.0,9470.0,989699.0,19235.0,2706.0
2020-05-11,18578.0,4050.0,3251.0,2585.0,10975.0,984327.0,22305.0,3070.0
2020-05-12,21427.0,4692.0,3782.0,3013.0,12773.0,977639.0,25978.0,3673.0
2020-05-13,24829.0,5572.0,4476.0,3474.0,14824.0,970364.0,30248.0,4270.0
2020-05-14,28692.0,6594.0,5155.0,4165.0,17174.0,962538.0,35294.0,5046.0
2020-05-15,33007.0,7441.0,5942.0,4827.0,20069.0,952252.0,40939.0,5645.0
2020-05-16,37928.0,8516.0,6847.0,5733.0,23318.0,940843.0,47429.0,6490.0
2020-05-17,43475.0,9859.0,8059.0,6464.0,27247.0,929407.0,55062.0,7633.0
2020-05-18,49887.0,11153.0,9255.0,7554.0,31900.0,913281.0,63660.0,8598.0
2020-05-19,57135.0,12663.0,10321.0,8781.0,37111.0,898007.0,73326.0,9666.0
2020-05-20,65072.0,14724.0,11939.0,9725.0,43276.0,879457.0,84615.0,11289.0
2020-05-21,73565.0,17001.0,13987.0,11352.0,49981.0,859012.0,97618.0,13003.0
2020-05-22,83272.0,18978.0,15924.0,12970.0,57650.0,835713.0,111998.0,14380.0
2020-05-23,93417.0,21566.0,18116.0,14800.0,66522.0,809797.0,128393.0,16395.0
2020-05-24,104105.0,24132.0,20505.0,17097.0,76500.0,782997.0,146582.0,18189.0
2020-05-25,115355.0,27112.0,23023.0,19406.0,88415.0,753995.0,166851.0,20269.0
2020-05-26,127230.0,30135.0,25677.0,21476.0,102235.0,720237.0,189382.0,22531.0
2020-05-27,139008.0,33115.0,28630.0,24255.0,116488.0,685712.0,214170.0,24788.0
2020-05-28,150515.0,36376.0,31164.0,27119.0,132794.0,649441.0,240943.0,26773.0
2020-05-29,160833.0,39302.0,34255.0,29718.0,151238.0,611820.0,269855.0,28912.0
2020-05-30,170369.0,42262.0,37262.0,32608.0,170915.0,573955.0,300807.0,30952.0
2020-05-31,177932.0,45098.0,40368.0,35782.0,192266.0,534985.0,333573.0,32766.0
2020-06-01,185020.0,47212.0,42759.0,38806.0,215836.0,495457.0,367472.0,33899.0
2020-06-02,189905.0,48836.0,45074.0,41161.0,242038.0,458392.0,402537.0,35065.0
2020-06-03,192956.0,50251.0,47478.0,43738.0,268951.0,421815.0,438144.0,35607.0
2020-06-04,193734.0,51447.0,49262.0,46261.0,297533.0,387291.0,474067.0,35923.0
2020-06-05,192747.0,52109.0,50430.0,47605.0,327514.0,354614.0,510246.0,36179.0
2020-06-06,190246.0,52034.0,51265.0,49081.0,358879.0,324099.0,546071.0,35825.0
2020-06-07,185723.0,52311.0,51347.0,49992.0,391159.0,295857.0,581863.0,35792.0
2020-06-08,178647.0,50865.0,51532.0,50734.0,423499.0,270683.0,616263.0,34400.0
2020-06-09,172036.0,49336.0,50600.0,50513.0,455452.0,248275.0,649165.0,32902.0
2020-06-10,163640.0,47447.0,49527.0,50616.0,487752.0,227270.0,680653.0,31488.0
2020-06-11,154146.0,45525.0,47906.0,49390.0,520282.0,208875.0,710883.0,30230.0
2020-06-12,145020.0,43288.0,45916.0,48376.0,551562.0,192060.0,739208.0,28325.0
2020-06-13,135355.0,40911.0,43429.0,46571.0,582505.0,177619.0,765648.0,26440.0
2020-06-14,125201.0,38525.0,41529.0,44329.0,611588.0,165523.0,790503.0,24855.0
2020-06-15,115550.0,35928.0,39168.0,42548.0,639508.0,154751.0,813247.0,22744.0
2020-06-16,106088.0,33121.0,36753.0,40209.0,665882.0,144830.0,834174.0,20927.0
2020-06-17,96746.0,30531.0,34331.0,37783.0,690525.0,135940.0,853395.0,19221.0
2020-06-18,88437.0,27755.0,31860.0,35260.0,714231.0,128487.0,870935.0,17540.0
2020-06-19,80601.0,25320.0,29210.0,32994.0,735196.0,122003.0,886855.0,15920.0
2020-06-20,72726.0,23206.0,26934.0,30513.0,755386.0,116634.0,901420.0,14565.0
2020-06-21,66537.0,21133.0,24218.0,28114.0,775271.0,111957.0,914662.0,13242.0
2020-06-22,60202.0,19286.0,22200.0,25714.0,792764.0,107868.0,926619.0,11957.0
2020-06-23,53684.0,17726.0,20470.0,23413.0,808600.0,103972.0,937612.0,10993.0
2020-06-24,48339.0,15742.0,18711.0,21722.0,822599.0,100541.0,947311.0,9699.0
2020-06-25,43578.0,14052.0,16811.0,19640.0,835949.0,98007.0,955965.0,8654.0
2020-06-26,39244.0,12688.0,15011.0,17823.0,847018.0,95506.0,963845.0,7880.0
2020-06-27,35089.0,11451.0,13684.0,16023.0,856696.0,93617.0,970769.0,6924.0
2020-06-28,31452.0,10435.0,12315.0,14734.0,866481.0,91559.0,977193.0,6424.0
2020-06-29,28191.0,9331.0,11102.0,13084.0,877037.0,90045.0,982832.0,5639.0
2020-06-30,25133.0,8182.0,9970.0,11868.0,884450.0,88227.0,987852.0,5020.0
2020-07-01,22373.0,7458.0,8707.0,10602.0,891622.0,86703.0,992334.0,4482.0
2020-07-02,19949.0,6595.0,7996.0,9522.0,898221.0,85602.0,996324.0,3990.0
2020-07-03,18017.0,5949.0,7313.0,8533.0,903093.0,84915.0,999984.0,3660.0
2020-07-04,16001.0,5290.0,6593.0,7783.0,908395.0,83541.0,1003245.0,3261.0
2020-07-05,14090.0,4699.0,5806.0,6871.0,912040.0,82848.0,1006098.0,2853.0
2020-07-06,12533.0,4186.0,5158.0,6144.0,916084.0,82230.0,1008632.0,2534.0
