time,E,I1,I2,I3,R,S,cumI,diffI
2020-03-06,0.0,3.0,0.0,0.0,0.0,970558.0,0.0,0.0
2020-03-07,3.0,2.0,1.0,0.0,0.0,973155.0,1.0,1.0
2020-03-08,1.0,1.0,2.0,0.0,0.0,980392.0,2.0,1.0
2020-03-09,0.0,2.0,0.0,1.0,0.0,987727.0,3.0,1.0
2020-03-10,1.0,1.0,0.0,0.0,0.0,993982.0,3.0,0.0
2020-03-11,2.0,1.0,1.0,0.0,0.0,999174.0,3.0,0.0
2020-03-12,3.0,0.0,0.0,0.0,0.0,1003653.0,3.0,0.0
2020-03-13,2.0,0.0,0.0,0.0,1.0,1004588.0,3.0,0.0
2020-03-14,2.0,0.0,0.0,0.0,2.0,1005994.0,3.0,0.0
2020-03-15,1.0,0.0,0.0,0.0,3.0,1008034.0,3.0,0.0
2020-03-16,4.0,0.0,2.0,0.0,3.0,1009285.0,3.0,0.0
2020-03-17,3.0,0.0,3.0,0.0,3.0,1009159.0,3.0,0.0
2020-03-18,4.0,1.0,1.0,1.0,3.0,1010044.0,4.0,1.0
2020-03-19,7.0,0.0,1.0,2.0,3.0,1011997.0,4.0,0.0
2020-03-20,6.0,3.0,3.0,2.0,4.0,1012605.0,9.0,5.0
2020-03-21,9.0,2.0,0.0,4.0,7.0,1013371.0,10.0,1.0
2020-03-22,10.0,2.0,3.0,2.0,6.0,1013951.0,10.0,0.0
2020-03-23,11.0,2.0,4.0,2.0,8.0,1013572.0,10.0,0.0
2020-03-24,11.0,2.0,6.0,4.0,8.0,1013869.0,14.0,4.0
2020-03-25,15.0,1.0,3.0,7.0,8.0,1014491.0,16.0,2.0
2020-03-26,21.0,8.0,2.0,4.0,10.0,1015763.0,22.0,6.0
2020-03-27,21.0,4.0,7.0,3.0,11.0,1015032.0,23.0,1.0
2020-03-28,23.0,9.0,4.0,5.0,14.0,1014575.0,29.0,6.0
2020-03-29,31.0,10.0,6.0,6.0,18.0,1014657.0,34.0,5.0
2020-03-30,29.0,7.0,1.0,8.0,24.0,1014335.0,39.0,5.0
2020-03-31,30.0,3.0,5.0,3.0,25.0,1015565.0,41.0,2.0
2020-04-01,24.0,1.0,2.0,4.0,29.0,1015666.0,42.0,1.0
2020-04-02,45.0,3.0,4.0,2.0,29.0,1015380.0,45.0,3.0
2020-04-03,53.0,10.0,8.0,3.0,30.0,1015737.0,52.0,7.0
2020-04-04,61.0,11.0,9.0,2.0,37.0,1016290.0,63.0,11.0
2020-04-05,57.0,13.0,12.0,10.0,27.0,1015560.0,75.0,12.0
2020-04-06,56.0,13.0,12.0,16.0,38.0,1017589.0,91.0,16.0
2020-04-07,89.0,15.0,16.0,14.0,43.0,1018367.0,101.0,10.0
2020-04-08,112.0,17.0,15.0,16.0,49.0,1017034.0,117.0,16.0
2020-04-09,137.0,23.0,21.0,12.0,68.0,1016823.0,140.0,23.0
2020-04-10,146.0,38.0,28.0,16.0,81.0,1017561.0,167.0,27.0
2020-04-11,174.0,45.0,34.0,29.0,92.0,1017747.0,202.0,35.0
2020-04-12,217.0,57.0,41.0,37.0,112.0,1018159.0,239.0,37.0
2020-04-13,240.0,63.0,47.0,37.0,137.0,1016736.0,278.0,39.0
2020-04-14,282.0,73.0,47.0,51.0,163.0,1018310.0,333.0,55.0
2020-04-15,325.0,67.0,59.0,46.0,201.0,1018644.0,378.0,45.0
2020-04-16,385.0,69.0,60.0,52.0,224.0,1019724.0,431.0,53.0
2020-04-17,432.0,98.0,69.0,62.0,238.0,1018553.0,510.0,79.0
2020-04-18,507.0,111.0,78.0,85.0,256.0,1018479.0,586.0,76.0
2020-04-19,598.0,150.0,106.0,76.0,292.0,1018701.0,707.0,121.0
2020-04-20,688.0,152.0,124.0,104.0,336.0,1017395.0,820.0,113.0
2020-04-21,787.0,189.0,130.0,104.0,405.0,1017456.0,953.0,133.0
2020-04-22,865.0,194.0,177.0,118.0,501.0,1017984.0,1110.0,157.0
2020-04-23,1022.0,231.0,188.0,164.0,571.0,1017934.0,1302.0,192.0
2020-04-24,1214.0,253.0,218.0,168.0,689.0,1019066.0,1495.0,193.0
2020-04-25,1425.0,338.0,246.0,214.0,810.0,1017956.0,1751.0,256.0
2020-04-26,1716.0,396.0,318.0,228.0,965.0,1017616.0,2033.0,282.0
2020-04-27,1995.0,431.0,351.0,265.0,1119.0,1016860.0,2338.0,305.0
2020-04-28,2348.0,525.0,405.0,325.0,1269.0,1016484.0,2724.0,386.0
2020-04-29,2760.0,594.0,480.0,367.0,1481.0,1016806.0,3153.0,429.0
2020-04-30,3245.0,677.0,538.0,449.0,1779.0,1015141.0,3648.0,495.0
2020-05-01,3660.0,788.0,612.0,538.0,2092.0,1015314.0,4277.0,629.0
2020-05-02,4163.0,930.0,745.0,578.0,2379.0,1014056.0,5016.0,739.0
2020-05-03,4880.0,1059.0,880.0,695.0,2891.0,1012020.0,5833.0,817.0
2020-05-04,5690.0,1201.0,1065.0,770.0,3322.0,1011464.0,6786.0,953.0
2020-05-05,6741.0,1436.0,1133.0,953.0,3846.0,1008646.0,7914.0,1128.0
2020-05-06,7735.0,1705.0,1336.0,1083.0,4440.0,1006405.0,9237.0,1323.0
2020-05-07,9019.0,1983.0,1581.0,1238.0,5187.0,1003299.0,10762.0,1525.0
2020-05-08,10656.0,2292.0,1847.0,1463.0,6087.0,1000351.0,12536.0,1774.0
2020-05-09,12144.0,2713.0,2103.0,1680.0,7094.0,997362.0,14597.0,2061.0
2020-05-10,14119.0,3207.0,2481.0,1930.0,8247.0,992826.0,17077.0,2480.0
2020-05-11,16488.0,3717.0,2987.0,2327.0,9508.0,987698.0,19922.0,2845.0
2020-05-12,19167.0,4164.0,3484.0,2743.0,11179.0,982583.0,23119.0,3197.0
2020-05-13,22109.0,4868.0,3932.0,3324.0,13134.0,976161.0,26886.0,3767.0
2020-05-14,25585.0,5708.0,4470.0,3752.0,15262.0,968225.0,31176.0,4290.0
2020-05-15,29488.0,6468.0,5215.0,4195.0,17852.0,960311.0,36117.0,4941.0
2020-05-16,33928.0,7490.0,6269.0,4855.0,20783.0,950995.0,42026.0,5909.0
2020-05-17,38937.0,8660.0,7046.0,5682.0,23816.0,938861.0,48724.0,6698.0
2020-05-18,44715.0,10015.0,8114.0,6472.0,27622.0,927924.0,56345.0,7621.0
2020-05-19,51166.0,11487.0,9336.0,7483.0,32283.0,911833.0,65148.0,8803.0
2020-05-20,57907.0,13247.0,10843.0,8655.0,37515.0,896095.0,75328.0,10180.0
2020-05-21,66291.0,14825.0,12394.0,9982.0,43398.0,877022.0,86647.0,11319.0
2020-05-22,74611.0,17075.0,13992.0,11558.0,49997.0,857197.0,99640.0,12993.0
2020-05-23,84155.0,19414.0,15919.0,13221.0,57795.0,833494.0,114298.0,14658.0
2020-05-24,93827.0,21941.0,18002.0,15091.0,66793.0,808434.0,130917.0,16619.0
2020-05-25,104765.0,24431.0,20519.0,17125.0,77059.0,780509.0,149258.0,18341.0
2020-05-26,116078.0,27308.0,23121.0,19235.0,88579.0,750173.0,169670.0,20412.0
2020-05-27,127198.0,30197.0,25747.0,21789.0,102007.0,717249.0,192127.0,22457.0
2020-05-28,139213.0,33263.0,28560.0,24368.0,116502.0,683136.0,216921.0,24794.0
2020-05-29,150510.0,36240.0,31501.0,27223.0,133331.0,646842.0,243723.0,26802.0
2020-05-30,160825.0,39258.0,34290.0,30041.0,151840.0,608269.0,272536.0,28813.0
2020-05-31,170045.0,42515.0,36993.0,32789.0,171757.0,571218.0,303451.0,30915.0
2020-06-01,178679.0,44804.0,40642.0,35667.0,193574.0,531907.0,336011.0,32560.0
2020-06-02,185721.0,47402.0,43134.0,38484.0,217411.0,493727.0,370102.0,34091.0
2020-06-03,190293.0,49624.0,45470.0,41491.0,243023.0,456949.0,405473.0,35371.0
2020-06-04,192766.0,51179.0,47446.0,43942.0,270164.0,421430.0,441477.0,36004.0
2020-06-05,194014.0,52087.0,49226.0,46068.0,298900.0,386984.0,477859.0,36382.0
2020-06-06,192855.0,52615.0,50628.0,48013.0,329674.0,353901.0,514370.0,36511.0
2020-06-07,189843.0,52595.0,51850.0,49199.0,360981.0,323499.0,550674.0,36304.0
2020-06-08,184969.0,51792.0,51653.0,49966.0,392408.0,296236.0,585905.0,35231.0
2020-06-09,178705.0,50913.0,50855.0,50292.0,424286.0,271736.0,620145.0,34240.0
2020-06-10,171672.0,49557.0,50368.0,50172.0,456602.0,248376.0,653384.0,33239.0
2020-06-11,163018.0,47404.0,49644.0,50405.0,488304.0,227612.0,685162.0,31778.0
2020-06-12,153652.0,45143.0,47801.0,49433.0,520419.0,209453.0,714969.0,29807.0
2020-06-13,144187.0,42809.0,45981.0,47635.0,552195.0,193503.0,743026.0,28057.0
2020-06-14,134161.0,40680.0,43987.0,45978.0,583011.0,179838.0,769553.0,26527.0
2020-06-15,124019.0,38221.0,41629.0,44217.0,611177.0,167499.0,794234.0,24681.0
2020-06-16,114996.0,35697.0,39128.0,42177.0,638764.0,156030.0,816897.0,22663.0
2020-06-17,106311.0,32881.0,36650.0,39974.0,664846.0,147099.0,837561.0,20664.0
2020-06-18,96952.0,30265.0,34195.0,37684.0,690476.0,138194.0,856928.0,19367.0
2020-06-19,88497.0,27826.0,31752.0,35453.0,712781.0,130864.0,874723.0,17795.0
2020-06-20,80627.0,25698.0,29183.0,33090.0,733451.0,124339.0,890856.0,16133.0
2020-06-21,73586.0,23260.0,27006.0,30844.0,755242.0,118908.0,905405.0,14549.0
2020-06-22,66417.0,21489.0,24673.0,28289.0,772817.0,114184.0,918915.0,13510.0
2020-06-23,59989.0,19563.0,22676.0,26084.0,790230.0,110191.0,931068.0,12153.0
2020-06-24,53989.0,17832.0,20776.0,23927.0,805582.0,106193.0,942083.0,11015.0
2020-06-25,48800.0,16173.0,18809.0,21879.0,821207.0,103056.0,952169.0,10086.0
2020-06-26,43906.0,14450.0,16959.0,19980.0,834116.0,99910.0,961002.0,8833.0
2020-06-27,39608.0,13080.0,15380.0,18102.0,845100.0,97286.0,968978.0,7976.0
2020-06-28,35598.0,11786.0,14005.0,16334.0,855831.0,95023.0,976075.0,7097.0
2020-06-29,32139.0,10618.0,12660.0,14875.0,865748.0,93229.0,982493.0,6418.0
2020-06-30,28886.0,9350.0,11293.0,13468.0,874712.0,91345.0,988209.0,5716.0
2020-07-01,25854.0,8484.0,10198.0,12262.0,882003.0,89845.0,993455.0,5246.0
2020-07-02,22983.0,7624.0,9110.0,11003.0,890139.0,88580.0,998134.0,4679.0
2020-07-03,20499.0,6727.0,8200.0,9753.0,895277.0,87309.0,1002228.0,4094.0
2020-07-04,18438.0,6040.0,7194.0,8895.0,900727.0,86225.0,1005940.0,3712.0
2020-07-05,16402.0,5455.0,6652.0,7974.0,906081.0,85395.0,1009235.0,3295.0
2020-07-06,14663.0,4894.0,5828.0,7284.0,911961.0,84195.0,1012247.0,3012.0
