time,E,I1,I2,I3,R,S,cumI,diffI
2020-03-06,0.0,2.0,0.0,0.0,0.0,970556.0,0.0,0.0
2020-03-07,1.0,0.0,0.0,0.0,0.0,972997.0,0.0,0.0
2020-03-08,1.0,0.0,0.0,0.0,1.0,979727.0,0.0,0.0
2020-03-09,1.0,0.0,0.0,0.0,1.0,986954.0,0.0,0.0
2020-03-10,1.0,1.0,0.0,1.0,0.0,992513.0,1.0,1.0
2020-03-11,2.0,0.0,0.0,0.0,0.0,996819.0,1.0,0.0
2020-03-12,1.0,0.0,0.0,0.0,1.0,1000806.0,1.0,0.0
2020-03-13,1.0,0.0,0.0,0.0,1.0,1004895.0,1.0,0.0
2020-03-14,2.0,0.0,0.0,2.0,1.0,1007044.0,1.0,0.0
2020-03-15,2.0,1.0,0.0,1.0,1.0,1007884.0,1.0,0.0
2020-03-16,3.0,0.0,0.0,2.0,1.0,1009417.0,1.0,0.0
2020-03-17,2.0,3.0,0.0,1.0,2.0,1010555.0,3.0,2.0
2020-03-18,1.0,1.0,1.0,2.0,2.0,1012378.0,4.0,1.0
2020-03-19,1.0,0.0,2.0,0.0,4.0,1013156.0,4.0,0.0
2020-03-20,1.0,0.0,1.0,1.0,3.0,1011992.0,4.0,0.0
2020-03-21,0.0,1.0,0.0,0.0,4.0,1012261.0,5.0,1.0
2020-03-22,1.0,0.0,0.0,0.0,2.0,1011413.0,5.0,0.0
2020-03-23,0.0,0.0,0.0,0.0,1.0,1012712.0,5.0,0.0
2020-03-24,3.0,1.0,0.0,0.0,2.0,1013341.0,5.0,0.0
2020-03-25,3.0,3.0,0.0,1.0,3.0,1013078.0,8.0,3.0
2020-03-26,11.0,3.0,1.0,2.0,2.0,1012760.0,10.0,2.0
2020-03-27,11.0,5.0,1.0,2.0,3.0,1012337.0,14.0,4.0
2020-03-28,11.0,4.0,3.0,0.0,3.0,1013383.0,16.0,2.0
2020-03-29,14.0,1.0,2.0,2.0,7.0,1014574.0,17.0,1.0
2020-03-30,20.0,1.0,1.0,3.0,6.0,1014793.0,17.0,0.0
2020-03-31,18.0,2.0,4.0,2.0,9.0,1014921.0,20.0,3.0
2020-04-01,17.0,2.0,0.0,4.0,11.0,1014508.0,21.0,1.0
2020-04-02,17.0,4.0,3.0,3.0,13.0,1015442.0,25.0,4.0
2020-04-03,23.0,4.0,2.0,5.0,16.0,1015435.0,27.0,2.0
2020-04-04,25.0,6.0,4.0,4.0,18.0,1016798.0,31.0,4.0
2020-04-05,35.0,15.0,5.0,6.0,27.0,1015689.0,41.0,10.0
2020-04-06,45.0,15.0,10.0,6.0,27.0,1015815.0,51.0,10.0
2020-04-07,51.0,15.0,9.0,6.0,32.0,1015354.0,61.0,10.0
2020-04-08,62.0,15.0,8.0,9.0,39.0,1016860.0,70.0,9.0
2020-04-09,74.0,13.0,8.0,11.0,42.0,1017982.0,80.0,10.0
2020-04-10,68.0,18.0,10.0,6.0,53.0,1017871.0,94.0,14.0
2020-04-11,89.0,27.0,16.0,6.0,57.0,1018671.0,110.0,16.0
2020-04-12,107.0,32.0,19.0,18.0,63.0,1018513.0,136.0,26.0
2020-04-13,133.0,33.0,27.0,22.0,73.0,1018428.0,159.0,23.0
2020-04-14,174.0,44.0,37.0,23.0,91.0,1020128.0,196.0,37.0
2020-04-15,188.0,46.0,40.0,30.0,106.0,1019266.0,233.0,37.0
2020-04-16,202.0,58.0,45.0,41.0,132.0,1019296.0,279.0,46.0
2020-04-17,243.0,51.0,45.0,42.0,150.0,1019201.0,311.0,32.0
2020-04-18,292.0,61.0,55.0,52.0,192.0,1018301.0,365.0,54.0
2020-04-19,351.0,66.0,64.0,49.0,203.0,1017623.0,417.0,52.0
2020-04-20,414.0,88.0,72.0,69.0,240.0,1018568.0,489.0,72.0
2020-04-21,493.0,107.0,87.0,69.0,276.0,1019127.0,568.0,79.0
2020-04-22,543.0,118.0,102.0,77.0,320.0,1019454.0,658.0,90.0
2020-04-23,640.0,123.0,110.0,82.0,375.0,1019896.0,768.0,110.0
2020-04-24,686.0,158.0,121.0,87.0,433.0,1018731.0,900.0,132.0
2020-04-25,819.0,208.0,159.0,113.0,510.0,1020087.0,1066.0,166.0
2020-04-26,1006.0,185.0,208.0,129.0,594.0,1020614.0,1214.0,148.0
2020-04-27,1222.0,239.0,214.0,162.0,686.0,1019914.0,1409.0,195.0
2020-04-28,1416.0,296.0,270.0,198.0,819.0,1019019.0,1652.0,243.0
2020-04-29,1629.0,342.0,287.0,227.0,942.0,1018557.0,1915.0,263.0
2020-04-30,1897.0,437.0,310.0,258.0,1075.0,1018204.0,2263.0,348.0
2020-05-01,2162.0,498.0,376.0,316.0,1270.0,1017613.0,2639.0,376.0
2020-05-02,2611.0,569.0,451.0,383.0,1493.0,1018718.0,3083.0,444.0
2020-05-03,3030.0,696.0,534.0,454.0,1809.0,1016787.0,3654.0,571.0
2020-05-04,3514.0,796.0,591.0,505.0,2122.0,1015393.0,4263.0,609.0
2020-05-05,4166.0,896.0,745.0,548.0,2479.0,1013945.0,4927.0,664.0
2020-05-06,4991.0,1071.0,825.0,656.0,2852.0,1012655.0,5772.0,845.0
2020-05-07,5801.0,1282.0,983.0,786.0,3237.0,1010419.0,6756.0,984.0
2020-05-08,6723.0,1439.0,1153.0,995.0,3806.0,1007884.0,7906.0,1150.0
2020-05-09,7821.0,1756.0,1343.0,1110.0,4381.0,1005407.0,9288.0,1382.0
2020-05-10,9243.0,2053.0,1638.0,1300.0,5164.0,1002826.0,10804.0,1516.0
2020-05-11,10660.0,2298.0,1871.0,1490.0,5972.0,1000290.0,12609.0,1805.0
2020-05-12,12193.0,2645.0,2191.0,1766.0,7204.0,997069.0,14730.0,2121.0
2020-05-13,14236.0,3133.0,2497.0,2034.0,8498.0,992315.0,17119.0,2389.0
2020-05-14,16579.0,3541.0,2981.0,2361.0,9811.0,987555.0,19952.0,2833.0
2020-05-15,19082.0,4190.0,3447.0,2707.0,11494.0,981881.0,23199.0,3247.0
2020-05-16,22188.0,4969.0,4023.0,3252.0,13278.0,976310.0,27028.0,3829.0
2020-05-17,25643.0,5850.0,4607.0,3815.0,15518.0,968949.0,31471.0,4443.0
2020-05-18,29888.0,6648.0,5408.0,4394.0,17898.0,959856.0,36466.0,4995.0
2020-05-19,34699.0,7781.0,6169.0,5085.0,21002.0,949618.0,42407.0,5941.0
2020-05-20,39925.0,8984.0,7295.0,5730.0,24695.0,938482.0,49269.0,6862.0
2020-05-21,45889.0,10331.0,8430.0,6756.0,28787.0,924251.0,57195.0,7926.0
2020-05-22,52721.0,11867.0,9656.0,7763.0,33364.0,910283.0,66183.0,8988.0
2020-05-23,60127.0,13469.0,10983.0,9164.0,38311.0,892285.0,76508.0,10325.0
2020-05-24,68380.0,15447.0,12657.0,10384.0,44621.0,873657.0,88341.0,11833.0
2020-05-25,77183.0,17366.0,14610.0,11971.0,52014.0,853044.0,101564.0,13223.0
2020-05-26,86961.0,20046.0,16322.0,13653.0,60415.0,829217.0,116669.0,15105.0
2020-05-27,97336.0,22478.0,18607.0,15498.0,69775.0,803280.0,133638.0,16969.0
2020-05-28,108572.0,25032.0,21102.0,17589.0,80127.0,774629.0,152544.0,18906.0
2020-05-29,119459.0,28146.0,23772.0,19929.0,92314.0,742114.0,173743.0,21199.0
2020-05-30,130350.0,31116.0,26457.0,22398.0,105722.0,709737.0,196902.0,23159.0
2020-05-31,141617.0,33930.0,29462.0,25012.0,120388.0,674406.0,222087.0,25185.0
2020-06-01,152275.0,37265.0,32415.0,27792.0,137629.0,638438.0,249662.0,27575.0
2020-06-02,162775.0,40238.0,35487.0,30580.0,156744.0,600279.0,279185.0,29523.0
2020-06-03,171783.0,42735.0,38394.0,33619.0,177116.0,562608.0,310071.0,30886.0
2020-06-04,179715.0,45624.0,41338.0,36507.0,199469.0,522811.0,343199.0,33128.0
2020-06-05,185831.0,47857.0,43543.0,39031.0,224169.0,484348.0,377524.0,34325.0
2020-06-06,190775.0,49875.0,45431.0,42188.0,249515.0,448233.0,412851.0,35327.0
2020-06-07,193450.0,50671.0,48142.0,44202.0,276541.0,411932.0,448946.0,36095.0
2020-06-08,193661.0,51972.0,49508.0,46142.0,305457.0,377677.0,485407.0,36461.0
2020-06-09,192067.0,52462.0,50717.0,47815.0,336654.0,346513.0,521674.0,36267.0
2020-06-10,188664.0,52029.0,51512.0,49286.0,368445.0,317508.0,557404.0,35730.0
2020-06-11,183177.0,51687.0,51482.0,50282.0,399988.0,289973.0,592421.0,35017.0
2020-06-12,176837.0,50505.0,51633.0,50856.0,432000.0,264378.0,626466.0,34045.0
2020-06-13,168786.0,49077.0,50425.0,50770.0,465057.0,242314.0,659240.0,32774.0
2020-06-14,160176.0,47045.0,49002.0,50244.0,497601.0,221531.0,690263.0,31023.0
2020-06-15,150753.0,44707.0,47354.0,49423.0,529252.0,203690.0,719511.0,29248.0
2020-06-16,141578.0,42022.0,45766.0,47640.0,560734.0,188185.0,747143.0,27632.0
2020-06-17,131957.0,39957.0,43353.0,46104.0,590635.0,174782.0,773082.0,25939.0
2020-06-18,122244.0,37282.0,40736.0,43934.0,618896.0,162381.0,797098.0,24016.0
2020-06-19,112451.0,34641.0,38493.0,41899.0,645607.0,151943.0,819533.0,22435.0
2020-06-20,103172.0,32127.0,35892.0,39503.0,671307.0,142523.0,839981.0,20448.0
2020-06-21,94398.0,29712.0,33357.0,36980.0,695600.0,134172.0,858813.0,18832.0
2020-06-22,85734.0,27468.0,31004.0,34480.0,719094.0,126702.0,876017.0,17204.0
2020-06-23,77540.0,24982.0,28407.0,32065.0,739768.0,120818.0,891552.0,15535.0
2020-06-24,70363.0,22642.0,26200.0,29987.0,760080.0,115454.0,905537.0,13985.0
2020-06-25,63951.0,20238.0,24158.0,27561.0,779961.0,110612.0,918385.0,12848.0
2020-06-26,57799.0,18497.0,21656.0,25298.0,796523.0,106621.0,929922.0,11537.0
2020-06-27,51777.0,16851.0,19760.0,22975.0,812058.0,103376.0,940430.0,10508.0
2020-06-28,47009.0,15453.0,17943.0,21046.0,827216.0,100036.0,949880.0,9450.0
2020-06-29,42069.0,13522.0,16348.0,19054.0,839804.0,97527.0,958209.0,8329.0
2020-06-30,37748.0,12222.0,14647.0,17266.0,851671.0,95253.0,965765.0,7556.0
2020-07-01,33778.0,11065.0,13219.0,15682.0,861345.0,93040.0,972468.0,6703.0
2020-07-02,30276.0,10074.0,12048.0,14196.0,871203.0,91078.0,978617.0,6149.0
2020-07-03,26829.0,9095.0,10794.0,12862.0,880338.0,89234.0,984110.0,5493.0
2020-07-04,24169.0,8051.0,9589.0,11697.0,887698.0,87691.0,989043.0,4933.0
2020-07-05,21600.0,7091.0,8750.0,10343.0,894245.0,86434.0,993313.0,4270.0
2020-07-06,19471.0,6392.0,7666.0,9194.0,900700.0,84964.0,997190.0,3877.0
