time,E,I1,I2,I3,R,S,cumI,diffI
2020-03-06,0.0,3.0,0.0,0.0,0.0,970312.0,0.0,0.0
2020-03-07,3.0,1.0,3.0,0.0,0.0,972115.0,1.0,1.0
2020-03-08,5.0,1.0,3.0,1.0,0.0,981221.0,2.0,1.0
2020-03-09,5.0,3.0,3.0,0.0,1.0,986944.0,5.0,3.0
2020-03-10,5.0,2.0,4.0,0.0,0.0,993228.0,6.0,1.0
2020-03-11,5.0,2.0,1.0,3.0,0.0,998571.0,9.0,3.0
2020-03-12,5.0,2.0,1.0,2.0,2.0,1001057.0,9.0,0.0
2020-03-13,7.0,4.0,0.0,0.0,3.0,1002927.0,10.0,1.0
2020-03-14,5.0,0.0,2.0,0.0,0.0,1006327.0,11.0,1.0
2020-03-15,8.0,0.0,3.0,1.0,2.0,1006040.0,11.0,0.0
2020-03-16,8.0,0.0,3.0,2.0,1.0,1008027.0,12.0,1.0
2020-03-17,8.0,1.0,0.0,2.0,0.0,1010818.0,13.0,1.0
2020-03-18,7.0,4.0,1.0,0.0,1.0,1011087.0,17.0,4.0
2020-03-19,11.0,2.0,1.0,3.0,1.0,1010191.0,17.0,0.0
2020-03-20,8.0,1.0,1.0,1.0,4.0,1011243.0,19.0,2.0
2020-03-21,7.0,3.0,2.0,1.0,2.0,1010959.0,21.0,2.0
2020-03-22,11.0,3.0,3.0,2.0,2.0,1010513.0,22.0,1.0
2020-03-23,15.0,3.0,3.0,3.0,6.0,1012247.0,25.0,3.0
2020-03-24,21.0,6.0,1.0,2.0,10.0,1012846.0,28.0,3.0
2020-03-25,23.0,5.0,2.0,3.0,9.0,1013842.0,29.0,1.0
2020-03-26,18.0,9.0,3.0,1.0,12.0,1013927.0,33.0,4.0
2020-03-27,25.0,8.0,5.0,1.0,11.0,1015171.0,37.0,4.0
2020-03-28,33.0,7.0,11.0,2.0,14.0,1016057.0,43.0,6.0
2020-03-29,39.0,7.0,12.0,4.0,15.0,1016297.0,50.0,7.0
2020-03-30,38.0,11.0,7.0,4.0,26.0,1016318.0,57.0,7.0
2020-03-31,49.0,9.0,8.0,6.0,24.0,1015506.0,63.0,6.0
2020-04-01,51.0,8.0,9.0,5.0,24.0,1015565.0,70.0,7.0
2020-04-02,54.0,11.0,7.0,4.0,27.0,1015703.0,79.0,9.0
2020-04-03,47.0,12.0,7.0,8.0,28.0,1015671.0,88.0,9.0
2020-04-04,60.0,14.0,8.0,6.0,38.0,1015501.0,96.0,8.0
2020-04-05,65.0,20.0,12.0,8.0,38.0,1015773.0,112.0,16.0
2020-04-06,68.0,24.0,19.0,9.0,53.0,1017907.0,127.0,15.0
2020-04-07,88.0,13.0,18.0,17.0,60.0,1017379.0,139.0,12.0
2020-04-08,116.0,23.0,24.0,15.0,71.0,1017073.0,161.0,22.0
2020-04-09,134.0,24.0,28.0,22.0,93.0,1018164.0,183.0,22.0
2020-04-10,164.0,25.0,24.0,23.0,100.0,1016923.0,203.0,20.0
2020-04-11,182.0,45.0,25.0,28.0,109.0,1016796.0,237.0,34.0
2020-04-12,203.0,50.0,36.0,29.0,120.0,1017445.0,279.0,42.0
2020-04-13,254.0,68.0,44.0,31.0,147.0,1018075.0,329.0,50.0
2020-04-14,296.0,73.0,64.0,39.0,175.0,1017663.0,383.0,54.0
2020-04-15,348.0,75.0,62.0,62.0,223.0,1018290.0,454.0,71.0
2020-04-16,392.0,96.0,68.0,61.0,252.0,1017999.0,530.0,76.0
2020-04-17,477.0,117.0,83.0,81.0,286.0,1018713.0,611.0,81.0
2020-04-18,545.0,133.0,98.0,70.0,355.0,1017464.0,717.0,106.0
2020-04-19,650.0,157.0,108.0,101.0,384.0,1017647.0,822.0,105.0
2020-04-20,763.0,186.0,141.0,115.0,446.0,1017926.0,959.0,137.0
2020-04-21,911.0,183.0,170.0,138.0,512.0,1017460.0,1113.0,154.0
2020-04-22,1122.0,214.0,186.0,169.0,604.0,1018351.0,1271.0,158.0
2020-04-23,1256.0,274.0,205.0,179.0,681.0,1018891.0,1489.0,218.0
2020-04-24,1505.0,288.0,273.0,227.0,807.0,1016854.0,1722.0,233.0
2020-04-25,1695.0,377.0,283.0,239.0,964.0,1016557.0,2026.0,304.0
2020-04-26,2043.0,425.0,337.0,294.0,1106.0,1016301.0,2345.0,319.0
2020-04-27,2369.0,538.0,380.0,358.0,1284.0,1017134.0,2757.0,412.0
2020-04-28,2689.0,581.0,483.0,390.0,1528.0,1016039.0,3202.0,445.0
2020-04-29,3175.0,705.0,534.0,463.0,1831.0,1015357.0,3735.0,533.0
2020-04-30,3643.0,792.0,626.0,504.0,2099.0,1015251.0,4378.0,643.0
2020-05-01,4240.0,892.0,733.0,621.0,2397.0,1013293.0,5076.0,698.0
2020-05-02,4839.0,1057.0,840.0,673.0,2777.0,1011964.0,5881.0,805.0
2020-05-03,5723.0,1273.0,970.0,813.0,3303.0,1010016.0,6895.0,1014.0
2020-05-04,6680.0,1495.0,1215.0,886.0,3938.0,1009117.0,8041.0,1146.0
2020-05-05,7680.0,1692.0,1385.0,1105.0,4477.0,1007931.0,9352.0,1311.0
2020-05-06,8803.0,1990.0,1650.0,1311.0,5324.0,1003983.0,10915.0,1563.0
2020-05-07,10445.0,2290.0,1829.0,1444.0,6182.0,1000721.0,12656.0,1741.0
2020-05-08,12189.0,2634.0,2143.0,1659.0,7123.0,997482.0,14682.0,2026.0
2020-05-09,14193.0,3156.0,2499.0,1938.0,8275.0,992664.0,17123.0,2441.0
2020-05-10,16598.0,3593.0,2989.0,2220.0,9735.0,988011.0,19859.0,2736.0
2020-05-11,19394.0,4188.0,3384.0,2673.0,11292.0,982955.0,23097.0,3238.0
2020-05-12,22592.0,5038.0,3980.0,3200.0,13158.0,975264.0,27032.0,3935.0
2020-05-13,26093.0,5860.0,4557.0,3692.0,15600.0,968132.0,31568.0,4536.0
2020-05-14,29944.0,6795.0,5402.0,4324.0,18039.0,959956.0,36834.0,5266.0
2020-05-15,34432.0,7687.0,6219.0,5134.0,21181.0,950197.0,42625.0,5791.0
2020-05-16,39527.0,8883.0,7110.0,5833.0,24771.0,938363.0,49486.0,6861.0
2020-05-17,45325.0,10183.0,8556.0,6557.0,28667.0,925351.0,57503.0,8017.0
2020-05-18,52033.0,11652.0,9631.0,7717.0,33302.0,909494.0,66377.0,8874.0
2020-05-19,59486.0,13406.0,10948.0,9013.0,38419.0,893268.0,76563.0,10186.0
2020-05-20,67645.0,15366.0,12574.0,10358.0,44541.0,873708.0,88250.0,11687.0
2020-05-21,76724.0,17390.0,14368.0,11995.0,51561.0,852277.0,101483.0,13233.0
2020-05-22,86015.0,19806.0,16504.0,13672.0,59415.0,829679.0,116689.0,15206.0
2020-05-23,96212.0,22345.0,18652.0,15422.0,68643.0,804162.0,133630.0,16941.0
2020-05-24,106978.0,25057.0,20977.0,17380.0,79376.0,775372.0,152437.0,18807.0
2020-05-25,118081.0,27732.0,23357.0,19812.0,91413.0,743915.0,173095.0,20658.0
2020-05-26,129677.0,30624.0,25993.0,22388.0,104846.0,712087.0,195864.0,22769.0
2020-05-27,141293.0,33655.0,29132.0,24556.0,119743.0,677689.0,220867.0,25003.0
2020-05-28,151648.0,36847.0,31977.0,27803.0,135869.0,640851.0,248088.0,27221.0
2020-05-29,161628.0,39655.0,34917.0,30719.0,154614.0,602498.0,277164.0,29076.0
2020-05-30,170900.0,42481.0,37963.0,33274.0,174640.0,564819.0,307892.0,30728.0
2020-05-31,179109.0,45495.0,40533.0,36041.0,197228.0,526697.0,340640.0,32748.0
2020-06-01,185614.0,47311.0,43420.0,38918.0,221607.0,489434.0,374538.0,33898.0
2020-06-02,189625.0,49188.0,45558.0,41343.0,248127.0,452936.0,409475.0,34937.0
2020-06-03,192366.0,50652.0,47298.0,44035.0,275215.0,416282.0,445300.0,35825.0
2020-06-04,193113.0,51694.0,49050.0,45954.0,303889.0,383030.0,481533.0,36233.0
2020-06-05,192481.0,52448.0,50468.0,47511.0,333161.0,350461.0,517839.0,36306.0
2020-06-06,189500.0,52193.0,51597.0,49248.0,364571.0,320784.0,553779.0,35940.0
2020-06-07,184760.0,51535.0,51960.0,50253.0,395950.0,293224.0,589121.0,35342.0
2020-06-08,178657.0,50741.0,51256.0,50944.0,428688.0,267677.0,623343.0,34222.0
2020-06-09,171077.0,49161.0,50268.0,50774.0,460823.0,245501.0,656096.0,32753.0
2020-06-10,162313.0,47221.0,49160.0,50236.0,493178.0,225278.0,687562.0,31466.0
2020-06-11,153456.0,44927.0,47461.0,49287.0,524659.0,206956.0,717142.0,29580.0
2020-06-12,143833.0,42777.0,45380.0,47729.0,555537.0,191183.0,745209.0,28067.0
2020-06-13,133818.0,40442.0,43232.0,45697.0,585253.0,177858.0,771441.0,26232.0
2020-06-14,123799.0,37708.0,41540.0,43792.0,613752.0,165727.0,795766.0,24325.0
2020-06-15,114237.0,35252.0,38773.0,41865.0,641031.0,155103.0,818504.0,22738.0
2020-06-16,104856.0,32504.0,36552.0,39486.0,667403.0,145381.0,839450.0,20946.0
2020-06-17,96094.0,29980.0,33817.0,37417.0,690962.0,137264.0,858660.0,19210.0
2020-06-18,87444.0,27742.0,31233.0,34910.0,714520.0,130450.0,876173.0,17513.0
2020-06-19,80055.0,25306.0,28885.0,32694.0,736405.0,124269.0,891900.0,15727.0
2020-06-20,72862.0,23220.0,26747.0,30252.0,755775.0,118254.0,906455.0,14555.0
2020-06-21,66162.0,21133.0,24589.0,28083.0,774318.0,113141.0,919654.0,13199.0
2020-06-22,59671.0,19071.0,22569.0,25553.0,791315.0,109308.0,931666.0,12012.0
2020-06-23,53870.0,17569.0,20399.0,23334.0,807534.0,104999.0,942572.0,10906.0
2020-06-24,48683.0,15706.0,18359.0,21775.0,820632.0,101830.0,952246.0,9674.0
2020-06-25,44040.0,14161.0,16616.0,19555.0,833270.0,99167.0,960901.0,8655.0
2020-06-26,39432.0,12963.0,15096.0,17777.0,845310.0,96157.0,968889.0,7988.0
2020-06-27,35269.0,11283.0,13704.0,16202.0,855385.0,94357.0,975695.0,6806.0
2020-06-28,31598.0,10295.0,12147.0,14563.0,864155.0,92343.0,981918.0,6223.0
2020-06-29,28664.0,9407.0,11130.0,13271.0,872145.0,90540.0,987640.0,5722.0
2020-06-30,25445.0,8412.0,9967.0,11952.0,880786.0,88625.0,992775.0,5135.0
2020-07-01,22760.0,7542.0,9066.0,10590.0,887016.0,87767.0,997362.0,4587.0
2020-07-02,20517.0,6620.0,8068.0,9613.0,894507.0,86702.0,1001329.0,3967.0
2020-07-03,18264.0,5986.0,7284.0,8607.0,899631.0,85296.0,1004992.0,3663.0
2020-07-04,16284.0,5358.0,6389.0,7783.0,906496.0,84517.0,1008303.0,3311.0
2020-07-05,14445.0,4733.0,5870.0,7050.0,911220.0,83805.0,1011246.0,2943.0
2020-07-06,12906.0,4315.0,5209.0,6240.0,914840.0,82852.0,1013889.0,2643.0
