time,E,I1,I2,I3,R,S,cumI,diffI
2020-03-06,0.0,3.0,0.0,0.0,0.0,969815.0,0.0,0.0
2020-03-07,0.0,0.0,0.0,0.0,0.0,971554.0,0.0,0.0
2020-03-08,0.0,0.0,0.0,0.0,0.0,979978.0,0.0,0.0
2020-03-09,1.0,0.0,0.0,0.0,0.0,986603.0,0.0,0.0
2020-03-10,1.0,0.0,0.0,0.0,0.0,991747.0,0.0,0.0
2020-03-11,1.0,0.0,0.0,0.0,0.0,997572.0,0.0,0.0
2020-03-12,1.0,0.0,0.0,0.0,0.0,1002910.0,0.0,0.0
2020-03-13,2.0,0.0,0.0,0.0,0.0,1006224.0,0.0,0.0
2020-03-14,1.0,0.0,0.0,0.0,0.0,1007513.0,0.0,0.0
2020-03-15,1.0,0.0,0.0,0.0,0.0,1007771.0,0.0,0.0
2020-03-16,1.0,0.0,0.0,0.0,0.0,1008624.0,0.0,0.0
2020-03-17,2.0,0.0,0.0,0.0,1.0,1010817.0,0.0,0.0
2020-03-18,3.0,0.0,0.0,0.0,1.0,1011345.0,0.0,0.0
2020-03-19,3.0,0.0,1.0,0.0,1.0,1011083.0,0.0,0.0
2020-03-20,1.0,0.0,0.0,0.0,1.0,1011595.0,0.0,0.0
2020-03-21,0.0,0.0,1.0,0.0,0.0,1011768.0,1.0,1.0
2020-03-22,1.0,0.0,0.0,0.0,0.0,1012551.0,1.0,0.0
2020-03-23,2.0,1.0,0.0,0.0,1.0,1012217.0,2.0,1.0
2020-03-24,1.0,1.0,0.0,0.0,1.0,1011944.0,2.0,0.0
2020-03-25,0.0,0.0,1.0,0.0,3.0,1011101.0,2.0,0.0
2020-03-26,1.0,0.0,0.0,1.0,3.0,1012968.0,2.0,0.0
2020-03-27,2.0,0.0,0.0,0.0,4.0,1013488.0,2.0,0.0
2020-03-28,1.0,1.0,1.0,0.0,3.0,1014686.0,3.0,1.0
2020-03-29,1.0,1.0,0.0,1.0,4.0,1014746.0,3.0,0.0
2020-03-30,6.0,0.0,1.0,0.0,4.0,1015636.0,3.0,0.0
2020-03-31,3.0,1.0,0.0,1.0,4.0,1016413.0,4.0,1.0
2020-04-01,5.0,1.0,1.0,0.0,7.0,1016396.0,4.0,0.0
2020-04-02,4.0,2.0,2.0,0.0,9.0,1017003.0,6.0,2.0
2020-04-03,5.0,4.0,3.0,1.0,7.0,1017655.0,8.0,2.0
2020-04-04,12.0,3.0,2.0,2.0,7.0,1018569.0,8.0,0.0
2020-04-05,12.0,3.0,3.0,2.0,9.0,1017417.0,10.0,2.0
2020-04-06,12.0,4.0,1.0,1.0,12.0,1016758.0,11.0,1.0
2020-04-07,17.0,3.0,4.0,5.0,13.0,1018249.0,13.0,2.0
2020-04-08,19.0,4.0,2.0,5.0,13.0,1017843.0,16.0,3.0
2020-04-09,27.0,7.0,3.0,6.0,10.0,1017885.0,22.0,6.0
2020-04-10,32.0,9.0,5.0,3.0,17.0,1018407.0,28.0,6.0
2020-04-11,35.0,7.0,6.0,6.0,20.0,1018609.0,31.0,3.0
2020-04-12,42.0,5.0,8.0,7.0,22.0,1018491.0,35.0,4.0
2020-04-13,41.0,11.0,8.0,8.0,28.0,1019120.0,46.0,11.0
2020-04-14,40.0,14.0,8.0,3.0,33.0,1017999.0,57.0,11.0
2020-04-15,55.0,16.0,9.0,4.0,34.0,1018912.0,68.0,11.0
2020-04-16,58.0,20.0,9.0,11.0,33.0,1020290.0,82.0,14.0
2020-04-17,68.0,22.0,15.0,8.0,44.0,1021735.0,96.0,14.0
2020-04-18,90.0,17.0,18.0,15.0,56.0,1020980.0,105.0,9.0
2020-04-19,98.0,17.0,14.0,21.0,70.0,1020636.0,120.0,15.0
2020-04-20,116.0,17.0,18.0,20.0,83.0,1021362.0,136.0,16.0
2020-04-21,127.0,25.0,22.0,19.0,87.0,1020315.0,161.0,25.0
2020-04-22,149.0,40.0,25.0,17.0,101.0,1019288.0,185.0,24.0
2020-04-23,184.0,36.0,28.0,23.0,121.0,1019855.0,211.0,26.0
2020-04-24,215.0,44.0,31.0,28.0,129.0,1021009.0,240.0,29.0
2020-04-25,256.0,52.0,30.0,31.0,160.0,1021842.0,275.0,35.0
2020-04-26,297.0,66.0,41.0,36.0,183.0,1022130.0,322.0,47.0
2020-04-27,325.0,73.0,69.0,43.0,175.0,1022479.0,380.0,58.0
2020-04-28,372.0,80.0,68.0,55.0,222.0,1020755.0,435.0,55.0
2020-04-29,457.0,98.0,87.0,53.0,275.0,1022072.0,502.0,67.0
2020-04-30,533.0,122.0,83.0,67.0,305.0,1021414.0,583.0,81.0
2020-05-01,639.0,148.0,130.0,81.0,369.0,1022138.0,688.0,105.0
2020-05-02,757.0,166.0,133.0,117.0,443.0,1022244.0,814.0,126.0
2020-05-03,904.0,170.0,154.0,115.0,513.0,1021114.0,940.0,126.0
2020-05-04,1026.0,196.0,181.0,141.0,592.0,1021063.0,1119.0,179.0
2020-05-05,1190.0,231.0,210.0,153.0,706.0,1020509.0,1319.0,200.0
2020-05-06,1383.0,288.0,244.0,167.0,809.0,1020146.0,1546.0,227.0
2020-05-07,1604.0,322.0,290.0,204.0,958.0,1020816.0,1803.0,257.0
2020-05-08,1859.0,418.0,332.0,247.0,1045.0,1020277.0,2127.0,324.0
2020-05-09,2222.0,447.0,406.0,296.0,1186.0,1018706.0,2478.0,351.0
2020-05-10,2596.0,543.0,473.0,380.0,1460.0,1017728.0,2938.0,460.0
2020-05-11,3004.0,665.0,527.0,425.0,1698.0,1016751.0,3449.0,511.0
2020-05-12,3551.0,774.0,645.0,503.0,2033.0,1016793.0,4058.0,609.0
2020-05-13,4209.0,903.0,699.0,581.0,2369.0,1015018.0,4754.0,696.0
2020-05-14,4749.0,1037.0,838.0,653.0,2760.0,1013310.0,5574.0,820.0
2020-05-15,5449.0,1240.0,960.0,777.0,3260.0,1011973.0,6541.0,967.0
2020-05-16,6409.0,1441.0,1151.0,880.0,3728.0,1009938.0,7677.0,1136.0
2020-05-17,7454.0,1679.0,1322.0,1058.0,4347.0,1008096.0,8993.0,1316.0
2020-05-18,8687.0,1911.0,1535.0,1264.0,5030.0,1005036.0,10434.0,1441.0
2020-05-19,10147.0,2207.0,1774.0,1407.0,5920.0,1002532.0,12121.0,1687.0
2020-05-20,11766.0,2722.0,2129.0,1630.0,6933.0,998707.0,14203.0,2082.0
2020-05-21,13878.0,3109.0,2530.0,1974.0,8138.0,995649.0,16569.0,2366.0
2020-05-22,15978.0,3630.0,2835.0,2334.0,9396.0,990684.0,19398.0,2829.0
2020-05-23,18678.0,4140.0,3333.0,2625.0,10959.0,985410.0,22560.0,3162.0
2020-05-24,21651.0,4873.0,3831.0,3107.0,12650.0,978680.0,26325.0,3765.0
2020-05-25,24961.0,5565.0,4404.0,3609.0,14708.0,970238.0,30636.0,4311.0
2020-05-26,28677.0,6410.0,5221.0,4152.0,17151.0,962443.0,35548.0,4912.0
2020-05-27,33059.0,7505.0,5951.0,5000.0,20051.0,952813.0,41318.0,5770.0
2020-05-28,38201.0,8593.0,6837.0,5701.0,23655.0,942150.0,47923.0,6605.0
2020-05-29,43867.0,9819.0,7993.0,6506.0,27634.0,929435.0,55474.0,7551.0
2020-05-30,50309.0,11373.0,9126.0,7568.0,31714.0,914352.0,64115.0,8641.0
2020-05-31,57917.0,12881.0,10411.0,8658.0,37132.0,898367.0,73894.0,9779.0
2020-06-01,65734.0,14792.0,12028.0,10000.0,42855.0,880447.0,85231.0,11337.0
2020-06-02,74440.0,16739.0,13795.0,11322.0,49596.0,859544.0,98023.0,12792.0
2020-06-03,83447.0,19143.0,15623.0,12885.0,57430.0,837215.0,112502.0,14479.0
2020-06-04,93550.0,21676.0,18052.0,14893.0,66422.0,812356.0,128838.0,16336.0
2020-06-05,103762.0,24184.0,20225.0,16864.0,76706.0,784239.0,146953.0,18115.0
2020-06-06,115493.0,26853.0,22848.0,19233.0,88068.0,754374.0,167024.0,20071.0
2020-06-07,126681.0,29866.0,25366.0,21727.0,101152.0,722040.0,189478.0,22454.0
2020-06-08,138489.0,33115.0,28293.0,23912.0,115977.0,687886.0,214198.0,24720.0
2020-06-09,149659.0,36247.0,31185.0,26713.0,132216.0,650776.0,240955.0,26757.0
2020-06-10,160194.0,39214.0,34255.0,29756.0,150381.0,613443.0,269745.0,28790.0
2020-06-11,170290.0,41964.0,37175.0,32641.0,170554.0,576186.0,300210.0,30465.0
2020-06-12,178158.0,44491.0,40057.0,35629.0,192187.0,537866.0,332656.0,32446.0
2020-06-13,185342.0,47166.0,42390.0,38425.0,216017.0,498708.0,366587.0,33931.0
2020-06-14,190329.0,49164.0,45455.0,40839.0,241468.0,460720.0,401737.0,35150.0
2020-06-15,193649.0,50598.0,47836.0,43712.0,267364.0,424358.0,437553.0,35816.0
2020-06-16,194519.0,51634.0,49276.0,45710.0,296562.0,390435.0,473738.0,36185.0
2020-06-17,193385.0,52134.0,50664.0,47524.0,326488.0,358358.0,510126.0,36388.0
2020-06-18,190925.0,52118.0,51278.0,48973.0,356695.0,327194.0,546007.0,35881.0
2020-06-19,185994.0,52402.0,51290.0,50068.0,388214.0,299067.0,581843.0,35836.0
2020-06-20,179925.0,51454.0,51742.0,50691.0,421694.0,274156.0,616496.0,34653.0
2020-06-21,172841.0,49789.0,50803.0,51354.0,452945.0,251305.0,649993.0,33497.0
2020-06-22,164497.0,47544.0,49789.0,50713.0,485952.0,230012.0,681897.0,31904.0
2020-06-23,155637.0,45855.0,48015.0,49781.0,518443.0,211585.0,712199.0,30302.0
2020-06-24,146152.0,43297.0,46366.0,48566.0,549009.0,195176.0,740715.0,28516.0
2020-06-25,136513.0,40866.0,44391.0,46775.0,578856.0,180728.0,767294.0,26579.0
2020-06-26,127130.0,38404.0,41410.0,45284.0,607743.0,168725.0,792136.0,24842.0
2020-06-27,116822.0,36024.0,39242.0,42795.0,635359.0,157386.0,815276.0,23140.0
2020-06-28,107591.0,33332.0,36995.0,40553.0,662863.0,148055.0,836426.0,21150.0
2020-06-29,98282.0,30784.0,34533.0,38065.0,687009.0,139427.0,856121.0,19695.0
2020-06-30,89748.0,28586.0,31893.0,35686.0,710012.0,131948.0,874225.0,18104.0
2020-07-01,81618.0,25808.0,29738.0,33225.0,732032.0,125133.0,890384.0,16159.0
2020-07-02,74344.0,23611.0,27311.0,30789.0,752080.0,119410.0,905168.0,14784.0
2020-07-03,67489.0,21599.0,24944.0,28499.0,770801.0,114470.0,918517.0,13349.0
2020-07-04,61205.0,19691.0,22998.0,26173.0,788157.0,110201.0,930831.0,12314.0
2020-07-05,55115.0,17775.0,20853.0,23806.0,803233.0,106232.0,941808.0,10977.0
2020-07-06,49576.0,16300.0,19037.0,21823.0,817609.0,103027.0,951878.0,10070.0
