time,E,I1,I2,I3,R,S,cumI,diffI
2020-03-06,0.0,2.0,0.0,0.0,0.0,968985.0,0.0,0.0
2020-03-07,4.0,2.0,0.0,0.0,0.0,969790.0,0.0,0.0
2020-03-08,3.0,2.0,0.0,1.0,0.0,978529.0,1.0,1.0
2020-03-09,3.0,1.0,1.0,0.0,0.0,984940.0,2.0,1.0
2020-03-10,2.0,1.0,1.0,0.0,1.0,991741.0,3.0,1.0
2020-03-11,2.0,0.0,1.0,0.0,1.0,996055.0,3.0,0.0
2020-03-12,5.0,0.0,2.0,0.0,1.0,999310.0,3.0,0.0
2020-03-13,3.0,0.0,2.0,0.0,2.0,1002278.0,3.0,0.0
2020-03-14,1.0,1.0,0.0,2.0,1.0,1005558.0,4.0,1.0
2020-03-15,1.0,2.0,0.0,1.0,3.0,1007333.0,6.0,2.0
2020-03-16,3.0,3.0,0.0,0.0,1.0,1008673.0,6.0,0.0
2020-03-17,9.0,2.0,1.0,0.0,4.0,1010062.0,6.0,0.0
2020-03-18,9.0,3.0,1.0,1.0,4.0,1010924.0,8.0,2.0
2020-03-19,9.0,4.0,4.0,1.0,4.0,1011264.0,12.0,4.0
2020-03-20,15.0,2.0,4.0,2.0,4.0,1012054.0,13.0,1.0
2020-03-21,13.0,4.0,2.0,5.0,6.0,1012791.0,17.0,4.0
2020-03-22,19.0,3.0,0.0,5.0,5.0,1013608.0,19.0,2.0
2020-03-23,19.0,1.0,4.0,2.0,7.0,1014905.0,22.0,3.0
2020-03-24,24.0,4.0,3.0,3.0,9.0,1014939.0,24.0,2.0
2020-03-25,24.0,1.0,10.0,2.0,8.0,1015127.0,26.0,2.0
2020-03-26,27.0,6.0,7.0,2.0,9.0,1014562.0,31.0,5.0
2020-03-27,32.0,6.0,7.0,4.0,17.0,1015025.0,37.0,6.0
2020-03-28,32.0,4.0,6.0,5.0,19.0,1014932.0,41.0,4.0
2020-03-29,32.0,6.0,5.0,6.0,26.0,1014334.0,45.0,4.0
2020-03-30,48.0,4.0,3.0,5.0,21.0,1014903.0,47.0,2.0
2020-03-31,51.0,10.0,9.0,5.0,20.0,1015479.0,55.0,8.0
2020-04-01,50.0,11.0,8.0,5.0,27.0,1014991.0,61.0,6.0
2020-04-02,54.0,10.0,13.0,11.0,28.0,1015768.0,73.0,12.0
2020-04-03,53.0,12.0,6.0,7.0,37.0,1016370.0,79.0,6.0
2020-04-04,62.0,18.0,8.0,8.0,43.0,1018167.0,89.0,10.0
2020-04-05,75.0,25.0,15.0,9.0,58.0,1017476.0,103.0,14.0
2020-04-06,103.0,30.0,19.0,8.0,70.0,1015582.0,121.0,18.0
2020-04-07,123.0,27.0,24.0,18.0,67.0,1016641.0,142.0,21.0
2020-04-08,137.0,27.0,23.0,20.0,72.0,1017200.0,161.0,19.0
2020-04-09,132.0,37.0,25.0,26.0,88.0,1016909.0,190.0,29.0
2020-04-10,179.0,33.0,31.0,32.0,100.0,1016979.0,219.0,29.0
2020-04-11,200.0,50.0,35.0,29.0,140.0,1016429.0,259.0,40.0
2020-04-12,269.0,58.0,46.0,35.0,153.0,1017371.0,306.0,47.0
2020-04-13,300.0,75.0,58.0,36.0,169.0,1017703.0,365.0,59.0
2020-04-14,306.0,71.0,65.0,53.0,186.0,1018151.0,420.0,55.0
2020-04-15,377.0,99.0,78.0,56.0,218.0,1018638.0,502.0,82.0
2020-04-16,451.0,109.0,82.0,59.0,270.0,1018550.0,579.0,77.0
2020-04-17,558.0,121.0,104.0,89.0,299.0,1019338.0,661.0,82.0
2020-04-18,658.0,129.0,104.0,95.0,341.0,1019458.0,757.0,96.0
2020-04-19,741.0,174.0,133.0,92.0,411.0,1019600.0,882.0,125.0
2020-04-20,869.0,195.0,160.0,109.0,484.0,1018770.0,1020.0,138.0
2020-04-21,998.0,221.0,185.0,130.0,554.0,1018810.0,1185.0,165.0
2020-04-22,1171.0,260.0,192.0,165.0,662.0,1018293.0,1377.0,192.0
2020-04-23,1408.0,325.0,257.0,197.0,796.0,1019598.0,1625.0,248.0
2020-04-24,1680.0,353.0,311.0,215.0,931.0,1018739.0,1899.0,274.0
2020-04-25,1938.0,405.0,345.0,269.0,1070.0,1018179.0,2227.0,328.0
2020-04-26,2177.0,458.0,409.0,316.0,1242.0,1017461.0,2593.0,366.0
2020-04-27,2574.0,549.0,456.0,349.0,1471.0,1016757.0,3026.0,433.0
2020-04-28,2917.0,663.0,556.0,396.0,1737.0,1015164.0,3536.0,510.0
2020-04-29,3342.0,765.0,596.0,489.0,2049.0,1014311.0,4098.0,562.0
2020-04-30,3955.0,904.0,709.0,556.0,2324.0,1013066.0,4792.0,694.0
2020-05-01,4731.0,1017.0,849.0,655.0,2762.0,1012175.0,5552.0,760.0
2020-05-02,5498.0,1208.0,951.0,792.0,3245.0,1012327.0,6487.0,935.0
2020-05-03,6401.0,1426.0,1151.0,931.0,3780.0,1010706.0,7594.0,1107.0
2020-05-04,7469.0,1610.0,1304.0,1089.0,4410.0,1008705.0,8799.0,1205.0
2020-05-05,8652.0,1960.0,1444.0,1183.0,5068.0,1006795.0,10339.0,1540.0
2020-05-06,10157.0,2211.0,1786.0,1414.0,5875.0,1002143.0,12054.0,1715.0
2020-05-07,11741.0,2600.0,2141.0,1637.0,6879.0,999220.0,14069.0,2015.0
2020-05-08,13772.0,3011.0,2501.0,1940.0,8166.0,995165.0,16468.0,2399.0
2020-05-09,15918.0,3590.0,2822.0,2235.0,9479.0,989245.0,19196.0,2728.0
2020-05-10,18484.0,4097.0,3231.0,2676.0,11056.0,982722.0,22386.0,3190.0
2020-05-11,21486.0,4698.0,3835.0,3197.0,12807.0,976819.0,26029.0,3643.0
2020-05-12,24868.0,5460.0,4498.0,3648.0,14932.0,969833.0,30297.0,4268.0
2020-05-13,28882.0,6449.0,5309.0,4231.0,17371.0,960818.0,35321.0,5024.0
2020-05-14,33559.0,7485.0,6036.0,4899.0,20267.0,951279.0,41063.0,5742.0
2020-05-15,38471.0,8624.0,6954.0,5705.0,23812.0,939454.0,47747.0,6684.0
2020-05-16,44102.0,9907.0,8015.0,6597.0,27746.0,927356.0,55298.0,7551.0
2020-05-17,50583.0,11415.0,9402.0,7561.0,32053.0,913570.0,64060.0,8762.0
2020-05-18,57873.0,13138.0,10561.0,8702.0,37220.0,897629.0,73983.0,9923.0
2020-05-19,65661.0,15054.0,12251.0,9933.0,43472.0,879222.0,85373.0,11390.0
2020-05-20,74326.0,16818.0,13979.0,11415.0,50332.0,857934.0,98313.0,12940.0
2020-05-21,83891.0,19091.0,15993.0,13057.0,57985.0,834758.0,112745.0,14432.0
2020-05-22,93339.0,21785.0,18030.0,14935.0,67042.0,809006.0,129179.0,16434.0
2020-05-23,104073.0,24400.0,20405.0,16760.0,77021.0,781639.0,147278.0,18099.0
2020-05-24,115536.0,27431.0,22812.0,18945.0,88582.0,750714.0,167792.0,20514.0
2020-05-25,127224.0,30258.0,25683.0,21719.0,101434.0,718179.0,190393.0,22601.0
2020-05-26,138038.0,33389.0,28476.0,24260.0,115817.0,684334.0,215215.0,24822.0
2020-05-27,149522.0,36231.0,31591.0,27009.0,132403.0,648783.0,241843.0,26628.0
2020-05-28,159917.0,39120.0,34638.0,29773.0,151093.0,610103.0,270667.0,28824.0
2020-05-29,169383.0,42021.0,37340.0,32715.0,170863.0,572295.0,301388.0,30721.0
2020-05-30,177162.0,44569.0,40191.0,35833.0,192508.0,534821.0,333791.0,32403.0
2020-05-31,184107.0,47144.0,42787.0,38087.0,216319.0,496774.0,367534.0,33743.0
2020-06-01,189321.0,48804.0,45433.0,41092.0,242261.0,459644.0,402362.0,34828.0
2020-06-02,192797.0,50719.0,47177.0,43255.0,269713.0,422201.0,438314.0,35952.0
2020-06-03,193834.0,51684.0,49113.0,45807.0,297954.0,388225.0,474494.0,36180.0
2020-06-04,192252.0,52369.0,50524.0,47393.0,327599.0,355707.0,510718.0,36224.0
2020-06-05,189978.0,52341.0,51346.0,48834.0,358189.0,324554.0,546812.0,36094.0
2020-06-06,184872.0,51740.0,51198.0,50192.0,389853.0,296576.0,582023.0,35211.0
2020-06-07,179201.0,50802.0,51020.0,50839.0,421839.0,270959.0,616156.0,34133.0
2020-06-08,171863.0,49515.0,50547.0,50646.0,454778.0,248180.0,649370.0,33214.0
2020-06-09,163866.0,47448.0,49701.0,50321.0,487611.0,228231.0,680992.0,31622.0
2020-06-10,155120.0,45636.0,47956.0,49734.0,520098.0,210443.0,711448.0,30456.0
2020-06-11,145014.0,43145.0,46123.0,48326.0,550609.0,194073.0,739714.0,28266.0
2020-06-12,135137.0,40599.0,44073.0,46388.0,580929.0,179807.0,766227.0,26513.0
2020-06-13,125568.0,38425.0,41188.0,44296.0,608538.0,167311.0,790898.0,24671.0
2020-06-14,115859.0,35699.0,38881.0,42301.0,637135.0,155881.0,813674.0,22776.0
2020-06-15,106406.0,33203.0,36751.0,39647.0,664010.0,146119.0,834889.0,21215.0
2020-06-16,97537.0,30425.0,34196.0,37969.0,689186.0,137852.0,854110.0,19221.0
2020-06-17,89002.0,28215.0,31454.0,35322.0,712540.0,130572.0,871727.0,17617.0
2020-06-18,80998.0,25994.0,29178.0,33066.0,734832.0,124259.0,887871.0,16144.0
2020-06-19,73354.0,23624.0,27261.0,30663.0,755465.0,118447.0,902615.0,14744.0
2020-06-20,66784.0,21277.0,24900.0,28398.0,774424.0,114041.0,915852.0,13237.0
2020-06-21,60152.0,19328.0,22424.0,25944.0,792037.0,109492.0,927747.0,11895.0
2020-06-22,54149.0,17444.0,20376.0,23848.0,807419.0,105942.0,938514.0,10767.0
2020-06-23,48815.0,15740.0,18774.0,21640.0,822059.0,102295.0,948359.0,9845.0
2020-06-24,43682.0,14272.0,16804.0,19910.0,834034.0,99183.0,957211.0,8852.0
2020-06-25,39347.0,12784.0,15029.0,18191.0,846310.0,96523.0,965097.0,7886.0
2020-06-26,35364.0,11572.0,13643.0,16261.0,856266.0,94324.0,972114.0,7017.0
2020-06-27,31950.0,10482.0,12304.0,14677.0,865699.0,92301.0,978577.0,6463.0
2020-06-28,28579.0,9423.0,11287.0,13123.0,874929.0,90464.0,984377.0,5800.0
2020-06-29,25389.0,8313.0,10063.0,12074.0,882958.0,88634.0,989433.0,5056.0
2020-06-30,22964.0,7374.0,8909.0,10897.0,890286.0,87641.0,993960.0,4527.0
2020-07-01,20467.0,6683.0,8049.0,9681.0,896742.0,86664.0,998119.0,4159.0
2020-07-02,18217.0,6025.0,7312.0,8693.0,903340.0,85441.0,1001814.0,3695.0
2020-07-03,16330.0,5345.0,6583.0,7852.0,907874.0,84315.0,1005122.0,3308.0
2020-07-04,14542.0,4797.0,5832.0,6949.0,913036.0,83292.0,1008038.0,2916.0
2020-07-05,12925.0,4212.0,5181.0,6169.0,917298.0,82594.0,1010622.0,2584.0
2020-07-06,11612.0,3821.0,4701.0,5469.0,920642.0,82102.0,1012862.0,2240.0
