time,E,I1,I2,I3,R,S,cumI,diffI
2020-03-06,0.0,2.0,0.0,0.0,0.0,971337.0,0.0,0.0
2020-03-07,1.0,0.0,1.0,0.0,0.0,973764.0,0.0,0.0
2020-03-08,2.0,0.0,0.0,0.0,1.0,980309.0,0.0,0.0
2020-03-09,0.0,1.0,0.0,0.0,1.0,986837.0,1.0,1.0
2020-03-10,0.0,0.0,1.0,0.0,1.0,992163.0,1.0,0.0
2020-03-11,1.0,0.0,0.0,0.0,1.0,997244.0,1.0,0.0
2020-03-12,1.0,0.0,0.0,0.0,0.0,1000197.0,1.0,0.0
2020-03-13,1.0,0.0,0.0,0.0,0.0,1002956.0,1.0,0.0
2020-03-14,0.0,0.0,0.0,0.0,0.0,1005093.0,1.0,0.0
2020-03-15,0.0,0.0,0.0,0.0,0.0,1006363.0,1.0,0.0
2020-03-16,0.0,0.0,0.0,0.0,1.0,1007695.0,1.0,0.0
2020-03-17,1.0,0.0,0.0,0.0,1.0,1008597.0,1.0,0.0
2020-03-18,0.0,0.0,0.0,0.0,0.0,1010086.0,1.0,0.0
2020-03-19,0.0,0.0,0.0,0.0,0.0,1010172.0,1.0,0.0
2020-03-20,0.0,0.0,0.0,0.0,0.0,1011021.0,1.0,0.0
2020-03-21,1.0,0.0,0.0,0.0,0.0,1011236.0,1.0,0.0
2020-03-22,0.0,0.0,0.0,0.0,0.0,1012654.0,1.0,0.0
2020-03-23,0.0,0.0,1.0,0.0,0.0,1013894.0,1.0,0.0
2020-03-24,1.0,0.0,1.0,0.0,0.0,1015177.0,1.0,0.0
2020-03-25,2.0,0.0,0.0,0.0,0.0,1013508.0,1.0,0.0
2020-03-26,4.0,0.0,1.0,0.0,1.0,1013388.0,1.0,0.0
2020-03-27,5.0,0.0,1.0,1.0,1.0,1014502.0,1.0,0.0
2020-03-28,7.0,2.0,1.0,1.0,2.0,1015883.0,3.0,2.0
2020-03-29,8.0,1.0,3.0,0.0,3.0,1015846.0,4.0,1.0
2020-03-30,9.0,2.0,2.0,1.0,2.0,1016882.0,6.0,2.0
2020-03-31,13.0,2.0,3.0,1.0,5.0,1017752.0,7.0,1.0
2020-04-01,19.0,2.0,5.0,1.0,6.0,1018927.0,9.0,2.0
2020-04-02,15.0,1.0,3.0,1.0,11.0,1017478.0,10.0,1.0
2020-04-03,19.0,4.0,3.0,3.0,10.0,1016678.0,17.0,7.0
2020-04-04,23.0,6.0,4.0,2.0,10.0,1015904.0,21.0,4.0
2020-04-05,21.0,8.0,4.0,1.0,12.0,1016087.0,26.0,5.0
2020-04-06,29.0,6.0,7.0,1.0,17.0,1015452.0,29.0,3.0
2020-04-07,35.0,4.0,10.0,7.0,17.0,1014729.0,32.0,3.0
2020-04-08,30.0,12.0,4.0,5.0,22.0,1014579.0,43.0,11.0
2020-04-09,34.0,11.0,4.0,5.0,24.0,1016570.0,46.0,3.0
2020-04-10,42.0,11.0,6.0,6.0,25.0,1016141.0,55.0,9.0
2020-04-11,49.0,13.0,11.0,6.0,28.0,1016903.0,65.0,10.0
2020-04-12,79.0,15.0,7.0,14.0,37.0,1017106.0,72.0,7.0
2020-04-13,83.0,28.0,11.0,9.0,49.0,1017302.0,95.0,23.0
2020-04-14,88.0,22.0,24.0,12.0,60.0,1017101.0,111.0,16.0
2020-04-15,115.0,28.0,20.0,15.0,59.0,1020128.0,124.0,13.0
2020-04-16,137.0,39.0,26.0,20.0,78.0,1019817.0,150.0,26.0
2020-04-17,180.0,37.0,41.0,12.0,107.0,1019763.0,182.0,32.0
2020-04-18,195.0,46.0,37.0,24.0,101.0,1019571.0,218.0,36.0
2020-04-19,226.0,50.0,43.0,31.0,124.0,1019279.0,245.0,27.0
2020-04-20,274.0,63.0,47.0,36.0,132.0,1019709.0,295.0,50.0
2020-04-21,340.0,83.0,59.0,40.0,171.0,1018538.0,359.0,64.0
2020-04-22,373.0,96.0,68.0,49.0,190.0,1018989.0,430.0,71.0
2020-04-23,423.0,101.0,64.0,60.0,213.0,1019372.0,501.0,71.0
2020-04-24,521.0,95.0,83.0,55.0,276.0,1020198.0,579.0,78.0
2020-04-25,559.0,129.0,86.0,97.0,297.0,1019911.0,684.0,105.0
2020-04-26,661.0,135.0,117.0,100.0,363.0,1020818.0,797.0,113.0
2020-04-27,738.0,175.0,140.0,113.0,433.0,1020231.0,931.0,134.0
2020-04-28,897.0,197.0,172.0,127.0,508.0,1018943.0,1075.0,144.0
2020-04-29,1031.0,250.0,196.0,145.0,597.0,1019490.0,1273.0,198.0
2020-04-30,1211.0,280.0,212.0,175.0,708.0,1019870.0,1471.0,198.0
2020-05-01,1423.0,289.0,264.0,206.0,786.0,1019299.0,1694.0,223.0
2020-05-02,1690.0,341.0,311.0,225.0,916.0,1018804.0,1968.0,274.0
2020-05-03,1912.0,406.0,331.0,250.0,1082.0,1018783.0,2282.0,314.0
2020-05-04,2214.0,453.0,408.0,312.0,1241.0,1018817.0,2651.0,369.0
2020-05-05,2643.0,575.0,460.0,358.0,1470.0,1016810.0,3115.0,464.0
2020-05-06,3098.0,668.0,514.0,440.0,1750.0,1016644.0,3605.0,490.0
2020-05-07,3592.0,807.0,612.0,475.0,2090.0,1015410.0,4237.0,632.0
2020-05-08,4122.0,921.0,735.0,554.0,2369.0,1014239.0,4923.0,686.0
2020-05-09,4918.0,1048.0,851.0,653.0,2756.0,1013322.0,5713.0,790.0
2020-05-10,5705.0,1260.0,1017.0,768.0,3266.0,1010440.0,6721.0,1008.0
2020-05-11,6720.0,1438.0,1128.0,914.0,3816.0,1008577.0,7843.0,1122.0
2020-05-12,7797.0,1707.0,1327.0,1056.0,4399.0,1005839.0,9204.0,1361.0
2020-05-13,8980.0,1943.0,1588.0,1246.0,5196.0,1003385.0,10794.0,1590.0
2020-05-14,10526.0,2278.0,1864.0,1480.0,6143.0,1000409.0,12579.0,1785.0
2020-05-15,12306.0,2655.0,2178.0,1690.0,7150.0,997602.0,14686.0,2107.0
2020-05-16,14316.0,3091.0,2512.0,2052.0,8315.0,992638.0,17118.0,2432.0
2020-05-17,16667.0,3630.0,3017.0,2365.0,9688.0,989395.0,19995.0,2877.0
2020-05-18,19470.0,4266.0,3457.0,2739.0,11533.0,984409.0,23296.0,3301.0
2020-05-19,22440.0,5037.0,3988.0,3260.0,13361.0,976389.0,27229.0,3933.0
2020-05-20,26128.0,5723.0,4618.0,3774.0,15812.0,967846.0,31597.0,4368.0
2020-05-21,29944.0,6699.0,5297.0,4322.0,18239.0,960866.0,36700.0,5103.0
2020-05-22,34651.0,7687.0,6369.0,5070.0,20937.0,950190.0,42645.0,5945.0
2020-05-23,40149.0,8987.0,7347.0,5801.0,24182.0,938971.0,49520.0,6875.0
2020-05-24,45949.0,10400.0,8437.0,6841.0,28380.0,925319.0,57470.0,7950.0
2020-05-25,52522.0,12015.0,9637.0,7814.0,32955.0,910487.0,66639.0,9169.0
2020-05-26,59950.0,13560.0,11242.0,9014.0,38267.0,895008.0,76981.0,10342.0
2020-05-27,68441.0,15327.0,12811.0,10346.0,44858.0,875376.0,88628.0,11647.0
2020-05-28,77081.0,17718.0,14267.0,11849.0,51801.0,853420.0,102099.0,13471.0
2020-05-29,86317.0,19794.0,16414.0,13545.0,60056.0,828622.0,117063.0,14964.0
2020-05-30,96933.0,22361.0,18595.0,15645.0,69525.0,802865.0,133962.0,16899.0
2020-05-31,107865.0,25130.0,21240.0,17843.0,79644.0,773876.0,152927.0,18965.0
2020-06-01,118790.0,28119.0,23643.0,20011.0,92282.0,744107.0,174098.0,21171.0
2020-06-02,129854.0,31033.0,26656.0,22224.0,105607.0,712433.0,197401.0,23303.0
2020-06-03,141011.0,33878.0,29045.0,24974.0,120648.0,677964.0,222220.0,24819.0
2020-06-04,151991.0,36671.0,32120.0,27776.0,137309.0,641247.0,249206.0,26986.0
2020-06-05,163255.0,39550.0,35301.0,30426.0,156227.0,602494.0,278595.0,29389.0
2020-06-06,172243.0,42556.0,38131.0,33322.0,176243.0,564254.0,309681.0,31086.0
2020-06-07,180577.0,45278.0,40541.0,36097.0,198012.0,526537.0,342357.0,32676.0
2020-06-08,186534.0,47668.0,43384.0,39215.0,222066.0,488833.0,376427.0,34070.0
2020-06-09,190809.0,49462.0,45934.0,41870.0,248131.0,450854.0,411757.0,35330.0
2020-06-10,193160.0,51219.0,47456.0,43982.0,275490.0,414788.0,447778.0,36021.0
2020-06-11,194382.0,51876.0,49329.0,46262.0,303668.0,380129.0,483784.0,36006.0
2020-06-12,193225.0,52252.0,50806.0,47975.0,334548.0,347465.0,520219.0,36435.0
2020-06-13,189380.0,52197.0,51416.0,49149.0,365743.0,318355.0,556225.0,36006.0
2020-06-14,184735.0,51389.0,51586.0,49845.0,398443.0,290989.0,591265.0,35040.0
2020-06-15,178063.0,50956.0,51268.0,50383.0,430412.0,266965.0,625851.0,34586.0
2020-06-16,169691.0,49084.0,50541.0,50514.0,462800.0,244794.0,658566.0,32715.0
2020-06-17,161453.0,47053.0,49016.0,50407.0,495559.0,224223.0,689970.0,31404.0
2020-06-18,152136.0,44980.0,47633.0,49066.0,527963.0,206421.0,720004.0,30034.0
2020-06-19,143006.0,42854.0,45509.0,47830.0,557436.0,190444.0,747871.0,27867.0
2020-06-20,133109.0,40428.0,43781.0,45999.0,587036.0,176408.0,774282.0,26411.0
2020-06-21,123226.0,37687.0,41512.0,44283.0,616407.0,164393.0,798425.0,24143.0
2020-06-22,113777.0,35071.0,38645.0,42106.0,644164.0,153309.0,820798.0,22373.0
2020-06-23,104574.0,32875.0,36360.0,39831.0,669766.0,144634.0,841777.0,20979.0
2020-06-24,96284.0,30184.0,33878.0,37070.0,695240.0,136116.0,860599.0,18822.0
2020-06-25,87627.0,27680.0,31158.0,34723.0,716819.0,129073.0,877846.0,17247.0
2020-06-26,79552.0,25242.0,28696.0,32443.0,738690.0,123019.0,893706.0,15860.0
2020-06-27,72257.0,23199.0,26609.0,29827.0,758598.0,117553.0,908362.0,14656.0
2020-06-28,65497.0,20884.0,24286.0,27385.0,776989.0,112785.0,921410.0,13048.0
2020-06-29,59229.0,18877.0,22231.0,25464.0,793926.0,108609.0,933196.0,11786.0
2020-06-30,53319.0,17297.0,20066.0,23472.0,810086.0,104931.0,944107.0,10911.0
2020-07-01,47812.0,15610.0,18398.0,21299.0,823500.0,101698.0,953829.0,9722.0
2020-07-02,43219.0,14109.0,16629.0,19375.0,837048.0,98844.0,962377.0,8548.0
2020-07-03,38763.0,12627.0,15183.0,17784.0,849016.0,96630.0,970167.0,7790.0
2020-07-04,34668.0,11337.0,13582.0,16303.0,858617.0,94435.0,977141.0,6974.0
2020-07-05,31046.0,10233.0,12186.0,14499.0,868470.0,92346.0,983346.0,6205.0
2020-07-06,27820.0,9116.0,10878.0,13033.0,876597.0,90117.0,988846.0,5500.0
