time,E,I1,I2,I3,R,S,cumI,diffI
2020-03-06,0.0,1.0,1.0,0.0,0.0,970681.0,0.0,0.0
2020-03-07,0.0,1.0,0.0,0.0,1.0,972219.0,0.0,0.0
2020-03-08,0.0,0.0,1.0,0.0,0.0,979828.0,0.0,0.0
2020-03-09,0.0,0.0,1.0,0.0,1.0,986584.0,0.0,0.0
2020-03-10,1.0,0.0,0.0,1.0,1.0,991692.0,0.0,0.0
2020-03-11,1.0,0.0,0.0,1.0,0.0,995833.0,0.0,0.0
2020-03-12,1.0,0.0,0.0,0.0,0.0,1000175.0,0.0,0.0
2020-03-13,1.0,0.0,0.0,0.0,0.0,1002220.0,0.0,0.0
2020-03-14,0.0,1.0,0.0,0.0,0.0,1003636.0,1.0,1.0
2020-03-15,0.0,1.0,0.0,0.0,0.0,1006091.0,1.0,0.0
2020-03-16,0.0,1.0,0.0,0.0,0.0,1007321.0,1.0,0.0
2020-03-17,0.0,1.0,0.0,0.0,0.0,1008798.0,1.0,0.0
2020-03-18,0.0,0.0,0.0,0.0,0.0,1009491.0,1.0,0.0
2020-03-19,0.0,0.0,0.0,0.0,0.0,1010688.0,1.0,0.0
2020-03-20,0.0,0.0,0.0,0.0,1.0,1010960.0,1.0,0.0
2020-03-21,1.0,0.0,0.0,0.0,1.0,1011572.0,1.0,0.0
2020-03-22,1.0,0.0,0.0,0.0,0.0,1011741.0,1.0,0.0
2020-03-23,1.0,1.0,0.0,0.0,0.0,1012766.0,2.0,1.0
2020-03-24,1.0,1.0,0.0,0.0,0.0,1012857.0,2.0,0.0
2020-03-25,2.0,1.0,0.0,0.0,0.0,1013860.0,2.0,0.0
2020-03-26,2.0,0.0,1.0,0.0,1.0,1013989.0,2.0,0.0
2020-03-27,1.0,1.0,1.0,0.0,2.0,1016463.0,3.0,1.0
2020-03-28,2.0,0.0,2.0,0.0,2.0,1016510.0,3.0,0.0
2020-03-29,4.0,0.0,1.0,0.0,3.0,1017182.0,3.0,0.0
2020-03-30,3.0,0.0,0.0,1.0,3.0,1016481.0,3.0,0.0
2020-03-31,2.0,1.0,0.0,0.0,2.0,1016771.0,4.0,1.0
2020-04-01,4.0,1.0,0.0,0.0,1.0,1016118.0,4.0,0.0
2020-04-02,3.0,3.0,0.0,0.0,0.0,1015739.0,5.0,1.0
2020-04-03,8.0,2.0,1.0,0.0,0.0,1016924.0,5.0,0.0
2020-04-04,8.0,0.0,1.0,0.0,0.0,1017032.0,5.0,0.0
2020-04-05,4.0,2.0,0.0,0.0,1.0,1017654.0,7.0,2.0
2020-04-06,5.0,1.0,1.0,0.0,2.0,1018044.0,9.0,2.0
2020-04-07,2.0,3.0,0.0,0.0,2.0,1017149.0,11.0,2.0
2020-04-08,6.0,4.0,1.0,1.0,5.0,1017277.0,13.0,2.0
2020-04-09,11.0,3.0,3.0,0.0,3.0,1017793.0,14.0,1.0
2020-04-10,15.0,3.0,4.0,2.0,4.0,1019495.0,16.0,2.0
2020-04-11,14.0,4.0,5.0,2.0,7.0,1020165.0,20.0,4.0
2020-04-12,18.0,3.0,4.0,0.0,8.0,1019951.0,21.0,1.0
2020-04-13,18.0,2.0,3.0,1.0,9.0,1020355.0,24.0,3.0
2020-04-14,14.0,2.0,4.0,1.0,13.0,1020663.0,27.0,3.0
2020-04-15,12.0,3.0,3.0,5.0,14.0,1020346.0,30.0,3.0
2020-04-16,10.0,5.0,6.0,2.0,12.0,1019838.0,34.0,4.0
2020-04-17,10.0,6.0,3.0,3.0,10.0,1019908.0,36.0,2.0
2020-04-18,19.0,5.0,4.0,5.0,10.0,1020332.0,40.0,4.0
2020-04-19,32.0,9.0,6.0,9.0,13.0,1019140.0,46.0,6.0
2020-04-20,35.0,12.0,7.0,3.0,27.0,1019628.0,57.0,11.0
2020-04-21,41.0,9.0,12.0,9.0,26.0,1020164.0,63.0,6.0
2020-04-22,66.0,12.0,5.0,7.0,30.0,1020449.0,69.0,6.0
2020-04-23,67.0,14.0,9.0,8.0,42.0,1021008.0,84.0,15.0
2020-04-24,75.0,21.0,6.0,9.0,47.0,1021526.0,99.0,15.0
2020-04-25,84.0,22.0,17.0,9.0,51.0,1020408.0,110.0,11.0
2020-04-26,104.0,25.0,21.0,15.0,50.0,1020699.0,129.0,19.0
2020-04-27,122.0,29.0,19.0,11.0,72.0,1022301.0,154.0,25.0
2020-04-28,146.0,28.0,24.0,19.0,76.0,1021054.0,174.0,20.0
2020-04-29,146.0,30.0,29.0,15.0,83.0,1020396.0,198.0,24.0
2020-04-30,169.0,31.0,25.0,29.0,103.0,1021561.0,221.0,23.0
2020-05-01,201.0,43.0,31.0,28.0,109.0,1020533.0,253.0,32.0
2020-05-02,224.0,50.0,38.0,28.0,135.0,1020163.0,292.0,39.0
2020-05-03,271.0,54.0,42.0,40.0,161.0,1021052.0,333.0,41.0
2020-05-04,337.0,63.0,60.0,38.0,197.0,1023114.0,385.0,52.0
2020-05-05,385.0,64.0,71.0,54.0,232.0,1023085.0,439.0,54.0
2020-05-06,439.0,91.0,73.0,70.0,225.0,1022463.0,518.0,79.0
2020-05-07,489.0,124.0,89.0,80.0,277.0,1022531.0,615.0,97.0
2020-05-08,614.0,134.0,101.0,91.0,353.0,1022046.0,710.0,95.0
2020-05-09,697.0,165.0,116.0,97.0,435.0,1020483.0,853.0,143.0
2020-05-10,835.0,193.0,154.0,127.0,489.0,1021743.0,990.0,137.0
2020-05-11,1040.0,225.0,175.0,156.0,556.0,1020897.0,1142.0,152.0
2020-05-12,1181.0,262.0,234.0,162.0,642.0,1021423.0,1385.0,243.0
2020-05-13,1449.0,292.0,259.0,200.0,756.0,1021670.0,1611.0,226.0
2020-05-14,1644.0,314.0,263.0,214.0,905.0,1021371.0,1858.0,247.0
2020-05-15,1837.0,420.0,294.0,244.0,1056.0,1021284.0,2185.0,327.0
2020-05-16,2140.0,443.0,371.0,282.0,1151.0,1020254.0,2516.0,331.0
2020-05-17,2480.0,543.0,416.0,359.0,1315.0,1018021.0,2943.0,427.0
2020-05-18,2942.0,610.0,480.0,441.0,1530.0,1017891.0,3406.0,463.0
2020-05-19,3371.0,704.0,599.0,507.0,1792.0,1016126.0,3976.0,570.0
2020-05-20,3873.0,791.0,717.0,597.0,2146.0,1016710.0,4623.0,647.0
2020-05-21,4520.0,981.0,812.0,660.0,2557.0,1016272.0,5413.0,790.0
2020-05-22,5167.0,1161.0,991.0,739.0,2976.0,1014746.0,6358.0,945.0
2020-05-23,6215.0,1344.0,1137.0,914.0,3485.0,1012393.0,7388.0,1030.0
2020-05-24,7291.0,1576.0,1304.0,1069.0,4114.0,1010170.0,8609.0,1221.0
2020-05-25,8625.0,1863.0,1489.0,1180.0,4860.0,1008086.0,10055.0,1446.0
2020-05-26,9875.0,2128.0,1765.0,1315.0,5710.0,1004857.0,11749.0,1694.0
2020-05-27,11508.0,2518.0,2063.0,1571.0,6587.0,1001859.0,13744.0,1995.0
2020-05-28,13440.0,2963.0,2286.0,1971.0,7611.0,996979.0,16021.0,2277.0
2020-05-29,15631.0,3418.0,2742.0,2199.0,8905.0,992872.0,18738.0,2717.0
2020-05-30,18090.0,3959.0,3189.0,2519.0,10477.0,988119.0,21785.0,3047.0
2020-05-31,20753.0,4578.0,3756.0,2872.0,12001.0,982278.0,25266.0,3481.0
2020-06-01,24072.0,5102.0,4254.0,3589.0,14037.0,974489.0,29250.0,3984.0
2020-06-02,27403.0,6002.0,4931.0,4099.0,16494.0,966861.0,33994.0,4744.0
2020-06-03,31670.0,7088.0,5581.0,4691.0,19422.0,957412.0,39449.0,5455.0
2020-06-04,36332.0,8161.0,6580.0,5245.0,22678.0,946931.0,45773.0,6324.0
2020-06-05,41894.0,9441.0,7645.0,6154.0,26221.0,935032.0,52921.0,7148.0
2020-06-06,48108.0,11016.0,8876.0,7089.0,30413.0,922413.0,61328.0,8407.0
2020-06-07,55314.0,12551.0,10150.0,8181.0,35277.0,905386.0,70828.0,9500.0
2020-06-08,62491.0,14280.0,11615.0,9390.0,41019.0,887437.0,81702.0,10874.0
2020-06-09,71087.0,16114.0,13518.0,11004.0,47496.0,867242.0,93998.0,12296.0
2020-06-10,80507.0,18390.0,15356.0,12640.0,55222.0,844422.0,108187.0,14189.0
2020-06-11,90343.0,20652.0,17415.0,14298.0,63729.0,820671.0,123915.0,15728.0
2020-06-12,100602.0,23480.0,19695.0,16202.0,73185.0,794583.0,141466.0,17551.0
2020-06-13,110979.0,26197.0,22246.0,18330.0,83975.0,764546.0,161133.0,19667.0
2020-06-14,122614.0,29109.0,24761.0,20879.0,96234.0,732064.0,182764.0,21631.0
2020-06-15,134189.0,32047.0,27527.0,23330.0,110459.0,699321.0,206510.0,23746.0
2020-06-16,145589.0,34917.0,30611.0,26049.0,125932.0,664532.0,232283.0,25773.0
2020-06-17,156951.0,37700.0,33437.0,28550.0,143596.0,627552.0,260024.0,27741.0
2020-06-18,166033.0,41082.0,36110.0,31294.0,162772.0,590118.0,290064.0,30040.0
2020-06-19,175309.0,43701.0,39172.0,34121.0,183975.0,551769.0,321958.0,31894.0
2020-06-20,182671.0,46210.0,41726.0,37174.0,206416.0,513127.0,355349.0,33391.0
2020-06-21,188320.0,48318.0,44317.0,39997.0,231198.0,475912.0,390044.0,34695.0
2020-06-22,191476.0,49691.0,46582.0,42798.0,258171.0,438498.0,425452.0,35408.0
2020-06-23,193517.0,51395.0,48025.0,45221.0,286978.0,404057.0,461534.0,36082.0
2020-06-24,193649.0,51963.0,49908.0,46993.0,315846.0,369842.0,497520.0,35986.0
2020-06-25,191681.0,52615.0,50925.0,48510.0,345865.0,337873.0,533866.0,36346.0
2020-06-26,187220.0,51857.0,51422.0,50014.0,377733.0,309530.0,569602.0,35736.0
2020-06-27,181976.0,50965.0,51185.0,51253.0,410257.0,282146.0,604357.0,34755.0
2020-06-28,174719.0,49975.0,50703.0,51016.0,441765.0,258626.0,637812.0,33455.0
2020-06-29,167082.0,48081.0,49922.0,50526.0,474145.0,236848.0,669812.0,32000.0
2020-06-30,158262.0,46408.0,48849.0,49447.0,505627.0,217564.0,700588.0,30776.0
2020-07-01,149181.0,44320.0,46904.0,48439.0,537159.0,201080.0,729634.0,29046.0
2020-07-02,139272.0,41697.0,44895.0,47383.0,567674.0,185795.0,756841.0,27207.0
2020-07-03,129491.0,39184.0,42668.0,45395.0,596518.0,172305.0,782209.0,25368.0
2020-07-04,120087.0,36569.0,40448.0,43375.0,625558.0,160367.0,805695.0,23486.0
2020-07-05,110556.0,34099.0,37808.0,41402.0,651353.0,150394.0,827547.0,21852.0
2020-07-06,101686.0,31676.0,35445.0,38996.0,676346.0,141549.0,847707.0,20160.0
