time,E,I1,I2,I3,R,S,cumI,diffI
2020-03-06,0.0,2.0,1.0,0.0,0.0,969965.0,0.0,0.0
2020-03-07,1.0,0.0,1.0,0.0,0.0,971589.0,0.0,0.0
2020-03-08,3.0,0.0,0.0,1.0,0.0,980401.0,0.0,0.0
2020-03-09,4.0,0.0,0.0,1.0,0.0,987696.0,0.0,0.0
2020-03-10,3.0,1.0,1.0,0.0,1.0,993190.0,2.0,2.0
2020-03-11,3.0,0.0,0.0,0.0,1.0,996725.0,2.0,0.0
2020-03-12,1.0,1.0,0.0,0.0,1.0,1000267.0,2.0,0.0
2020-03-13,2.0,1.0,0.0,0.0,0.0,1003398.0,2.0,0.0
2020-03-14,2.0,1.0,0.0,1.0,0.0,1004891.0,3.0,1.0
2020-03-15,1.0,1.0,1.0,2.0,1.0,1007153.0,5.0,2.0
2020-03-16,4.0,0.0,2.0,0.0,2.0,1008357.0,5.0,0.0
2020-03-17,4.0,1.0,0.0,0.0,0.0,1009050.0,6.0,1.0
2020-03-18,4.0,1.0,0.0,0.0,0.0,1010755.0,6.0,0.0
2020-03-19,4.0,1.0,0.0,0.0,1.0,1011381.0,6.0,0.0
2020-03-20,5.0,0.0,1.0,0.0,1.0,1011956.0,6.0,0.0
2020-03-21,6.0,1.0,1.0,0.0,0.0,1013775.0,6.0,0.0
2020-03-22,4.0,2.0,3.0,1.0,0.0,1012029.0,10.0,4.0
2020-03-23,9.0,1.0,3.0,2.0,0.0,1013213.0,10.0,0.0
2020-03-24,6.0,3.0,1.0,2.0,3.0,1014310.0,12.0,2.0
2020-03-25,10.0,3.0,2.0,1.0,3.0,1014186.0,13.0,1.0
2020-03-26,10.0,4.0,4.0,2.0,2.0,1014906.0,15.0,2.0
2020-03-27,14.0,2.0,5.0,2.0,3.0,1015948.0,17.0,2.0
2020-03-28,17.0,6.0,5.0,0.0,4.0,1015529.0,23.0,6.0
2020-03-29,20.0,5.0,2.0,4.0,4.0,1015708.0,25.0,2.0
2020-03-30,20.0,7.0,2.0,3.0,6.0,1016094.0,28.0,3.0
2020-03-31,20.0,7.0,2.0,3.0,6.0,1016646.0,33.0,5.0
2020-04-01,18.0,3.0,4.0,1.0,6.0,1017495.0,34.0,1.0
2020-04-02,23.0,4.0,1.0,5.0,4.0,1017785.0,38.0,4.0
2020-04-03,22.0,7.0,3.0,2.0,12.0,1018052.0,48.0,10.0
2020-04-04,30.0,9.0,8.0,3.0,12.0,1018673.0,52.0,4.0
2020-04-05,35.0,12.0,9.0,2.0,11.0,1018709.0,63.0,11.0
2020-04-06,43.0,12.0,15.0,9.0,14.0,1018450.0,71.0,8.0
2020-04-07,57.0,16.0,12.0,9.0,21.0,1018383.0,80.0,9.0
2020-04-08,58.0,17.0,14.0,7.0,24.0,1019537.0,90.0,10.0
2020-04-09,62.0,20.0,12.0,14.0,29.0,1018097.0,108.0,18.0
2020-04-10,80.0,22.0,18.0,10.0,45.0,1019600.0,121.0,13.0
2020-04-11,105.0,23.0,19.0,19.0,56.0,1019145.0,137.0,16.0
2020-04-12,137.0,29.0,23.0,25.0,62.0,1019257.0,158.0,21.0
2020-04-13,156.0,19.0,23.0,27.0,81.0,1019002.0,174.0,16.0
2020-04-14,167.0,32.0,20.0,23.0,87.0,1019036.0,203.0,29.0
2020-04-15,206.0,37.0,27.0,23.0,110.0,1018800.0,232.0,29.0
2020-04-16,207.0,52.0,35.0,33.0,135.0,1018117.0,282.0,50.0
2020-04-17,238.0,58.0,42.0,38.0,165.0,1019924.0,327.0,45.0
2020-04-18,297.0,81.0,49.0,39.0,198.0,1021637.0,385.0,58.0
2020-04-19,369.0,89.0,67.0,68.0,221.0,1020972.0,451.0,66.0
2020-04-20,461.0,100.0,73.0,64.0,246.0,1020551.0,517.0,66.0
2020-04-21,484.0,119.0,101.0,82.0,300.0,1020847.0,625.0,108.0
2020-04-22,581.0,127.0,109.0,85.0,326.0,1018984.0,724.0,99.0
2020-04-23,654.0,159.0,116.0,101.0,355.0,1018935.0,848.0,124.0
2020-04-24,767.0,173.0,122.0,132.0,419.0,1018030.0,988.0,140.0
2020-04-25,904.0,202.0,140.0,130.0,517.0,1018207.0,1136.0,148.0
2020-04-26,1055.0,262.0,171.0,166.0,588.0,1018340.0,1335.0,199.0
2020-04-27,1282.0,274.0,232.0,163.0,728.0,1018652.0,1538.0,203.0
2020-04-28,1495.0,320.0,249.0,199.0,870.0,1018190.0,1765.0,227.0
2020-04-29,1759.0,361.0,301.0,241.0,996.0,1017195.0,2039.0,274.0
2020-04-30,1993.0,426.0,361.0,261.0,1203.0,1016480.0,2382.0,343.0
2020-05-01,2313.0,518.0,434.0,326.0,1425.0,1016803.0,2761.0,379.0
2020-05-02,2772.0,606.0,502.0,368.0,1609.0,1016271.0,3199.0,438.0
2020-05-03,3217.0,717.0,557.0,450.0,1848.0,1016346.0,3726.0,527.0
2020-05-04,3801.0,855.0,637.0,579.0,2129.0,1014628.0,4380.0,654.0
2020-05-05,4435.0,953.0,776.0,635.0,2532.0,1013449.0,5136.0,756.0
2020-05-06,5323.0,1119.0,891.0,740.0,3015.0,1011982.0,6019.0,883.0
2020-05-07,6008.0,1317.0,1049.0,874.0,3492.0,1010762.0,7043.0,1024.0
2020-05-08,6857.0,1577.0,1205.0,1023.0,4112.0,1008405.0,8254.0,1211.0
2020-05-09,8088.0,1758.0,1409.0,1146.0,4824.0,1006003.0,9558.0,1304.0
2020-05-10,9544.0,2092.0,1641.0,1303.0,5633.0,1003005.0,11145.0,1587.0
2020-05-11,11114.0,2481.0,1942.0,1562.0,6542.0,999118.0,13066.0,1921.0
2020-05-12,13038.0,2897.0,2279.0,1890.0,7620.0,995580.0,15293.0,2227.0
2020-05-13,15265.0,3292.0,2769.0,2186.0,8857.0,991295.0,17880.0,2587.0
2020-05-14,17644.0,3937.0,3099.0,2553.0,10287.0,987343.0,20933.0,3053.0
2020-05-15,20383.0,4627.0,3644.0,2897.0,12006.0,981685.0,24486.0,3553.0
2020-05-16,23798.0,5220.0,4312.0,3435.0,14113.0,973849.0,28543.0,4057.0
2020-05-17,27633.0,6243.0,4903.0,4114.0,16427.0,964238.0,33299.0,4756.0
2020-05-18,31790.0,7287.0,5836.0,4643.0,19271.0,954990.0,38815.0,5516.0
2020-05-19,36856.0,8142.0,6662.0,5397.0,22444.0,943609.0,44930.0,6115.0
2020-05-20,42217.0,9441.0,7559.0,6403.0,26047.0,932935.0,52147.0,7217.0
2020-05-21,48358.0,10971.0,8892.0,7198.0,30525.0,919341.0,60587.0,8440.0
2020-05-22,55547.0,12654.0,10225.0,8320.0,35501.0,902542.0,70247.0,9660.0
2020-05-23,63261.0,14393.0,11810.0,9563.0,41051.0,884729.0,81122.0,10875.0
2020-05-24,71657.0,16605.0,13425.0,10903.0,47493.0,863898.0,93550.0,12428.0
2020-05-25,81483.0,18555.0,15504.0,12698.0,55088.0,842656.0,107571.0,14021.0
2020-05-26,91123.0,21149.0,17503.0,14563.0,64126.0,815791.0,123638.0,16067.0
2020-05-27,101625.0,23744.0,19619.0,16660.0,73958.0,788695.0,141541.0,17903.0
2020-05-28,112829.0,26166.0,22292.0,18876.0,85298.0,759334.0,161188.0,19647.0
2020-05-29,124420.0,29203.0,24778.0,20815.0,98369.0,727505.0,183224.0,22036.0
2020-05-30,135498.0,32186.0,27765.0,23318.0,112403.0,693915.0,207372.0,24148.0
2020-05-31,146747.0,35246.0,30660.0,26062.0,128171.0,659249.0,233640.0,26268.0
2020-06-01,157768.0,38296.0,33748.0,29005.0,145411.0,621692.0,261941.0,28301.0
2020-06-02,167514.0,41387.0,36508.0,32073.0,165112.0,583773.0,292227.0,30286.0
2020-06-03,176478.0,44098.0,39967.0,35016.0,186897.0,544016.0,324347.0,32120.0
2020-06-04,183679.0,46409.0,41919.0,37991.0,210700.0,505990.0,357624.0,33277.0
2020-06-05,189177.0,48454.0,44914.0,40591.0,235531.0,467730.0,392270.0,34646.0
2020-06-06,192821.0,50468.0,47040.0,43273.0,262308.0,430836.0,428060.0,35790.0
2020-06-07,193663.0,52152.0,48531.0,45433.0,291932.0,395647.0,464426.0,36366.0
2020-06-08,193447.0,52339.0,50420.0,47540.0,321274.0,361365.0,500932.0,36506.0
2020-06-09,191323.0,52417.0,51411.0,48902.0,352713.0,329659.0,537200.0,36268.0
2020-06-10,186703.0,52170.0,51333.0,50267.0,384961.0,300977.0,572786.0,35586.0
2020-06-11,180973.0,51143.0,51557.0,50767.0,417471.0,275305.0,607454.0,34668.0
2020-06-12,174020.0,50014.0,50784.0,50868.0,450426.0,251303.0,641077.0,33623.0
2020-06-13,165490.0,48357.0,50013.0,50704.0,483380.0,229880.0,673352.0,32275.0
2020-06-14,156200.0,46244.0,48147.0,49762.0,516198.0,211034.0,703440.0,30088.0
2020-06-15,146808.0,43798.0,46403.0,48494.0,547956.0,194139.0,732129.0,28689.0
2020-06-16,137140.0,41139.0,44774.0,46858.0,578375.0,180042.0,758834.0,26705.0
2020-06-17,127159.0,39084.0,42627.0,45316.0,607799.0,166711.0,784163.0,25329.0
2020-06-18,117099.0,36324.0,40018.0,43102.0,636908.0,155320.0,807360.0,23197.0
2020-06-19,107425.0,33681.0,37187.0,40794.0,662795.0,145629.0,828664.0,21304.0
2020-06-20,98143.0,30905.0,34669.0,38382.0,688578.0,136790.0,848014.0,19350.0
2020-06-21,89290.0,28648.0,32117.0,35839.0,713427.0,129301.0,865993.0,17979.0
2020-06-22,81222.0,26028.0,29779.0,33394.0,734139.0,123049.0,882227.0,16234.0
2020-06-23,73598.0,23816.0,27082.0,31146.0,753924.0,117245.0,896967.0,14740.0
2020-06-24,66658.0,21755.0,24699.0,28597.0,772326.0,112491.0,910350.0,13383.0
2020-06-25,60170.0,19485.0,22941.0,25960.0,790853.0,108547.0,922435.0,12085.0
2020-06-26,54363.0,17646.0,20694.0,23835.0,806385.0,104513.0,933252.0,10817.0
2020-06-27,48858.0,15782.0,18737.0,21804.0,820840.0,100623.0,942926.0,9674.0
2020-06-28,43800.0,14468.0,16993.0,19940.0,834194.0,97726.0,951899.0,8973.0
2020-06-29,39319.0,12955.0,15358.0,17981.0,846325.0,95258.0,959783.0,7884.0
2020-06-30,35159.0,11551.0,13601.0,16413.0,857179.0,92981.0,966863.0,7080.0
2020-07-01,31539.0,10465.0,12228.0,14864.0,866575.0,91098.0,973316.0,6453.0
2020-07-02,28081.0,9477.0,10898.0,13308.0,875307.0,89274.0,979061.0,5745.0
2020-07-03,25052.0,8354.0,9878.0,11862.0,883679.0,87676.0,984146.0,5085.0
2020-07-04,22404.0,7443.0,8921.0,10884.0,891057.0,85980.0,988571.0,4425.0
2020-07-05,20100.0,6584.0,7786.0,9743.0,897185.0,84837.0,992549.0,3978.0
2020-07-06,17841.0,5961.0,7181.0,8479.0,903406.0,83916.0,996228.0,3679.0
