time,E,I1,I2,I3,R,S,cumI,diffI
2020-03-06,1.0,3.0,0.0,0.0,0.0,970062.0,0.0,0.0
2020-03-07,3.0,1.0,0.0,0.0,0.0,972052.0,0.0,0.0
2020-03-08,3.0,0.0,1.0,0.0,0.0,979996.0,0.0,0.0
2020-03-09,2.0,0.0,0.0,1.0,0.0,986910.0,0.0,0.0
2020-03-10,2.0,0.0,0.0,0.0,0.0,992441.0,0.0,0.0
2020-03-11,1.0,0.0,0.0,0.0,1.0,997676.0,0.0,0.0
2020-03-12,1.0,0.0,0.0,0.0,1.0,1000949.0,0.0,0.0
2020-03-13,1.0,0.0,0.0,0.0,1.0,1003378.0,0.0,0.0
2020-03-14,1.0,0.0,0.0,0.0,0.0,1004781.0,0.0,0.0
2020-03-15,1.0,1.0,0.0,0.0,0.0,1006714.0,1.0,1.0
2020-03-16,2.0,1.0,0.0,0.0,0.0,1009040.0,1.0,0.0
2020-03-17,2.0,0.0,0.0,0.0,0.0,1010174.0,1.0,0.0
2020-03-18,1.0,0.0,1.0,1.0,0.0,1010342.0,1.0,0.0
2020-03-19,2.0,0.0,0.0,0.0,1.0,1012481.0,1.0,0.0
2020-03-20,3.0,0.0,0.0,0.0,2.0,1012984.0,2.0,1.0
2020-03-21,2.0,1.0,0.0,0.0,2.0,1012744.0,3.0,1.0
2020-03-22,5.0,1.0,0.0,0.0,2.0,1013569.0,3.0,0.0
2020-03-23,8.0,1.0,1.0,0.0,3.0,1013607.0,4.0,1.0
2020-03-24,3.0,1.0,0.0,1.0,3.0,1013938.0,5.0,1.0
2020-03-25,6.0,0.0,1.0,1.0,4.0,1013258.0,5.0,0.0
2020-03-26,8.0,0.0,1.0,1.0,7.0,1013951.0,5.0,0.0
2020-03-27,12.0,0.0,0.0,2.0,6.0,1013910.0,5.0,0.0
2020-03-28,11.0,2.0,1.0,2.0,7.0,1014827.0,8.0,3.0
2020-03-29,14.0,2.0,4.0,1.0,2.0,1014519.0,10.0,2.0
2020-03-30,14.0,4.0,2.0,3.0,2.0,1015342.0,12.0,2.0
2020-03-31,14.0,3.0,1.0,2.0,6.0,1015422.0,13.0,1.0
2020-04-01,19.0,3.0,1.0,3.0,6.0,1015879.0,16.0,3.0
2020-04-02,29.0,4.0,2.0,2.0,7.0,1016198.0,18.0,2.0
2020-04-03,36.0,5.0,4.0,2.0,12.0,1016095.0,23.0,5.0
2020-04-04,43.0,6.0,10.0,2.0,14.0,1015334.0,31.0,8.0
2020-04-05,36.0,11.0,4.0,10.0,20.0,1015665.0,40.0,9.0
2020-04-06,40.0,10.0,8.0,11.0,23.0,1016146.0,51.0,11.0
2020-04-07,56.0,15.0,11.0,15.0,32.0,1016943.0,63.0,12.0
2020-04-08,57.0,16.0,12.0,10.0,40.0,1016651.0,76.0,13.0
2020-04-09,66.0,15.0,9.0,9.0,46.0,1017102.0,87.0,11.0
2020-04-10,67.0,26.0,9.0,6.0,49.0,1017955.0,107.0,20.0
2020-04-11,89.0,20.0,18.0,14.0,56.0,1018047.0,121.0,14.0
2020-04-12,110.0,25.0,30.0,20.0,58.0,1019508.0,137.0,16.0
2020-04-13,114.0,31.0,23.0,23.0,69.0,1019548.0,163.0,26.0
2020-04-14,134.0,32.0,29.0,22.0,71.0,1020731.0,192.0,29.0
2020-04-15,172.0,41.0,34.0,24.0,93.0,1020027.0,227.0,35.0
2020-04-16,198.0,48.0,40.0,30.0,115.0,1020007.0,273.0,46.0
2020-04-17,245.0,68.0,43.0,36.0,128.0,1019362.0,323.0,50.0
2020-04-18,292.0,70.0,59.0,47.0,162.0,1018095.0,374.0,51.0
2020-04-19,341.0,68.0,56.0,52.0,193.0,1018636.0,429.0,55.0
2020-04-20,365.0,106.0,44.0,63.0,208.0,1018129.0,505.0,76.0
2020-04-21,405.0,116.0,80.0,59.0,246.0,1018775.0,599.0,94.0
2020-04-22,481.0,121.0,91.0,81.0,308.0,1019125.0,678.0,79.0
2020-04-23,612.0,127.0,88.0,86.0,346.0,1020432.0,772.0,94.0
2020-04-24,654.0,155.0,120.0,104.0,361.0,1020183.0,899.0,127.0
2020-04-25,813.0,153.0,150.0,131.0,450.0,1019214.0,1021.0,122.0
2020-04-26,935.0,200.0,175.0,144.0,548.0,1018721.0,1202.0,181.0
2020-04-27,1103.0,242.0,199.0,155.0,664.0,1019278.0,1398.0,196.0
2020-04-28,1298.0,306.0,209.0,179.0,746.0,1017960.0,1618.0,220.0
2020-04-29,1548.0,330.0,276.0,225.0,867.0,1018483.0,1883.0,265.0
2020-04-30,1801.0,393.0,308.0,231.0,1022.0,1017604.0,2181.0,298.0
2020-05-01,2104.0,473.0,356.0,286.0,1211.0,1016835.0,2548.0,367.0
2020-05-02,2322.0,556.0,402.0,363.0,1385.0,1015551.0,2977.0,429.0
2020-05-03,2759.0,625.0,465.0,410.0,1587.0,1015301.0,3434.0,457.0
2020-05-04,3301.0,707.0,542.0,445.0,1904.0,1015030.0,3979.0,545.0
2020-05-05,3790.0,869.0,611.0,510.0,2240.0,1013629.0,4647.0,668.0
2020-05-06,4382.0,1004.0,785.0,601.0,2601.0,1012615.0,5400.0,753.0
2020-05-07,5258.0,1201.0,935.0,768.0,3017.0,1012271.0,6291.0,891.0
2020-05-08,6230.0,1354.0,1108.0,867.0,3591.0,1010005.0,7322.0,1031.0
2020-05-09,7192.0,1587.0,1260.0,1046.0,4178.0,1007375.0,8501.0,1179.0
2020-05-10,8461.0,1864.0,1431.0,1189.0,4891.0,1004864.0,9914.0,1413.0
2020-05-11,9775.0,2177.0,1743.0,1382.0,5676.0,1001553.0,11617.0,1703.0
2020-05-12,11510.0,2543.0,2050.0,1633.0,6699.0,998473.0,13606.0,1989.0
2020-05-13,13361.0,2878.0,2438.0,1887.0,7889.0,996129.0,15843.0,2237.0
2020-05-14,15580.0,3414.0,2736.0,2151.0,9131.0,991545.0,18502.0,2659.0
2020-05-15,17813.0,4093.0,3227.0,2600.0,10614.0,985773.0,21670.0,3168.0
2020-05-16,21041.0,4735.0,3801.0,2980.0,12328.0,980728.0,25228.0,3558.0
2020-05-17,24566.0,5540.0,4445.0,3549.0,14527.0,972628.0,29475.0,4247.0
2020-05-18,28446.0,6403.0,5052.0,4169.0,17035.0,963103.0,34381.0,4906.0
2020-05-19,32779.0,7532.0,5889.0,4718.0,20097.0,953533.0,40119.0,5738.0
2020-05-20,38048.0,8701.0,6970.0,5567.0,23377.0,942370.0,46675.0,6556.0
2020-05-21,43409.0,9941.0,8071.0,6494.0,27336.0,929832.0,54349.0,7674.0
2020-05-22,50103.0,11233.0,9114.0,7550.0,31843.0,914529.0,62878.0,8529.0
2020-05-23,57011.0,12895.0,10580.0,8483.0,36931.0,899683.0,72823.0,9945.0
2020-05-24,64713.0,14662.0,12076.0,9825.0,42915.0,881158.0,84014.0,11191.0
2020-05-25,73626.0,16559.0,13979.0,11405.0,49572.0,860234.0,96706.0,12692.0
2020-05-26,82743.0,18980.0,15756.0,12906.0,57379.0,836792.0,111334.0,14628.0
2020-05-27,92937.0,21241.0,18092.0,14881.0,65981.0,812210.0,127631.0,16297.0
2020-05-28,103887.0,23881.0,20124.0,16852.0,76252.0,784246.0,145657.0,18026.0
2020-05-29,114855.0,26773.0,22684.0,18934.0,87735.0,756213.0,165723.0,20066.0
2020-05-30,126907.0,29939.0,25353.0,21441.0,100083.0,723094.0,188134.0,22411.0
2020-05-31,138042.0,32941.0,28196.0,23941.0,115113.0,688081.0,212820.0,24686.0
2020-06-01,149099.0,35680.0,31143.0,26605.0,131362.0,652474.0,239489.0,26669.0
2020-06-02,159684.0,39048.0,34041.0,29613.0,149288.0,615145.0,268379.0,28890.0
2020-06-03,169089.0,41707.0,37130.0,32332.0,168829.0,576497.0,298873.0,30494.0
2020-06-04,177519.0,44945.0,40092.0,35420.0,190816.0,537708.0,331592.0,32719.0
2020-06-05,184752.0,47013.0,42575.0,38399.0,214570.0,499030.0,365262.0,33670.0
2020-06-06,189985.0,49046.0,45019.0,40819.0,240386.0,461311.0,400397.0,35135.0
2020-06-07,192944.0,50480.0,47376.0,43471.0,267258.0,425124.0,436258.0,35861.0
2020-06-08,193961.0,51514.0,48826.0,45756.0,296338.0,389988.0,472302.0,36044.0
2020-06-09,192736.0,52341.0,50263.0,47064.0,326548.0,357647.0,508441.0,36139.0
2020-06-10,190253.0,52098.0,51140.0,48948.0,356810.0,327671.0,544493.0,36052.0
2020-06-11,185849.0,51417.0,51262.0,49836.0,388001.0,300358.0,579644.0,35151.0
2020-06-12,179582.0,50659.0,51194.0,50180.0,419417.0,274393.0,613892.0,34248.0
2020-06-13,171790.0,49392.0,50240.0,50471.0,452428.0,250742.0,646920.0,33028.0
2020-06-14,164518.0,47731.0,49119.0,50376.0,485264.0,229855.0,678628.0,31708.0
2020-06-15,155224.0,45570.0,47748.0,49308.0,516970.0,211403.0,708812.0,30184.0
2020-06-16,144906.0,43463.0,46045.0,48119.0,548097.0,195167.0,737320.0,28508.0
2020-06-17,135397.0,41061.0,43890.0,46705.0,579027.0,179869.0,764081.0,26761.0
2020-06-18,125403.0,38389.0,41968.0,44171.0,609199.0,167859.0,788938.0,24857.0
2020-06-19,115801.0,36010.0,39487.0,42373.0,635978.0,156954.0,811893.0,22955.0
2020-06-20,106731.0,33244.0,36968.0,40118.0,662022.0,147592.0,833004.0,21111.0
2020-06-21,97999.0,30550.0,34251.0,38229.0,686623.0,138867.0,852405.0,19401.0
2020-06-22,89228.0,28545.0,31614.0,35590.0,709820.0,131446.0,870391.0,17986.0
2020-06-23,81356.0,26139.0,29291.0,33095.0,731996.0,124789.0,886661.0,16270.0
2020-06-24,74002.0,23735.0,27081.0,30795.0,753065.0,119041.0,901376.0,14715.0
2020-06-25,67106.0,21457.0,24818.0,28537.0,772327.0,114121.0,914691.0,13315.0
2020-06-26,60436.0,19646.0,22801.0,25952.0,788827.0,110011.0,926951.0,12260.0
2020-06-27,54200.0,17771.0,20852.0,24003.0,804310.0,106199.0,937931.0,10980.0
2020-06-28,48806.0,16088.0,18917.0,21946.0,818957.0,102750.0,947848.0,9917.0
2020-06-29,43909.0,14601.0,16994.0,20050.0,832137.0,99745.0,956693.0,8845.0
2020-06-30,39494.0,13010.0,15571.0,18249.0,843867.0,97290.0,964716.0,8023.0
2020-07-01,35632.0,11737.0,14026.0,16621.0,854940.0,95006.0,971952.0,7236.0
2020-07-02,32073.0,10594.0,12535.0,14992.0,864641.0,93481.0,978402.0,6450.0
2020-07-03,28750.0,9597.0,11259.0,13673.0,873676.0,91562.0,984174.0,5772.0
2020-07-04,25880.0,8509.0,10270.0,12203.0,881448.0,89490.0,989419.0,5245.0
2020-07-05,23192.0,7623.0,9052.0,10904.0,888069.0,88495.0,994071.0,4652.0
2020-07-06,20672.0,6907.0,8240.0,9726.0,894492.0,86916.0,998239.0,4168.0
