time,E,I1,I2,I3,R,S,cumI,diffI
2020-03-06,0.0,3.0,0.0,0.0,0.0,970125.0,0.0,0.0
2020-03-07,1.0,3.0,0.0,0.0,0.0,973952.0,0.0,0.0
2020-03-08,3.0,2.0,1.0,0.0,0.0,980927.0,0.0,0.0
2020-03-09,2.0,1.0,1.0,0.0,0.0,987875.0,0.0,0.0
2020-03-10,3.0,0.0,1.0,0.0,0.0,992932.0,0.0,0.0
2020-03-11,3.0,0.0,1.0,0.0,0.0,996727.0,0.0,0.0
2020-03-12,2.0,1.0,0.0,0.0,0.0,998778.0,0.0,0.0
2020-03-13,3.0,0.0,1.0,0.0,0.0,1001675.0,0.0,0.0
2020-03-14,2.0,0.0,1.0,0.0,0.0,1003428.0,0.0,0.0
2020-03-15,4.0,0.0,0.0,0.0,0.0,1005870.0,0.0,0.0
2020-03-16,1.0,2.0,0.0,0.0,0.0,1008709.0,2.0,2.0
2020-03-17,5.0,0.0,2.0,0.0,0.0,1009884.0,2.0,0.0
2020-03-18,5.0,1.0,3.0,1.0,2.0,1010777.0,4.0,2.0
2020-03-19,9.0,0.0,2.0,1.0,0.0,1011555.0,4.0,0.0
2020-03-20,8.0,2.0,1.0,2.0,2.0,1012424.0,5.0,1.0
2020-03-21,12.0,1.0,1.0,1.0,7.0,1013339.0,6.0,1.0
2020-03-22,10.0,3.0,2.0,1.0,5.0,1012995.0,8.0,2.0
2020-03-23,13.0,3.0,2.0,1.0,6.0,1014553.0,11.0,3.0
2020-03-24,14.0,1.0,2.0,2.0,5.0,1014218.0,12.0,1.0
2020-03-25,17.0,3.0,3.0,1.0,6.0,1014616.0,15.0,3.0
2020-03-26,27.0,3.0,5.0,3.0,5.0,1015194.0,17.0,2.0
2020-03-27,29.0,9.0,4.0,3.0,7.0,1014110.0,23.0,6.0
2020-03-28,30.0,8.0,6.0,5.0,14.0,1014174.0,29.0,6.0
2020-03-29,36.0,8.0,4.0,5.0,15.0,1013852.0,34.0,5.0
2020-03-30,39.0,12.0,8.0,5.0,20.0,1014883.0,47.0,13.0
2020-03-31,48.0,12.0,8.0,8.0,24.0,1014791.0,55.0,8.0
2020-04-01,56.0,8.0,7.0,15.0,18.0,1014935.0,60.0,5.0
2020-04-02,61.0,13.0,11.0,7.0,35.0,1014508.0,68.0,8.0
2020-04-03,82.0,16.0,14.0,13.0,36.0,1014560.0,83.0,15.0
2020-04-04,90.0,22.0,12.0,15.0,57.0,1014427.0,101.0,18.0
2020-04-05,102.0,22.0,18.0,17.0,67.0,1015564.0,115.0,14.0
2020-04-06,110.0,26.0,17.0,13.0,87.0,1016248.0,136.0,21.0
2020-04-07,117.0,26.0,27.0,15.0,86.0,1016280.0,152.0,16.0
2020-04-08,140.0,33.0,28.0,20.0,89.0,1017079.0,167.0,15.0
2020-04-09,180.0,37.0,32.0,32.0,103.0,1018435.0,197.0,30.0
2020-04-10,223.0,42.0,36.0,32.0,109.0,1017965.0,227.0,30.0
2020-04-11,237.0,58.0,39.0,29.0,137.0,1018552.0,271.0,44.0
2020-04-12,272.0,52.0,46.0,37.0,185.0,1018099.0,311.0,40.0
2020-04-13,315.0,69.0,52.0,47.0,178.0,1017096.0,361.0,50.0
2020-04-14,372.0,80.0,66.0,58.0,238.0,1017154.0,425.0,64.0
2020-04-15,417.0,118.0,77.0,53.0,267.0,1018367.0,526.0,101.0
2020-04-16,512.0,111.0,101.0,64.0,303.0,1019041.0,610.0,84.0
2020-04-17,604.0,132.0,127.0,78.0,375.0,1018579.0,724.0,114.0
2020-04-18,722.0,155.0,126.0,100.0,428.0,1018663.0,837.0,113.0
2020-04-19,808.0,189.0,142.0,118.0,493.0,1019335.0,982.0,145.0
2020-04-20,943.0,200.0,165.0,138.0,571.0,1019340.0,1141.0,159.0
2020-04-21,1079.0,234.0,173.0,156.0,664.0,1019470.0,1332.0,191.0
2020-04-22,1325.0,272.0,234.0,189.0,751.0,1018979.0,1555.0,223.0
2020-04-23,1600.0,339.0,259.0,237.0,872.0,1018541.0,1822.0,267.0
2020-04-24,1837.0,427.0,303.0,261.0,1027.0,1018047.0,2141.0,319.0
2020-04-25,2169.0,496.0,398.0,317.0,1211.0,1016190.0,2523.0,382.0
2020-04-26,2514.0,584.0,439.0,377.0,1465.0,1015464.0,2949.0,426.0
2020-04-27,3009.0,654.0,508.0,422.0,1714.0,1013677.0,3439.0,490.0
2020-04-28,3426.0,771.0,658.0,472.0,2007.0,1013711.0,4036.0,597.0
2020-04-29,4074.0,948.0,728.0,548.0,2311.0,1014491.0,4754.0,718.0
2020-04-30,4752.0,1076.0,785.0,651.0,2705.0,1011935.0,5584.0,830.0
2020-05-01,5570.0,1198.0,932.0,799.0,3170.0,1010049.0,6495.0,911.0
2020-05-02,6454.0,1399.0,1114.0,906.0,3682.0,1007847.0,7589.0,1094.0
2020-05-03,7481.0,1686.0,1327.0,1073.0,4332.0,1006426.0,8912.0,1323.0
2020-05-04,8932.0,1985.0,1523.0,1205.0,5120.0,1004549.0,10369.0,1457.0
2020-05-05,10278.0,2266.0,1789.0,1441.0,5977.0,1002209.0,12119.0,1750.0
2020-05-06,12024.0,2602.0,2087.0,1644.0,6844.0,998093.0,14081.0,1962.0
2020-05-07,13978.0,3128.0,2492.0,1889.0,8084.0,994782.0,16440.0,2359.0
2020-05-08,16071.0,3609.0,3012.0,2281.0,9502.0,988645.0,19222.0,2782.0
2020-05-09,18674.0,4219.0,3320.0,2685.0,11044.0,984375.0,22434.0,3212.0
2020-05-10,21519.0,4953.0,3842.0,3159.0,12886.0,978374.0,26209.0,3775.0
2020-05-11,24979.0,5715.0,4572.0,3640.0,14992.0,971750.0,30567.0,4358.0
2020-05-12,29008.0,6521.0,5343.0,4210.0,17502.0,961772.0,35571.0,5004.0
2020-05-13,33400.0,7525.0,6040.0,4924.0,20344.0,951060.0,41286.0,5715.0
2020-05-14,38484.0,8715.0,7026.0,5650.0,23914.0,939049.0,48007.0,6721.0
2020-05-15,44300.0,10023.0,8093.0,6743.0,27621.0,926720.0,55658.0,7651.0
2020-05-16,50826.0,11492.0,9266.0,7488.0,32281.0,912611.0,64398.0,8740.0
2020-05-17,58065.0,13261.0,10692.0,8653.0,37501.0,897037.0,74618.0,10220.0
2020-05-18,65965.0,15047.0,12272.0,10292.0,43285.0,879199.0,86016.0,11398.0
2020-05-19,75164.0,16964.0,14067.0,11619.0,50373.0,859370.0,99018.0,13002.0
2020-05-20,84531.0,19231.0,16272.0,13217.0,58205.0,837005.0,113805.0,14787.0
2020-05-21,94276.0,21796.0,18194.0,15264.0,67127.0,809860.0,130355.0,16550.0
2020-05-22,104773.0,24230.0,20535.0,17195.0,77185.0,781473.0,148723.0,18368.0
2020-05-23,115996.0,26936.0,22920.0,19145.0,88930.0,751480.0,168862.0,20139.0
2020-05-24,127241.0,29913.0,25508.0,21767.0,101899.0,721041.0,191120.0,22258.0
2020-05-25,138666.0,32712.0,28261.0,24218.0,116871.0,685649.0,215461.0,24341.0
2020-05-26,149871.0,36253.0,30873.0,27049.0,132924.0,649473.0,242146.0,26685.0
2020-05-27,160059.0,39205.0,34102.0,29811.0,150660.0,612724.0,270961.0,28815.0
2020-05-28,169557.0,42079.0,37434.0,32754.0,170939.0,574242.0,301770.0,30809.0
2020-05-29,178001.0,44753.0,40441.0,35394.0,192718.0,536243.0,334064.0,32294.0
2020-05-30,185182.0,47132.0,43025.0,38301.0,216329.0,498340.0,367858.0,33794.0
2020-05-31,190110.0,49217.0,45298.0,41411.0,242016.0,460905.0,402964.0,35106.0
2020-06-01,192569.0,50590.0,47065.0,43583.0,269223.0,425290.0,439011.0,36047.0
2020-06-02,193633.0,51658.0,49062.0,45742.0,297808.0,389985.0,475383.0,36372.0
2020-06-03,192751.0,52134.0,50252.0,47298.0,327450.0,357189.0,511847.0,36464.0
2020-06-04,190599.0,52268.0,51106.0,48760.0,357400.0,326836.0,547873.0,36026.0
2020-06-05,185697.0,51844.0,51638.0,49677.0,389601.0,298070.0,583333.0,35460.0
2020-06-06,179123.0,50558.0,51263.0,50568.0,421333.0,272274.0,617781.0,34448.0
2020-06-07,171934.0,49372.0,50207.0,50557.0,453714.0,249694.0,651266.0,33485.0
2020-06-08,164104.0,47300.0,49333.0,50176.0,485872.0,229134.0,682797.0,31531.0
2020-06-09,155157.0,45373.0,47898.0,49293.0,518757.0,211200.0,712848.0,30051.0
2020-06-10,145623.0,43426.0,46192.0,48264.0,549466.0,195145.0,741301.0,28453.0
2020-06-11,135980.0,40997.0,44320.0,46605.0,579228.0,180706.0,767767.0,26466.0
2020-06-12,127167.0,38477.0,41833.0,44604.0,608426.0,168005.0,792425.0,24658.0
2020-06-13,117160.0,36059.0,39375.0,42647.0,635081.0,156881.0,815876.0,23451.0
2020-06-14,107717.0,33324.0,37001.0,40696.0,661330.0,147669.0,837052.0,21176.0
2020-06-15,98551.0,30661.0,34742.0,38460.0,685875.0,139560.0,856787.0,19735.0
2020-06-16,90290.0,28239.0,31987.0,35780.0,710218.0,131932.0,874510.0,17723.0
2020-06-17,81932.0,25938.0,29441.0,33413.0,732161.0,125329.0,890977.0,16467.0
2020-06-18,74301.0,23983.0,27102.0,30762.0,752185.0,119730.0,906092.0,15115.0
2020-06-19,67704.0,21604.0,25242.0,28699.0,771733.0,114646.0,919553.0,13461.0
2020-06-20,61376.0,19548.0,22684.0,26415.0,788855.0,110420.0,931760.0,12207.0
2020-06-21,55312.0,17944.0,20528.0,24042.0,805334.0,106374.0,942847.0,11087.0
2020-06-22,49737.0,16085.0,18838.0,21826.0,819175.0,103186.0,952717.0,9870.0
2020-06-23,44739.0,14730.0,17146.0,20032.0,831762.0,100411.0,961839.0,9122.0
2020-06-24,40149.0,13239.0,15427.0,18248.0,843286.0,97680.0,969784.0,7945.0
2020-06-25,35953.0,12049.0,13983.0,16904.0,853970.0,95337.0,977151.0,7367.0
2020-06-26,32281.0,10727.0,12717.0,15123.0,864546.0,93473.0,983740.0,6589.0
2020-06-27,29127.0,9528.0,11466.0,13587.0,873087.0,91486.0,989514.0,5774.0
2020-06-28,26070.0,8723.0,10323.0,12177.0,881662.0,89733.0,994816.0,5302.0
2020-06-29,23474.0,7734.0,9244.0,11041.0,888084.0,88714.0,999430.0,4614.0
2020-06-30,20961.0,7037.0,8477.0,10093.0,895177.0,87501.0,1003703.0,4273.0
2020-07-01,18888.0,6279.0,7499.0,8908.0,901405.0,86445.0,1007434.0,3731.0
2020-07-02,16905.0,5525.0,6690.0,8021.0,905605.0,85279.0,1010812.0,3378.0
2020-07-03,15000.0,5090.0,5967.0,7155.0,910372.0,84464.0,1013947.0,3135.0
2020-07-04,13275.0,4521.0,5353.0,6542.0,915051.0,83296.0,1016730.0,2783.0
2020-07-05,12015.0,3909.0,4776.0,5824.0,919361.0,82765.0,1019011.0,2281.0
2020-07-06,10614.0,3611.0,4214.0,5159.0,921777.0,82277.0,1021240.0,2229.0
