time,E,I1,I2,I3,R,S,cumI,diffI
2020-03-06,0.0,2.0,0.0,0.0,0.0,970654.0,0.0,0.0
2020-03-07,0.0,1.0,0.0,0.0,0.0,974121.0,0.0,0.0
2020-03-08,2.0,0.0,0.0,0.0,0.0,980501.0,0.0,0.0
2020-03-09,2.0,0.0,0.0,0.0,0.0,986834.0,0.0,0.0
2020-03-10,2.0,0.0,0.0,0.0,0.0,991824.0,0.0,0.0
2020-03-11,2.0,0.0,1.0,0.0,0.0,996649.0,1.0,1.0
2020-03-12,4.0,0.0,1.0,0.0,2.0,999894.0,1.0,0.0
2020-03-13,5.0,3.0,0.0,0.0,2.0,1003154.0,4.0,3.0
2020-03-14,6.0,1.0,0.0,1.0,0.0,1005367.0,5.0,1.0
2020-03-15,6.0,2.0,2.0,0.0,1.0,1007868.0,8.0,3.0
2020-03-16,7.0,1.0,2.0,2.0,0.0,1008096.0,8.0,0.0
2020-03-17,9.0,2.0,2.0,1.0,1.0,1010114.0,10.0,2.0
2020-03-18,13.0,1.0,3.0,1.0,1.0,1011080.0,12.0,2.0
2020-03-19,12.0,1.0,4.0,0.0,3.0,1011695.0,14.0,2.0
2020-03-20,9.0,3.0,2.0,0.0,3.0,1011884.0,16.0,2.0
2020-03-21,11.0,3.0,1.0,0.0,3.0,1013950.0,17.0,1.0
2020-03-22,9.0,3.0,4.0,1.0,2.0,1015320.0,20.0,3.0
2020-03-23,5.0,1.0,0.0,4.0,5.0,1015335.0,23.0,3.0
2020-03-24,9.0,2.0,1.0,3.0,7.0,1013825.0,25.0,2.0
2020-03-25,10.0,1.0,0.0,2.0,7.0,1014429.0,25.0,0.0
2020-03-26,8.0,1.0,1.0,0.0,5.0,1015847.0,26.0,1.0
2020-03-27,11.0,2.0,0.0,3.0,10.0,1016026.0,26.0,0.0
2020-03-28,13.0,2.0,0.0,2.0,12.0,1015745.0,27.0,1.0
2020-03-29,17.0,4.0,1.0,0.0,14.0,1014470.0,29.0,2.0
2020-03-30,14.0,2.0,7.0,1.0,10.0,1015257.0,33.0,4.0
2020-03-31,16.0,5.0,1.0,0.0,13.0,1015665.0,35.0,2.0
2020-04-01,15.0,4.0,4.0,1.0,10.0,1015549.0,38.0,3.0
2020-04-02,26.0,4.0,4.0,6.0,9.0,1017738.0,41.0,3.0
2020-04-03,28.0,7.0,2.0,6.0,11.0,1018173.0,48.0,7.0
2020-04-04,41.0,6.0,4.0,6.0,20.0,1018316.0,51.0,3.0
2020-04-05,34.0,9.0,5.0,8.0,24.0,1017463.0,61.0,10.0
2020-04-06,49.0,9.0,7.0,11.0,28.0,1018227.0,71.0,10.0
2020-04-07,68.0,4.0,7.0,11.0,36.0,1018454.0,72.0,1.0
2020-04-08,59.0,16.0,5.0,12.0,36.0,1017153.0,87.0,15.0
2020-04-09,86.0,11.0,14.0,9.0,40.0,1018025.0,95.0,8.0
2020-04-10,102.0,18.0,18.0,6.0,49.0,1018220.0,109.0,14.0
2020-04-11,111.0,27.0,15.0,19.0,46.0,1018727.0,129.0,20.0
2020-04-12,117.0,23.0,27.0,17.0,69.0,1018829.0,145.0,16.0
2020-04-13,136.0,40.0,21.0,16.0,89.0,1018088.0,173.0,28.0
2020-04-14,154.0,36.0,31.0,16.0,94.0,1019202.0,196.0,23.0
2020-04-15,184.0,44.0,32.0,26.0,100.0,1018659.0,231.0,35.0
2020-04-16,209.0,51.0,40.0,33.0,113.0,1018915.0,273.0,42.0
2020-04-17,252.0,50.0,56.0,44.0,134.0,1019415.0,313.0,40.0
2020-04-18,309.0,76.0,48.0,47.0,179.0,1020210.0,371.0,58.0
2020-04-19,372.0,78.0,65.0,64.0,208.0,1019991.0,429.0,58.0
2020-04-20,442.0,105.0,74.0,71.0,246.0,1020388.0,505.0,76.0
2020-04-21,516.0,105.0,77.0,73.0,274.0,1019907.0,588.0,83.0
2020-04-22,627.0,117.0,91.0,72.0,332.0,1020003.0,676.0,88.0
2020-04-23,684.0,134.0,107.0,92.0,359.0,1021585.0,797.0,121.0
2020-04-24,799.0,180.0,120.0,96.0,437.0,1021101.0,924.0,127.0
2020-04-25,862.0,209.0,166.0,117.0,496.0,1019730.0,1078.0,154.0
2020-04-26,1039.0,241.0,175.0,162.0,575.0,1018352.0,1251.0,173.0
2020-04-27,1176.0,272.0,194.0,146.0,707.0,1018664.0,1449.0,198.0
2020-04-28,1413.0,319.0,231.0,180.0,775.0,1019209.0,1673.0,224.0
2020-04-29,1669.0,392.0,282.0,242.0,887.0,1018616.0,1959.0,286.0
2020-04-30,1963.0,436.0,354.0,264.0,1045.0,1018441.0,2302.0,343.0
2020-05-01,2246.0,514.0,411.0,318.0,1216.0,1017803.0,2724.0,422.0
2020-05-02,2627.0,565.0,464.0,410.0,1418.0,1017765.0,3128.0,404.0
2020-05-03,3119.0,648.0,553.0,446.0,1699.0,1016999.0,3657.0,529.0
2020-05-04,3702.0,837.0,656.0,512.0,1975.0,1015752.0,4335.0,678.0
2020-05-05,4263.0,984.0,767.0,613.0,2376.0,1015053.0,5040.0,705.0
2020-05-06,4967.0,1150.0,882.0,760.0,2799.0,1012355.0,5917.0,877.0
2020-05-07,5789.0,1281.0,1022.0,832.0,3258.0,1011570.0,6887.0,970.0
2020-05-08,6811.0,1493.0,1194.0,992.0,3809.0,1008937.0,8049.0,1162.0
2020-05-09,7913.0,1783.0,1351.0,1088.0,4471.0,1006787.0,9439.0,1390.0
2020-05-10,9135.0,2032.0,1632.0,1306.0,5108.0,1004901.0,10960.0,1521.0
2020-05-11,10799.0,2344.0,1852.0,1539.0,6077.0,1000976.0,12745.0,1785.0
2020-05-12,12508.0,2711.0,2229.0,1813.0,7094.0,997203.0,14885.0,2140.0
2020-05-13,14476.0,3116.0,2567.0,2159.0,8344.0,992479.0,17314.0,2429.0
2020-05-14,16824.0,3709.0,2952.0,2466.0,9758.0,987927.0,20155.0,2841.0
2020-05-15,19522.0,4287.0,3598.0,2752.0,11530.0,982903.0,23461.0,3306.0
2020-05-16,22512.0,5055.0,4047.0,3296.0,13421.0,974954.0,27384.0,3923.0
2020-05-17,26284.0,5965.0,4671.0,3825.0,15619.0,967586.0,31970.0,4586.0
2020-05-18,30343.0,6943.0,5463.0,4443.0,18278.0,957865.0,37184.0,5214.0
2020-05-19,34964.0,7779.0,6472.0,5116.0,21232.0,949076.0,43235.0,6051.0
2020-05-20,39947.0,8942.0,7415.0,5852.0,25017.0,938192.0,50107.0,6872.0
2020-05-21,45808.0,10147.0,8467.0,6814.0,29199.0,925635.0,58028.0,7921.0
2020-05-22,52242.0,11791.0,9687.0,7863.0,33535.0,910956.0,67014.0,8986.0
2020-05-23,59665.0,13483.0,11110.0,9125.0,39129.0,893544.0,77291.0,10277.0
2020-05-24,67753.0,15476.0,12726.0,10451.0,45233.0,872784.0,89050.0,11759.0
2020-05-25,76871.0,17443.0,14457.0,11983.0,52186.0,851122.0,102382.0,13332.0
2020-05-26,86648.0,19828.0,16376.0,13525.0,60221.0,828385.0,117453.0,15071.0
2020-05-27,96470.0,22325.0,18605.0,15720.0,69539.0,801817.0,134527.0,17074.0
2020-05-28,107551.0,25028.0,20899.0,17728.0,80014.0,773900.0,153516.0,18989.0
2020-05-29,119131.0,28018.0,23664.0,19987.0,91849.0,743274.0,174440.0,20924.0
2020-05-30,130972.0,30871.0,26477.0,22351.0,105461.0,709895.0,197366.0,22926.0
2020-05-31,141917.0,34068.0,29259.0,25055.0,120723.0,676648.0,222744.0,25378.0
2020-06-01,153062.0,37250.0,32473.0,27839.0,137218.0,640284.0,250297.0,27553.0
2020-06-02,162836.0,40168.0,35249.0,30777.0,155811.0,602580.0,279797.0,29500.0
2020-06-03,172305.0,42699.0,38406.0,33565.0,176182.0,564051.0,311097.0,31300.0
2020-06-04,179991.0,45466.0,41009.0,36306.0,198498.0,525476.0,344214.0,33117.0
2020-06-05,186987.0,47466.0,43281.0,39254.0,222569.0,487660.0,378082.0,33868.0
2020-06-06,191068.0,49396.0,46019.0,41417.0,248415.0,450586.0,413428.0,35346.0
2020-06-07,193802.0,51031.0,48171.0,43894.0,275373.0,414293.0,449594.0,36166.0
2020-06-08,194396.0,52022.0,49862.0,46288.0,303755.0,380755.0,485927.0,36333.0
2020-06-09,192269.0,52549.0,50886.0,48247.0,334487.0,348618.0,522308.0,36381.0
2020-06-10,189586.0,52083.0,51417.0,49504.0,366232.0,318977.0,557923.0,35615.0
2020-06-11,184455.0,51436.0,51601.0,50294.0,397994.0,291701.0,593015.0,35092.0
2020-06-12,177681.0,50559.0,51151.0,50493.0,430188.0,266620.0,627126.0,34111.0
2020-06-13,170212.0,49387.0,50204.0,50578.0,461538.0,243871.0,660190.0,33064.0
2020-06-14,161443.0,47171.0,49121.0,50128.0,495039.0,223635.0,691436.0,31246.0
2020-06-15,151854.0,45339.0,47643.0,49255.0,527077.0,206176.0,721153.0,29717.0
2020-06-16,142469.0,42883.0,45627.0,48026.0,558190.0,190828.0,748984.0,27831.0
2020-06-17,132601.0,40370.0,43155.0,46302.0,587903.0,176890.0,775055.0,26071.0
2020-06-18,123419.0,37690.0,40984.0,44341.0,616449.0,164244.0,799096.0,24041.0
2020-06-19,113451.0,35021.0,38776.0,42077.0,645143.0,153917.0,821466.0,22370.0
2020-06-20,104311.0,32461.0,36152.0,39392.0,671225.0,144573.0,841937.0,20471.0
2020-06-21,95474.0,29840.0,33590.0,37308.0,695134.0,136337.0,860937.0,19000.0
2020-06-22,86904.0,27175.0,31288.0,34916.0,718111.0,128702.0,878254.0,17317.0
2020-06-23,79127.0,24956.0,28862.0,32102.0,738819.0,122434.0,894013.0,15759.0
2020-06-24,71844.0,22885.0,26487.0,29963.0,758330.0,116839.0,908285.0,14272.0
2020-06-25,65271.0,21091.0,24066.0,27704.0,776675.0,112226.0,921293.0,13008.0
2020-06-26,59026.0,19041.0,22211.0,25423.0,792987.0,108315.0,933031.0,11738.0
2020-06-27,53204.0,17372.0,20254.0,23246.0,808409.0,105092.0,943660.0,10629.0
2020-06-28,47970.0,15427.0,18472.0,21435.0,823449.0,101419.0,953195.0,9535.0
2020-06-29,43103.0,14064.0,16662.0,19741.0,835421.0,98371.0,961959.0,8764.0
2020-06-30,38695.0,12637.0,14966.0,17808.0,847794.0,95803.0,969668.0,7709.0
2020-07-01,34760.0,11363.0,13699.0,16114.0,859081.0,93603.0,976671.0,7003.0
2020-07-02,30978.0,10403.0,12308.0,14590.0,868653.0,91631.0,982911.0,6240.0
2020-07-03,27718.0,9411.0,10969.0,13153.0,877009.0,90061.0,988636.0,5725.0
2020-07-04,24799.0,8290.0,9928.0,11981.0,882904.0,88436.0,993707.0,5071.0
2020-07-05,22156.0,7402.0,8907.0,10771.0,891095.0,86947.0,998238.0,4531.0
2020-07-06,19697.0,6636.0,7993.0,9613.0,897640.0,85486.0,1002261.0,4023.0
