time,E,I1,I2,I3,R,S,cumI,diffI
2020-03-06,0.0,2.0,0.0,0.0,0.0,970228.0,0.0,0.0
2020-03-07,1.0,1.0,0.0,0.0,0.0,973338.0,0.0,0.0
2020-03-08,1.0,1.0,0.0,0.0,0.0,979221.0,0.0,0.0
2020-03-09,1.0,0.0,1.0,0.0,0.0,985002.0,0.0,0.0
2020-03-10,1.0,0.0,0.0,1.0,0.0,990598.0,0.0,0.0
2020-03-11,0.0,0.0,0.0,0.0,2.0,996376.0,0.0,0.0
2020-03-12,0.0,0.0,0.0,0.0,1.0,999553.0,0.0,0.0
2020-03-13,0.0,0.0,0.0,0.0,1.0,1003151.0,0.0,0.0
2020-03-14,0.0,0.0,0.0,0.0,0.0,1004952.0,0.0,0.0
2020-03-15,1.0,1.0,0.0,0.0,0.0,1006138.0,0.0,0.0
2020-03-16,1.0,0.0,0.0,0.0,1.0,1007955.0,0.0,0.0
2020-03-17,1.0,0.0,0.0,1.0,1.0,1010163.0,0.0,0.0
2020-03-18,0.0,0.0,0.0,0.0,1.0,1010652.0,0.0,0.0
2020-03-19,2.0,0.0,0.0,0.0,2.0,1011940.0,0.0,0.0
2020-03-20,2.0,0.0,0.0,0.0,2.0,1012390.0,0.0,0.0
2020-03-21,4.0,0.0,0.0,0.0,1.0,1013305.0,0.0,0.0
2020-03-22,4.0,0.0,0.0,1.0,1.0,1013418.0,0.0,0.0
2020-03-23,1.0,2.0,1.0,0.0,1.0,1013776.0,3.0,3.0
2020-03-24,5.0,1.0,2.0,1.0,1.0,1014482.0,3.0,0.0
2020-03-25,6.0,1.0,2.0,2.0,2.0,1014150.0,3.0,0.0
2020-03-26,7.0,0.0,2.0,0.0,4.0,1015181.0,3.0,0.0
2020-03-27,6.0,1.0,1.0,0.0,4.0,1014059.0,4.0,1.0
2020-03-28,9.0,0.0,4.0,0.0,5.0,1014335.0,6.0,2.0
2020-03-29,10.0,0.0,6.0,0.0,5.0,1014655.0,8.0,2.0
2020-03-30,12.0,0.0,4.0,2.0,4.0,1015323.0,8.0,0.0
2020-03-31,7.0,0.0,2.0,4.0,4.0,1015958.0,10.0,2.0
2020-04-01,10.0,4.0,2.0,5.0,6.0,1016225.0,13.0,3.0
2020-04-02,8.0,2.0,3.0,1.0,8.0,1017247.0,14.0,1.0
2020-04-03,13.0,5.0,3.0,1.0,11.0,1016911.0,18.0,4.0
2020-04-04,18.0,5.0,2.0,4.0,9.0,1016522.0,20.0,2.0
2020-04-05,27.0,3.0,4.0,4.0,13.0,1016882.0,21.0,1.0
2020-04-06,28.0,6.0,10.0,1.0,17.0,1017473.0,29.0,8.0
2020-04-07,26.0,11.0,10.0,2.0,22.0,1017839.0,40.0,11.0
2020-04-08,33.0,9.0,8.0,4.0,19.0,1017802.0,47.0,7.0
2020-04-09,36.0,2.0,8.0,6.0,15.0,1019522.0,52.0,5.0
2020-04-10,42.0,3.0,6.0,7.0,29.0,1019508.0,56.0,4.0
2020-04-11,54.0,11.0,7.0,9.0,29.0,1019076.0,66.0,10.0
2020-04-12,56.0,19.0,3.0,10.0,31.0,1018436.0,80.0,14.0
2020-04-13,62.0,11.0,12.0,13.0,37.0,1018271.0,93.0,13.0
2020-04-14,85.0,16.0,19.0,10.0,43.0,1018628.0,108.0,15.0
2020-04-15,105.0,28.0,16.0,11.0,53.0,1017728.0,125.0,17.0
2020-04-16,116.0,29.0,22.0,16.0,64.0,1018562.0,145.0,20.0
2020-04-17,142.0,26.0,38.0,19.0,81.0,1018900.0,171.0,26.0
2020-04-18,162.0,22.0,35.0,22.0,94.0,1018450.0,186.0,15.0
2020-04-19,180.0,46.0,33.0,24.0,99.0,1018842.0,235.0,49.0
2020-04-20,191.0,51.0,42.0,29.0,117.0,1019124.0,276.0,41.0
2020-04-21,236.0,45.0,47.0,29.0,145.0,1020191.0,305.0,29.0
2020-04-22,269.0,56.0,51.0,43.0,177.0,1019314.0,357.0,52.0
2020-04-23,303.0,76.0,60.0,48.0,187.0,1019489.0,413.0,56.0
2020-04-24,381.0,73.0,62.0,60.0,228.0,1018802.0,462.0,49.0
2020-04-25,413.0,97.0,73.0,48.0,253.0,1018324.0,531.0,69.0
2020-04-26,483.0,113.0,95.0,71.0,268.0,1019406.0,614.0,83.0
2020-04-27,572.0,119.0,114.0,71.0,314.0,1019347.0,709.0,95.0
2020-04-28,682.0,132.0,128.0,102.0,360.0,1020135.0,825.0,116.0
2020-04-29,830.0,145.0,141.0,116.0,444.0,1019231.0,954.0,129.0
2020-04-30,984.0,206.0,156.0,134.0,520.0,1019289.0,1117.0,163.0
2020-05-01,1081.0,230.0,172.0,162.0,574.0,1019982.0,1300.0,183.0
2020-05-02,1242.0,276.0,210.0,187.0,690.0,1019905.0,1535.0,235.0
2020-05-03,1498.0,321.0,275.0,210.0,842.0,1018979.0,1775.0,240.0
2020-05-04,1763.0,355.0,329.0,237.0,994.0,1018980.0,2062.0,287.0
2020-05-05,2096.0,418.0,334.0,305.0,1143.0,1018798.0,2380.0,318.0
2020-05-06,2445.0,519.0,394.0,344.0,1407.0,1018590.0,2787.0,407.0
2020-05-07,2827.0,624.0,489.0,378.0,1653.0,1016694.0,3263.0,476.0
2020-05-08,3268.0,708.0,608.0,450.0,1917.0,1016392.0,3825.0,562.0
2020-05-09,3828.0,820.0,672.0,561.0,2209.0,1016320.0,4467.0,642.0
2020-05-10,4469.0,939.0,836.0,626.0,2628.0,1014575.0,5250.0,783.0
2020-05-11,5140.0,1126.0,955.0,713.0,3067.0,1013107.0,6125.0,875.0
2020-05-12,6071.0,1326.0,1105.0,854.0,3516.0,1012428.0,7175.0,1050.0
2020-05-13,7076.0,1574.0,1281.0,1001.0,4097.0,1010916.0,8399.0,1224.0
2020-05-14,8395.0,1811.0,1496.0,1171.0,4875.0,1008975.0,9796.0,1397.0
2020-05-15,9798.0,2166.0,1683.0,1385.0,5748.0,1005208.0,11435.0,1639.0
2020-05-16,11324.0,2567.0,1991.0,1617.0,6666.0,1002320.0,13416.0,1981.0
2020-05-17,13313.0,2932.0,2395.0,1943.0,7785.0,998074.0,15692.0,2276.0
2020-05-18,15441.0,3415.0,2722.0,2260.0,9183.0,992889.0,18301.0,2609.0
2020-05-19,17814.0,3988.0,3160.0,2613.0,10684.0,987370.0,21428.0,3127.0
2020-05-20,20826.0,4703.0,3581.0,2965.0,12538.0,979744.0,25027.0,3599.0
2020-05-21,24292.0,5417.0,4354.0,3422.0,14491.0,973197.0,29203.0,4176.0
2020-05-22,28179.0,6286.0,5060.0,4098.0,16920.0,965343.0,34010.0,4807.0
2020-05-23,32547.0,7220.0,5696.0,4737.0,19665.0,956343.0,39675.0,5665.0
2020-05-24,37568.0,8279.0,6819.0,5533.0,22905.0,944132.0,46096.0,6421.0
2020-05-25,43188.0,9750.0,7953.0,6316.0,26710.0,932564.0,53555.0,7459.0
2020-05-26,49669.0,11310.0,9125.0,7473.0,31197.0,917478.0,62210.0,8655.0
2020-05-27,56964.0,12795.0,10640.0,8692.0,36244.0,900669.0,72092.0,9882.0
2020-05-28,64957.0,14796.0,12182.0,10022.0,42181.0,883399.0,83355.0,11263.0
2020-05-29,73947.0,16824.0,13840.0,11363.0,49001.0,862663.0,96078.0,12723.0
2020-05-30,83184.0,19271.0,15820.0,12942.0,56947.0,840050.0,110715.0,14637.0
2020-05-31,93067.0,21749.0,18095.0,14777.0,65528.0,814440.0,127079.0,16364.0
2020-06-01,104262.0,24022.0,20540.0,16757.0,75356.0,787010.0,145083.0,18004.0
2020-06-02,115323.0,27023.0,22759.0,19246.0,86964.0,756597.0,165456.0,20373.0
2020-06-03,126868.0,30262.0,25650.0,21370.0,100306.0,723330.0,188150.0,22694.0
2020-06-04,138208.0,33451.0,28429.0,24205.0,114817.0,688211.0,212943.0,24793.0
2020-06-05,149403.0,36356.0,31234.0,27082.0,131115.0,652096.0,239616.0,26673.0
2020-06-06,160410.0,39489.0,34350.0,29686.0,149411.0,613411.0,268541.0,28925.0
2020-06-07,170208.0,42348.0,37320.0,32567.0,169106.0,575815.0,299167.0,30626.0
2020-06-08,178683.0,45255.0,40168.0,35318.0,191297.0,536832.0,331537.0,32370.0
2020-06-09,185164.0,47246.0,42989.0,38291.0,215639.0,498077.0,365614.0,34077.0
2020-06-10,190656.0,49360.0,45661.0,41389.0,241613.0,458875.0,400994.0,35380.0
2020-06-11,193234.0,51027.0,48080.0,44000.0,269153.0,420723.0,437396.0,36402.0
2020-06-12,194679.0,52134.0,49650.0,46127.0,298293.0,385603.0,474091.0,36695.0
2020-06-13,193666.0,52388.0,50788.0,48152.0,327950.0,353970.0,510574.0,36483.0
2020-06-14,190604.0,52868.0,51452.0,49558.0,359357.0,324122.0,547220.0,36646.0
2020-06-15,185604.0,51883.0,51700.0,50236.0,392036.0,296080.0,582439.0,35219.0
2020-06-16,179649.0,51196.0,51682.0,50945.0,424697.0,270448.0,617122.0,34683.0
2020-06-17,172296.0,49758.0,50785.0,51168.0,457664.0,246519.0,650385.0,33263.0
2020-06-18,164223.0,47667.0,49610.0,50225.0,490250.0,225434.0,682077.0,31692.0
2020-06-19,154052.0,45307.0,47976.0,49542.0,522778.0,207092.0,712049.0,29972.0
2020-06-20,144556.0,43224.0,45971.0,48555.0,555049.0,190629.0,740201.0,28152.0
2020-06-21,133939.0,40704.0,43930.0,46715.0,585385.0,176623.0,766753.0,26552.0
2020-06-22,124218.0,38292.0,41459.0,44668.0,615871.0,163891.0,791279.0,24526.0
2020-06-23,114726.0,35554.0,39320.0,42429.0,643649.0,152600.0,814100.0,22821.0
2020-06-24,105182.0,32957.0,36718.0,39998.0,670363.0,143023.0,834965.0,20865.0
2020-06-25,96338.0,30109.0,33853.0,37437.0,695503.0,134924.0,853893.0,18928.0
2020-06-26,87514.0,27658.0,31272.0,34900.0,718664.0,127394.0,871295.0,17402.0
2020-06-27,79213.0,25166.0,29075.0,32645.0,740216.0,121225.0,887172.0,15877.0
2020-06-28,71989.0,22898.0,26544.0,30211.0,762020.0,116057.0,901529.0,14357.0
2020-06-29,64946.0,21122.0,24151.0,27727.0,781386.0,110980.0,914721.0,13192.0
2020-06-30,58828.0,19007.0,22323.0,25299.0,797935.0,106898.0,926542.0,11821.0
2020-07-01,52637.0,17113.0,20078.0,23389.0,813362.0,102833.0,937207.0,10665.0
2020-07-02,47193.0,15412.0,18171.0,21135.0,827896.0,99581.0,946742.0,9535.0
2020-07-03,42657.0,13896.0,16375.0,19322.0,841340.0,96738.0,955206.0,8464.0
2020-07-04,38209.0,12426.0,14773.0,17356.0,852679.0,94084.0,962927.0,7721.0
2020-07-05,34070.0,11165.0,13265.0,15700.0,862928.0,91606.0,969685.0,6758.0
2020-07-06,30151.0,10028.0,11916.0,14276.0,872382.0,89732.0,975970.0,6285.0
