time,E,I1,I2,I3,R,S,cumI,diffI
2020-03-06,1.0,3.0,0.0,0.0,0.0,970429.0,0.0,0.0
2020-03-07,1.0,1.0,1.0,0.0,0.0,971306.0,0.0,0.0
2020-03-08,1.0,1.0,0.0,1.0,0.0,979258.0,0.0,0.0
2020-03-09,1.0,2.0,0.0,0.0,1.0,985585.0,1.0,1.0
2020-03-10,3.0,1.0,1.0,0.0,1.0,991670.0,1.0,0.0
2020-03-11,3.0,0.0,1.0,0.0,0.0,996822.0,1.0,0.0
2020-03-12,2.0,0.0,0.0,1.0,0.0,1001134.0,1.0,0.0
2020-03-13,1.0,0.0,0.0,0.0,0.0,1004968.0,1.0,0.0
2020-03-14,2.0,0.0,0.0,0.0,0.0,1006158.0,1.0,0.0
2020-03-15,1.0,0.0,0.0,0.0,1.0,1007674.0,1.0,0.0
2020-03-16,0.0,0.0,0.0,0.0,0.0,1009227.0,1.0,0.0
2020-03-17,0.0,0.0,0.0,0.0,0.0,1010304.0,1.0,0.0
2020-03-18,0.0,0.0,0.0,0.0,0.0,1010026.0,1.0,0.0
2020-03-19,1.0,1.0,0.0,0.0,1.0,1010294.0,2.0,1.0
2020-03-20,3.0,0.0,1.0,0.0,3.0,1010643.0,2.0,0.0
2020-03-21,8.0,0.0,3.0,0.0,2.0,1011459.0,3.0,1.0
2020-03-22,6.0,0.0,0.0,2.0,3.0,1011085.0,5.0,2.0
2020-03-23,6.0,1.0,1.0,0.0,3.0,1011673.0,6.0,1.0
2020-03-24,5.0,1.0,2.0,1.0,2.0,1013238.0,7.0,1.0
2020-03-25,9.0,1.0,1.0,1.0,4.0,1013074.0,8.0,1.0
2020-03-26,6.0,4.0,1.0,0.0,5.0,1013233.0,12.0,4.0
2020-03-27,9.0,5.0,0.0,3.0,7.0,1015224.0,13.0,1.0
2020-03-28,11.0,2.0,3.0,1.0,6.0,1015900.0,15.0,2.0
2020-03-29,8.0,6.0,3.0,3.0,9.0,1015042.0,22.0,7.0
2020-03-30,13.0,2.0,4.0,2.0,10.0,1015554.0,23.0,1.0
2020-03-31,16.0,2.0,2.0,3.0,9.0,1014731.0,25.0,2.0
2020-04-01,14.0,1.0,5.0,3.0,10.0,1016262.0,28.0,3.0
2020-04-02,16.0,8.0,2.0,3.0,12.0,1015321.0,35.0,7.0
2020-04-03,24.0,4.0,4.0,4.0,19.0,1016029.0,37.0,2.0
2020-04-04,16.0,9.0,4.0,3.0,21.0,1016073.0,41.0,4.0
2020-04-05,25.0,4.0,6.0,6.0,31.0,1016997.0,45.0,4.0
2020-04-06,30.0,8.0,4.0,4.0,35.0,1017290.0,51.0,6.0
2020-04-07,37.0,8.0,9.0,3.0,34.0,1017886.0,58.0,7.0
2020-04-08,45.0,10.0,9.0,5.0,36.0,1016892.0,63.0,5.0
2020-04-09,59.0,10.0,5.0,6.0,35.0,1017398.0,72.0,9.0
2020-04-10,59.0,13.0,12.0,3.0,40.0,1017783.0,81.0,9.0
2020-04-11,62.0,20.0,14.0,8.0,41.0,1017548.0,95.0,14.0
2020-04-12,88.0,22.0,16.0,9.0,51.0,1017413.0,105.0,10.0
2020-04-13,109.0,18.0,18.0,13.0,64.0,1019025.0,120.0,15.0
2020-04-14,125.0,19.0,19.0,18.0,81.0,1018866.0,142.0,22.0
2020-04-15,126.0,26.0,23.0,20.0,93.0,1018589.0,162.0,20.0
2020-04-16,148.0,32.0,27.0,17.0,98.0,1018917.0,188.0,26.0
2020-04-17,174.0,48.0,35.0,22.0,108.0,1018787.0,225.0,37.0
2020-04-18,218.0,55.0,41.0,29.0,124.0,1018375.0,265.0,40.0
2020-04-19,264.0,56.0,50.0,41.0,138.0,1018519.0,310.0,45.0
2020-04-20,335.0,61.0,55.0,43.0,160.0,1019174.0,366.0,56.0
2020-04-21,378.0,77.0,69.0,46.0,184.0,1019827.0,437.0,71.0
2020-04-22,435.0,101.0,72.0,68.0,193.0,1020088.0,521.0,84.0
2020-04-23,519.0,107.0,98.0,56.0,256.0,1020474.0,601.0,80.0
2020-04-24,582.0,129.0,104.0,79.0,295.0,1020471.0,716.0,115.0
2020-04-25,676.0,160.0,107.0,96.0,361.0,1020093.0,840.0,124.0
2020-04-26,775.0,187.0,137.0,114.0,443.0,1019609.0,991.0,151.0
2020-04-27,927.0,199.0,167.0,109.0,516.0,1019230.0,1136.0,145.0
2020-04-28,1039.0,213.0,201.0,124.0,585.0,1018837.0,1320.0,184.0
2020-04-29,1227.0,291.0,212.0,177.0,691.0,1018198.0,1541.0,221.0
2020-04-30,1402.0,316.0,271.0,203.0,797.0,1018372.0,1789.0,248.0
2020-05-01,1677.0,374.0,277.0,230.0,972.0,1016514.0,2061.0,272.0
2020-05-02,1979.0,458.0,319.0,287.0,1145.0,1015199.0,2413.0,352.0
2020-05-03,2338.0,533.0,414.0,323.0,1424.0,1015487.0,2810.0,397.0
2020-05-04,2822.0,613.0,496.0,415.0,1632.0,1015429.0,3260.0,450.0
2020-05-05,3271.0,728.0,598.0,452.0,1886.0,1015226.0,3838.0,578.0
2020-05-06,3823.0,835.0,699.0,541.0,2222.0,1014066.0,4486.0,648.0
2020-05-07,4411.0,963.0,817.0,645.0,2571.0,1012557.0,5269.0,783.0
2020-05-08,5154.0,1158.0,927.0,756.0,2997.0,1011892.0,6168.0,899.0
2020-05-09,5923.0,1410.0,1082.0,847.0,3507.0,1009492.0,7272.0,1104.0
2020-05-10,7101.0,1595.0,1294.0,975.0,3999.0,1007949.0,8450.0,1178.0
2020-05-11,8238.0,1876.0,1495.0,1095.0,4705.0,1005683.0,9896.0,1446.0
2020-05-12,9494.0,2095.0,1691.0,1343.0,5518.0,1003480.0,11486.0,1590.0
2020-05-13,11118.0,2421.0,2001.0,1570.0,6491.0,1001023.0,13378.0,1892.0
2020-05-14,12985.0,2780.0,2294.0,1860.0,7550.0,997147.0,15547.0,2169.0
2020-05-15,14898.0,3449.0,2659.0,2237.0,8701.0,993229.0,18259.0,2712.0
2020-05-16,17512.0,3919.0,3204.0,2548.0,10109.0,987871.0,21276.0,3017.0
2020-05-17,20343.0,4537.0,3711.0,2919.0,11829.0,981692.0,24722.0,3446.0
2020-05-18,23599.0,5201.0,4223.0,3468.0,13809.0,974255.0,28750.0,4028.0
2020-05-19,27331.0,6115.0,4908.0,3906.0,16028.0,965734.0,33322.0,4572.0
2020-05-20,31573.0,7039.0,5693.0,4571.0,18795.0,957177.0,38716.0,5394.0
2020-05-21,36400.0,8075.0,6581.0,5306.0,21985.0,945885.0,44942.0,6226.0
2020-05-22,41974.0,9414.0,7324.0,6246.0,25552.0,933587.0,52165.0,7223.0
2020-05-23,47905.0,10703.0,8769.0,7004.0,29688.0,920983.0,60422.0,8257.0
2020-05-24,54802.0,12418.0,10019.0,8177.0,34573.0,905692.0,69833.0,9411.0
2020-05-25,62851.0,14262.0,11530.0,9522.0,40086.0,888538.0,80597.0,10764.0
2020-05-26,71155.0,16126.0,13310.0,10801.0,46509.0,868929.0,92965.0,12368.0
2020-05-27,79827.0,18144.0,15104.0,12573.0,53936.0,846905.0,106889.0,13924.0
2020-05-28,89603.0,20414.0,17157.0,14228.0,62851.0,823093.0,122295.0,15406.0
2020-05-29,99819.0,22849.0,19370.0,16225.0,72406.0,795874.0,139719.0,17424.0
2020-05-30,110736.0,25736.0,21775.0,18332.0,83166.0,766085.0,159227.0,19508.0
2020-05-31,121692.0,28794.0,24444.0,20660.0,95355.0,735056.0,180986.0,21759.0
2020-06-01,133465.0,31614.0,27248.0,23034.0,109355.0,701481.0,204619.0,23633.0
2020-06-02,144660.0,35053.0,30082.0,25576.0,125108.0,666234.0,230620.0,26001.0
2020-06-03,155871.0,37851.0,33023.0,28759.0,141993.0,628823.0,258264.0,27644.0
2020-06-04,165446.0,41095.0,35934.0,31557.0,161045.0,590831.0,288314.0,30050.0
2020-06-05,174462.0,43466.0,39024.0,34402.0,181770.0,552048.0,319803.0,31489.0
2020-06-06,181760.0,45832.0,41763.0,37267.0,205295.0,513374.0,352981.0,33178.0
2020-06-07,187390.0,47854.0,44221.0,40228.0,229996.0,474969.0,387431.0,34450.0
2020-06-08,191514.0,49653.0,46439.0,42331.0,256338.0,438474.0,422951.0,35520.0
2020-06-09,192970.0,50962.0,48164.0,45064.0,283721.0,404036.0,458911.0,35960.0
2020-06-10,193184.0,51858.0,49796.0,46822.0,313033.0,370493.0,494848.0,35937.0
2020-06-11,191755.0,52029.0,50769.0,48603.0,343454.0,339042.0,530891.0,36043.0
2020-06-12,188188.0,51394.0,51436.0,49631.0,376035.0,308978.0,566307.0,35416.0
2020-06-13,182052.0,51041.0,51611.0,50439.0,407691.0,281603.0,601418.0,35111.0
2020-06-14,175472.0,49611.0,50605.0,51111.0,440331.0,257309.0,634807.0,33389.0
2020-06-15,167922.0,48212.0,49766.0,50704.0,473574.0,235913.0,666901.0,32094.0
2020-06-16,158976.0,46261.0,48524.0,49655.0,504892.0,216787.0,697585.0,30684.0
2020-06-17,149858.0,44652.0,46925.0,48996.0,536994.0,199578.0,726885.0,29300.0
2020-06-18,139603.0,41977.0,45046.0,47510.0,568186.0,184085.0,754238.0,27353.0
2020-06-19,129956.0,39291.0,42881.0,45617.0,598069.0,170951.0,779626.0,25388.0
2020-06-20,119567.0,36977.0,40575.0,43457.0,626325.0,159216.0,803357.0,23731.0
2020-06-21,110163.0,34236.0,38069.0,41490.0,653155.0,149368.0,825220.0,21863.0
2020-06-22,101409.0,31646.0,35550.0,39019.0,679518.0,140180.0,845234.0,20014.0
2020-06-23,92662.0,28799.0,33050.0,36712.0,704397.0,132290.0,863421.0,18187.0
2020-06-24,84384.0,26623.0,30319.0,34435.0,726955.0,125501.0,880317.0,16896.0
2020-06-25,76712.0,24348.0,28042.0,31589.0,747481.0,119866.0,895571.0,15254.0
2020-06-26,69242.0,22392.0,25340.0,29205.0,766736.0,114539.0,909462.0,13891.0
2020-06-27,63034.0,20248.0,23487.0,26933.0,784018.0,109856.0,921969.0,12507.0
2020-06-28,56757.0,18299.0,21144.0,24581.0,800074.0,105616.0,933286.0,11317.0
2020-06-29,50938.0,16448.0,19450.0,22554.0,814896.0,102227.0,943600.0,10314.0
2020-06-30,45793.0,14925.0,17594.0,20556.0,829060.0,99180.0,952865.0,9265.0
2020-07-01,41089.0,13365.0,15768.0,18735.0,842044.0,97135.0,961129.0,8264.0
2020-07-02,36948.0,12118.0,14188.0,16992.0,853435.0,94584.0,968493.0,7364.0
2020-07-03,32931.0,11098.0,12742.0,15413.0,863710.0,92048.0,975250.0,6757.0
2020-07-04,29451.0,9988.0,11842.0,13692.0,872815.0,90191.0,981374.0,6124.0
2020-07-05,26352.0,8814.0,10680.0,12548.0,881088.0,88693.0,986717.0,5343.0
2020-07-06,23743.0,7947.0,9500.0,11230.0,889124.0,87496.0,991553.0,4836.0
