time,E,I1,I2,I3,R,S,cumI,diffI
2020-03-06,0.0,3.0,0.0,0.0,0.0,970303.0,0.0,0.0
2020-03-07,2.0,1.0,0.0,0.0,0.0,973298.0,0.0,0.0
2020-03-08,4.0,0.0,1.0,0.0,0.0,980663.0,0.0,0.0
2020-03-09,2.0,0.0,1.0,0.0,0.0,987837.0,0.0,0.0
2020-03-10,3.0,0.0,0.0,1.0,1.0,992159.0,0.0,0.0
2020-03-11,0.0,0.0,0.0,0.0,2.0,996238.0,1.0,1.0
2020-03-12,0.0,0.0,0.0,0.0,2.0,1000808.0,1.0,0.0
2020-03-13,1.0,0.0,0.0,0.0,2.0,1003784.0,1.0,0.0
2020-03-14,1.0,0.0,1.0,0.0,2.0,1006794.0,1.0,0.0
2020-03-15,1.0,0.0,1.0,0.0,2.0,1007823.0,1.0,0.0
2020-03-16,1.0,1.0,1.0,0.0,2.0,1009778.0,2.0,1.0
2020-03-17,2.0,0.0,0.0,1.0,3.0,1011501.0,2.0,0.0
2020-03-18,5.0,0.0,0.0,2.0,5.0,1011984.0,2.0,0.0
2020-03-19,3.0,1.0,0.0,1.0,6.0,1012562.0,4.0,2.0
2020-03-20,2.0,1.0,0.0,1.0,5.0,1012647.0,4.0,0.0
2020-03-21,5.0,0.0,1.0,1.0,4.0,1011680.0,4.0,0.0
2020-03-22,5.0,0.0,0.0,0.0,4.0,1012965.0,6.0,2.0
2020-03-23,7.0,3.0,0.0,0.0,6.0,1014015.0,8.0,2.0
2020-03-24,6.0,2.0,1.0,0.0,2.0,1014152.0,9.0,1.0
2020-03-25,12.0,2.0,1.0,1.0,4.0,1013619.0,9.0,0.0
2020-03-26,7.0,2.0,2.0,1.0,8.0,1013051.0,10.0,1.0
2020-03-27,17.0,4.0,1.0,0.0,9.0,1014169.0,11.0,1.0
2020-03-28,16.0,6.0,5.0,2.0,10.0,1015478.0,17.0,6.0
2020-03-29,22.0,2.0,4.0,3.0,12.0,1015510.0,19.0,2.0
2020-03-30,19.0,4.0,5.0,5.0,17.0,1015651.0,23.0,4.0
2020-03-31,18.0,6.0,3.0,3.0,16.0,1016164.0,27.0,4.0
2020-04-01,23.0,4.0,2.0,3.0,21.0,1016026.0,31.0,4.0
2020-04-02,37.0,8.0,2.0,3.0,26.0,1016067.0,38.0,7.0
2020-04-03,47.0,8.0,6.0,7.0,30.0,1016460.0,43.0,5.0
2020-04-04,57.0,13.0,8.0,11.0,31.0,1017448.0,54.0,11.0
2020-04-05,59.0,15.0,12.0,1.0,38.0,1016912.0,69.0,15.0
2020-04-06,70.0,15.0,14.0,7.0,37.0,1017292.0,81.0,12.0
2020-04-07,91.0,15.0,22.0,9.0,50.0,1018190.0,91.0,10.0
2020-04-08,97.0,15.0,20.0,12.0,60.0,1018119.0,106.0,15.0
2020-04-09,131.0,17.0,20.0,19.0,63.0,1018500.0,119.0,13.0
2020-04-10,142.0,25.0,21.0,27.0,71.0,1017875.0,146.0,27.0
2020-04-11,170.0,27.0,31.0,18.0,93.0,1017978.0,170.0,24.0
2020-04-12,187.0,38.0,32.0,22.0,124.0,1018891.0,208.0,38.0
2020-04-13,197.0,47.0,44.0,30.0,133.0,1018226.0,248.0,40.0
2020-04-14,230.0,48.0,37.0,29.0,150.0,1017573.0,286.0,38.0
2020-04-15,267.0,58.0,56.0,32.0,170.0,1016933.0,331.0,45.0
2020-04-16,354.0,73.0,55.0,53.0,178.0,1016112.0,389.0,58.0
2020-04-17,407.0,100.0,56.0,55.0,210.0,1017269.0,460.0,71.0
2020-04-18,435.0,107.0,83.0,69.0,236.0,1017400.0,535.0,75.0
2020-04-19,533.0,134.0,90.0,71.0,292.0,1018873.0,638.0,103.0
2020-04-20,629.0,151.0,128.0,86.0,372.0,1018927.0,750.0,112.0
2020-04-21,723.0,190.0,131.0,107.0,434.0,1019227.0,884.0,134.0
2020-04-22,851.0,197.0,169.0,133.0,515.0,1019392.0,1027.0,143.0
2020-04-23,983.0,221.0,176.0,156.0,596.0,1019316.0,1199.0,172.0
2020-04-24,1184.0,245.0,203.0,160.0,731.0,1018882.0,1384.0,185.0
2020-04-25,1344.0,302.0,240.0,180.0,820.0,1019619.0,1643.0,259.0
2020-04-26,1629.0,367.0,262.0,225.0,910.0,1018519.0,1912.0,269.0
2020-04-27,1798.0,428.0,289.0,278.0,1040.0,1019304.0,2218.0,306.0
2020-04-28,2145.0,467.0,368.0,277.0,1246.0,1018003.0,2571.0,353.0
2020-04-29,2464.0,518.0,437.0,351.0,1441.0,1016460.0,2976.0,405.0
2020-04-30,2869.0,613.0,508.0,411.0,1716.0,1015468.0,3462.0,486.0
2020-05-01,3410.0,696.0,601.0,486.0,2011.0,1013921.0,4026.0,564.0
2020-05-02,3944.0,863.0,708.0,538.0,2300.0,1013558.0,4720.0,694.0
2020-05-03,4554.0,1050.0,822.0,615.0,2620.0,1012490.0,5485.0,765.0
2020-05-04,5335.0,1187.0,945.0,772.0,3075.0,1012786.0,6413.0,928.0
2020-05-05,6211.0,1339.0,1097.0,845.0,3632.0,1010282.0,7482.0,1069.0
2020-05-06,7200.0,1573.0,1268.0,1008.0,4049.0,1008457.0,8700.0,1218.0
2020-05-07,8331.0,1799.0,1518.0,1136.0,4794.0,1005270.0,10107.0,1407.0
2020-05-08,9668.0,2000.0,1721.0,1329.0,5629.0,1001343.0,11736.0,1629.0
2020-05-09,11419.0,2518.0,2034.0,1541.0,6625.0,997705.0,13688.0,1952.0
2020-05-10,13189.0,2904.0,2350.0,1906.0,7652.0,992636.0,15929.0,2241.0
2020-05-11,15290.0,3349.0,2627.0,2235.0,8952.0,988826.0,18508.0,2579.0
2020-05-12,17784.0,4011.0,3142.0,2488.0,10496.0,982568.0,21633.0,3125.0
2020-05-13,20690.0,4440.0,3813.0,2931.0,12302.0,977560.0,25060.0,3427.0
2020-05-14,23927.0,5186.0,4256.0,3481.0,14322.0,971635.0,29055.0,3995.0
2020-05-15,27356.0,6146.0,4932.0,4109.0,16788.0,964117.0,33891.0,4836.0
2020-05-16,31789.0,7052.0,5807.0,4735.0,19483.0,954695.0,39292.0,5401.0
2020-05-17,36728.0,8221.0,6642.0,5400.0,22787.0,943393.0,45609.0,6317.0
2020-05-18,42383.0,9353.0,7630.0,6249.0,26458.0,930877.0,52832.0,7223.0
2020-05-19,48390.0,10800.0,8931.0,7342.0,30912.0,917464.0,61194.0,8362.0
2020-05-20,55287.0,12478.0,10244.0,8327.0,36087.0,901618.0,70749.0,9555.0
2020-05-21,62927.0,14270.0,11720.0,9770.0,41512.0,884211.0,81672.0,10923.0
2020-05-22,71647.0,16400.0,13416.0,11026.0,48256.0,863217.0,94071.0,12399.0
2020-05-23,80649.0,18445.0,15519.0,12543.0,55408.0,840642.0,108098.0,14027.0
2020-05-24,90324.0,20847.0,17569.0,14435.0,63965.0,816194.0,123975.0,15877.0
2020-05-25,100748.0,23404.0,19757.0,16556.0,73880.0,790241.0,141757.0,17782.0
2020-05-26,111977.0,26310.0,22359.0,18629.0,85043.0,761260.0,161461.0,19704.0
2020-05-27,123975.0,29098.0,24614.0,21206.0,97664.0,729748.0,183106.0,21645.0
2020-05-28,135212.0,32123.0,27517.0,23404.0,112056.0,695976.0,206991.0,23885.0
2020-05-29,146440.0,35617.0,30485.0,26119.0,127999.0,661126.0,233268.0,26277.0
2020-05-30,156736.0,38413.0,33472.0,29175.0,145322.0,623032.0,261348.0,28080.0
2020-05-31,167286.0,41679.0,36570.0,32101.0,164753.0,583264.0,291651.0,30303.0
2020-06-01,176665.0,44036.0,39333.0,34738.0,186298.0,543754.0,323563.0,31912.0
2020-06-02,182902.0,46386.0,42104.0,37536.0,209070.0,506461.0,356905.0,33342.0
2020-06-03,187847.0,48468.0,44674.0,40364.0,234058.0,468581.0,391801.0,34896.0
2020-06-04,191847.0,50429.0,46703.0,42814.0,260791.0,431656.0,427385.0,35584.0
2020-06-05,193576.0,51815.0,48688.0,45449.0,289093.0,397457.0,463692.0,36307.0
2020-06-06,192843.0,52389.0,49956.0,47054.0,318878.0,364250.0,499923.0,36231.0
2020-06-07,190930.0,52379.0,50789.0,48640.0,348848.0,333038.0,535811.0,35888.0
2020-06-08,186976.0,51797.0,51564.0,49776.0,380746.0,304111.0,571603.0,35792.0
2020-06-09,180814.0,51285.0,50892.0,50430.0,413585.0,278700.0,606575.0,34972.0
2020-06-10,173763.0,50016.0,50676.0,50560.0,445928.0,255094.0,640272.0,33697.0
2020-06-11,165563.0,48194.0,49752.0,50199.0,479411.0,233960.0,672140.0,31868.0
2020-06-12,156881.0,46293.0,48112.0,49489.0,511754.0,215082.0,702447.0,30307.0
2020-06-13,147700.0,43952.0,46635.0,48297.0,541812.0,198246.0,731202.0,28755.0
2020-06-14,137997.0,41761.0,44430.0,46961.0,572439.0,183785.0,758449.0,27247.0
2020-06-15,128578.0,38789.0,42342.0,45405.0,600821.0,170611.0,783694.0,25245.0
2020-06-16,118463.0,36459.0,39897.0,43485.0,629577.0,159019.0,807090.0,23396.0
2020-06-17,109016.0,33928.0,37394.0,40868.0,656419.0,148537.0,828456.0,21366.0
2020-06-18,100197.0,31276.0,34923.0,38335.0,681472.0,139246.0,848490.0,20034.0
2020-06-19,91507.0,29105.0,32512.0,36020.0,705518.0,131893.0,866822.0,18332.0
2020-06-20,83267.0,26364.0,30021.0,33794.0,729079.0,125259.0,883396.0,16574.0
2020-06-21,75509.0,24128.0,27483.0,31401.0,749347.0,119762.0,898490.0,15094.0
2020-06-22,68392.0,21753.0,25625.0,28944.0,769257.0,114592.0,912016.0,13526.0
2020-06-23,61744.0,20166.0,23042.0,26636.0,785759.0,110169.0,924695.0,12679.0
2020-06-24,55756.0,18022.0,21059.0,24525.0,802223.0,106317.0,935911.0,11216.0
2020-06-25,50122.0,16208.0,19167.0,22467.0,816953.0,102834.0,945935.0,10024.0
2020-06-26,44985.0,14849.0,17355.0,20305.0,831262.0,99522.0,955023.0,9088.0
2020-06-27,40543.0,13478.0,15688.0,18342.0,843124.0,96594.0,963251.0,8228.0
2020-06-28,36321.0,11905.0,14156.0,16702.0,853345.0,94044.0,970376.0,7125.0
2020-06-29,32243.0,10771.0,12575.0,15095.0,863885.0,91581.0,976909.0,6533.0
2020-06-30,28739.0,9693.0,11427.0,13592.0,872923.0,89951.0,982807.0,5898.0
2020-07-01,25994.0,8670.0,10323.0,12363.0,880534.0,88746.0,988041.0,5234.0
2020-07-02,23418.0,7749.0,9249.0,10929.0,887769.0,87508.0,992715.0,4674.0
2020-07-03,20918.0,6885.0,8195.0,10030.0,894344.0,86048.0,996840.0,4125.0
2020-07-04,18683.0,6301.0,7374.0,8992.0,900211.0,85247.0,1000634.0,3794.0
2020-07-05,16631.0,5519.0,6689.0,8046.0,905789.0,84579.0,1003941.0,3307.0
2020-07-06,14780.0,4919.0,6055.0,7104.0,912450.0,83826.0,1006945.0,3004.0
