time,E,I1,I2,I3,R,S,cumI,diffI
2020-03-06,0.0,1.0,2.0,0.0,0.0,970024.0,0.0,0.0
2020-03-07,0.0,0.0,0.0,0.0,0.0,972667.0,0.0,0.0
2020-03-08,0.0,0.0,0.0,1.0,0.0,979155.0,0.0,0.0
2020-03-09,0.0,0.0,0.0,0.0,1.0,986443.0,0.0,0.0
2020-03-10,0.0,0.0,0.0,0.0,1.0,991507.0,0.0,0.0
2020-03-11,1.0,0.0,0.0,0.0,0.0,996153.0,0.0,0.0
2020-03-12,1.0,0.0,0.0,0.0,0.0,1001293.0,0.0,0.0
2020-03-13,2.0,1.0,0.0,0.0,0.0,1003137.0,1.0,1.0
2020-03-14,3.0,0.0,1.0,0.0,0.0,1004636.0,1.0,0.0
2020-03-15,1.0,0.0,1.0,0.0,0.0,1006886.0,1.0,0.0
2020-03-16,1.0,0.0,0.0,0.0,0.0,1009427.0,1.0,0.0
2020-03-17,1.0,0.0,0.0,0.0,0.0,1010395.0,1.0,0.0
2020-03-18,1.0,0.0,0.0,0.0,1.0,1012670.0,1.0,0.0
2020-03-19,2.0,0.0,0.0,1.0,1.0,1013383.0,1.0,0.0
2020-03-20,5.0,1.0,1.0,0.0,1.0,1013181.0,1.0,0.0
2020-03-21,3.0,2.0,0.0,1.0,1.0,1012040.0,2.0,1.0
2020-03-22,3.0,2.0,1.0,0.0,2.0,1012126.0,4.0,2.0
2020-03-23,5.0,0.0,0.0,1.0,0.0,1012939.0,4.0,0.0
2020-03-24,6.0,1.0,0.0,0.0,1.0,1013049.0,5.0,1.0
2020-03-25,11.0,1.0,1.0,1.0,2.0,1012300.0,5.0,0.0
2020-03-26,15.0,4.0,0.0,2.0,3.0,1014140.0,6.0,1.0
2020-03-27,13.0,5.0,1.0,3.0,3.0,1014145.0,9.0,3.0
2020-03-28,21.0,5.0,3.0,1.0,3.0,1015272.0,11.0,2.0
2020-03-29,21.0,4.0,6.0,1.0,5.0,1015933.0,15.0,4.0
2020-03-30,22.0,8.0,2.0,3.0,5.0,1015369.0,21.0,6.0
2020-03-31,22.0,6.0,2.0,2.0,11.0,1015112.0,23.0,2.0
2020-04-01,25.0,8.0,5.0,1.0,13.0,1015079.0,29.0,6.0
2020-04-02,30.0,4.0,5.0,5.0,7.0,1015338.0,32.0,3.0
2020-04-03,36.0,4.0,8.0,2.0,16.0,1016761.0,40.0,8.0
2020-04-04,36.0,6.0,11.0,3.0,14.0,1017444.0,43.0,3.0
2020-04-05,39.0,9.0,6.0,5.0,18.0,1015749.0,49.0,6.0
2020-04-06,59.0,18.0,17.0,6.0,23.0,1016760.0,64.0,15.0
2020-04-07,64.0,21.0,17.0,11.0,20.0,1017448.0,78.0,14.0
2020-04-08,75.0,16.0,13.0,9.0,27.0,1018312.0,87.0,9.0
2020-04-09,82.0,13.0,15.0,11.0,36.0,1017172.0,99.0,12.0
2020-04-10,95.0,22.0,14.0,14.0,54.0,1018013.0,115.0,16.0
2020-04-11,114.0,26.0,19.0,16.0,61.0,1018055.0,138.0,23.0
2020-04-12,135.0,29.0,21.0,26.0,75.0,1018374.0,162.0,24.0
2020-04-13,150.0,37.0,29.0,19.0,84.0,1018141.0,192.0,30.0
2020-04-14,169.0,37.0,30.0,29.0,102.0,1019304.0,216.0,24.0
2020-04-15,192.0,47.0,37.0,27.0,117.0,1020994.0,247.0,31.0
2020-04-16,226.0,44.0,35.0,30.0,157.0,1020434.0,277.0,30.0
2020-04-17,267.0,53.0,44.0,45.0,156.0,1021805.0,321.0,44.0
2020-04-18,291.0,72.0,53.0,45.0,196.0,1020677.0,375.0,54.0
2020-04-19,366.0,73.0,63.0,61.0,207.0,1019342.0,432.0,57.0
2020-04-20,417.0,91.0,77.0,64.0,238.0,1018967.0,499.0,67.0
2020-04-21,491.0,100.0,82.0,77.0,278.0,1018246.0,568.0,69.0
2020-04-22,566.0,149.0,84.0,94.0,339.0,1018316.0,673.0,105.0
2020-04-23,681.0,148.0,124.0,88.0,403.0,1021909.0,790.0,117.0
2020-04-24,828.0,158.0,147.0,107.0,449.0,1020676.0,915.0,125.0
2020-04-25,927.0,204.0,136.0,135.0,527.0,1019843.0,1080.0,165.0
2020-04-26,1105.0,226.0,174.0,150.0,631.0,1020130.0,1265.0,185.0
2020-04-27,1295.0,265.0,203.0,139.0,718.0,1020528.0,1481.0,216.0
2020-04-28,1426.0,296.0,243.0,172.0,835.0,1019958.0,1725.0,244.0
2020-04-29,1622.0,373.0,250.0,234.0,933.0,1018348.0,2012.0,287.0
2020-04-30,1949.0,425.0,308.0,262.0,1060.0,1017371.0,2334.0,322.0
2020-05-01,2196.0,487.0,405.0,289.0,1244.0,1018003.0,2724.0,390.0
2020-05-02,2616.0,591.0,429.0,383.0,1461.0,1017250.0,3156.0,432.0
2020-05-03,3009.0,739.0,520.0,457.0,1740.0,1016761.0,3729.0,573.0
2020-05-04,3516.0,808.0,629.0,506.0,2021.0,1016122.0,4340.0,611.0
2020-05-05,4236.0,943.0,719.0,618.0,2284.0,1014705.0,5037.0,697.0
2020-05-06,4985.0,1089.0,884.0,721.0,2811.0,1012152.0,5915.0,878.0
2020-05-07,5800.0,1267.0,1003.0,846.0,3259.0,1010269.0,6935.0,1020.0
2020-05-08,6813.0,1468.0,1175.0,971.0,3774.0,1009202.0,8069.0,1134.0
2020-05-09,7747.0,1693.0,1398.0,1111.0,4485.0,1006917.0,9445.0,1376.0
2020-05-10,8971.0,1979.0,1536.0,1269.0,5308.0,1005373.0,10938.0,1493.0
2020-05-11,10603.0,2389.0,1815.0,1485.0,6116.0,1000848.0,12748.0,1810.0
2020-05-12,12265.0,2645.0,2145.0,1674.0,7132.0,997187.0,14842.0,2094.0
2020-05-13,14401.0,3130.0,2515.0,1939.0,8297.0,993453.0,17293.0,2451.0
2020-05-14,16741.0,3730.0,2880.0,2326.0,9709.0,988229.0,20113.0,2820.0
2020-05-15,19102.0,4293.0,3421.0,2679.0,11463.0,983380.0,23413.0,3300.0
2020-05-16,22441.0,5123.0,4027.0,3121.0,13508.0,977753.0,27277.0,3864.0
2020-05-17,25964.0,5781.0,4709.0,3765.0,15538.0,969509.0,31681.0,4404.0
2020-05-18,30176.0,6880.0,5388.0,4354.0,18142.0,960104.0,36805.0,5124.0
2020-05-19,34577.0,7790.0,6242.0,5109.0,21203.0,949700.0,42831.0,6026.0
2020-05-20,39893.0,8920.0,7194.0,5906.0,24690.0,937999.0,49666.0,6835.0
2020-05-21,45720.0,10332.0,8234.0,6792.0,28611.0,925894.0,57522.0,7856.0
2020-05-22,52320.0,11854.0,9545.0,7729.0,33303.0,910161.0,66627.0,9105.0
2020-05-23,59824.0,13477.0,11003.0,9047.0,38482.0,893336.0,76928.0,10301.0
2020-05-24,68018.0,15429.0,12536.0,10526.0,44741.0,874026.0,88662.0,11734.0
2020-05-25,76802.0,17308.0,14406.0,11829.0,52075.0,852180.0,101799.0,13137.0
2020-05-26,86305.0,19841.0,16465.0,13513.0,59935.0,830314.0,116822.0,15023.0
2020-05-27,96382.0,22453.0,18655.0,15410.0,68817.0,803740.0,133777.0,16955.0
2020-05-28,106977.0,24868.0,21165.0,17392.0,79696.0,775019.0,152634.0,18857.0
2020-05-29,118461.0,27776.0,23451.0,19788.0,91938.0,743768.0,173455.0,20821.0
2020-05-30,129614.0,31184.0,26640.0,21959.0,105450.0,710058.0,196837.0,23382.0
2020-05-31,140832.0,34052.0,29254.0,24940.0,120649.0,676491.0,222011.0,25174.0
2020-06-01,152665.0,36736.0,32302.0,27560.0,137431.0,640867.0,249007.0,26996.0
2020-06-02,163561.0,40272.0,35280.0,30306.0,156069.0,603124.0,278479.0,29472.0
2020-06-03,172650.0,42893.0,38465.0,33256.0,176401.0,564329.0,309690.0,31211.0
2020-06-04,181062.0,45573.0,41377.0,36476.0,198658.0,524909.0,342671.0,32981.0
2020-06-05,186486.0,48632.0,43783.0,39322.0,223284.0,486904.0,377533.0,34862.0
2020-06-06,191104.0,49827.0,46291.0,42085.0,249222.0,449474.0,412770.0,35237.0
2020-06-07,193216.0,51387.0,47993.0,44705.0,277176.0,413225.0,448821.0,36051.0
2020-06-08,194126.0,52121.0,49795.0,46871.0,306055.0,379364.0,485225.0,36404.0
2020-06-09,193463.0,52366.0,51120.0,48566.0,336719.0,346936.0,521329.0,36104.0
2020-06-10,189857.0,52248.0,51703.0,49505.0,367762.0,316036.0,557294.0,35965.0
2020-06-11,184332.0,51712.0,51651.0,50522.0,400024.0,290023.0,592595.0,35301.0
2020-06-12,177943.0,50479.0,51072.0,50904.0,432130.0,264834.0,626812.0,34217.0
2020-06-13,169848.0,49059.0,50349.0,50593.0,463688.0,243061.0,659879.0,33067.0
2020-06-14,161152.0,47202.0,49417.0,50384.0,496123.0,222037.0,691379.0,31500.0
2020-06-15,151877.0,45202.0,47611.0,49474.0,527698.0,204223.0,721217.0,29838.0
2020-06-16,142110.0,42827.0,45470.0,47919.0,559963.0,188667.0,748956.0,27739.0
2020-06-17,132231.0,40355.0,43629.0,46186.0,589527.0,175058.0,775125.0,26169.0
2020-06-18,122427.0,37479.0,41649.0,44183.0,618656.0,162998.0,799291.0,24166.0
2020-06-19,113022.0,34764.0,38630.0,42110.0,646222.0,152319.0,821481.0,22190.0
2020-06-20,103690.0,32214.0,36430.0,39239.0,672323.0,142749.0,842016.0,20535.0
2020-06-21,94696.0,29791.0,33791.0,37283.0,696941.0,135058.0,860969.0,18953.0
2020-06-22,86354.0,27221.0,30971.0,34967.0,720321.0,128253.0,878284.0,17315.0
2020-06-23,78780.0,24864.0,28376.0,32544.0,741387.0,121851.0,893970.0,15686.0
2020-06-24,71547.0,22638.0,26057.0,30016.0,762523.0,116590.0,908026.0,14056.0
2020-06-25,64750.0,20703.0,23958.0,27526.0,779721.0,111685.0,920943.0,12917.0
2020-06-26,58252.0,18630.0,22030.0,25030.0,796067.0,107638.0,932611.0,11668.0
2020-06-27,52659.0,16827.0,20107.0,23130.0,811881.0,104517.0,943011.0,10400.0
2020-06-28,47075.0,15228.0,18234.0,21161.0,825650.0,100872.0,952492.0,9481.0
2020-06-29,42662.0,13761.0,16449.0,19006.0,838376.0,98155.0,961044.0,8552.0
2020-06-30,38317.0,12633.0,14818.0,17429.0,850256.0,96008.0,968846.0,7802.0
2020-07-01,34247.0,11338.0,13382.0,15867.0,859630.0,94156.0,975845.0,6999.0
2020-07-02,30819.0,10155.0,12178.0,14229.0,867891.0,91674.0,982110.0,6265.0
2020-07-03,27212.0,9129.0,10927.0,12747.0,876804.0,90116.0,987620.0,5510.0
2020-07-04,24641.0,8136.0,9647.0,11685.0,885998.0,88369.0,992521.0,4901.0
2020-07-05,21778.0,7240.0,8822.0,10444.0,892671.0,86912.0,996916.0,4395.0
2020-07-06,19587.0,6307.0,7908.0,9480.0,898753.0,85803.0,1000774.0,3858.0
