time,E,I1,I2,I3,R,S,cumI,diffI
2020-03-06,1.0,2.0,0.0,0.0,0.0,970230.0,0.0,0.0
2020-03-07,1.0,2.0,1.0,0.0,0.0,970891.0,1.0,1.0
2020-03-08,1.0,0.0,1.0,1.0,0.0,978615.0,1.0,0.0
2020-03-09,1.0,0.0,0.0,1.0,1.0,985262.0,1.0,0.0
2020-03-10,1.0,0.0,0.0,0.0,1.0,990147.0,1.0,0.0
2020-03-11,0.0,0.0,0.0,0.0,1.0,995144.0,1.0,0.0
2020-03-12,0.0,0.0,0.0,0.0,1.0,1000392.0,1.0,0.0
2020-03-13,0.0,0.0,0.0,1.0,0.0,1003021.0,1.0,0.0
2020-03-14,2.0,0.0,0.0,0.0,1.0,1005803.0,1.0,0.0
2020-03-15,0.0,1.0,0.0,0.0,1.0,1007837.0,2.0,1.0
2020-03-16,0.0,0.0,1.0,0.0,1.0,1007445.0,2.0,0.0
2020-03-17,2.0,0.0,0.0,1.0,0.0,1008743.0,2.0,0.0
2020-03-18,2.0,1.0,1.0,1.0,0.0,1011780.0,4.0,2.0
2020-03-19,2.0,2.0,0.0,0.0,2.0,1012171.0,5.0,1.0
2020-03-20,4.0,1.0,0.0,1.0,2.0,1012127.0,5.0,0.0
2020-03-21,4.0,0.0,1.0,0.0,3.0,1011733.0,5.0,0.0
2020-03-22,7.0,1.0,0.0,1.0,5.0,1013112.0,6.0,1.0
2020-03-23,4.0,2.0,0.0,1.0,4.0,1013646.0,7.0,1.0
2020-03-24,14.0,1.0,1.0,1.0,3.0,1014676.0,8.0,1.0
2020-03-25,11.0,2.0,1.0,1.0,6.0,1014112.0,9.0,1.0
2020-03-26,11.0,4.0,4.0,1.0,3.0,1014792.0,15.0,6.0
2020-03-27,13.0,0.0,3.0,0.0,4.0,1015449.0,15.0,0.0
2020-03-28,10.0,4.0,2.0,1.0,5.0,1015000.0,20.0,5.0
2020-03-29,12.0,6.0,3.0,0.0,9.0,1015544.0,23.0,3.0
2020-03-30,18.0,4.0,1.0,0.0,8.0,1016590.0,26.0,3.0
2020-03-31,20.0,3.0,3.0,5.0,9.0,1015930.0,29.0,3.0
2020-04-01,29.0,2.0,5.0,3.0,13.0,1015800.0,30.0,1.0
2020-04-02,28.0,5.0,0.0,6.0,15.0,1016470.0,33.0,3.0
2020-04-03,30.0,14.0,5.0,4.0,18.0,1016980.0,44.0,11.0
2020-04-04,49.0,7.0,11.0,5.0,26.0,1017784.0,52.0,8.0
2020-04-05,68.0,17.0,10.0,9.0,28.0,1018476.0,61.0,9.0
2020-04-06,76.0,16.0,12.0,8.0,46.0,1018072.0,77.0,16.0
2020-04-07,75.0,26.0,14.0,18.0,53.0,1017809.0,99.0,22.0
2020-04-08,100.0,20.0,21.0,24.0,52.0,1017594.0,118.0,19.0
2020-04-09,110.0,22.0,16.0,19.0,63.0,1017134.0,136.0,18.0
2020-04-10,122.0,31.0,26.0,17.0,73.0,1017109.0,165.0,29.0
2020-04-11,160.0,34.0,37.0,25.0,85.0,1017569.0,195.0,30.0
2020-04-12,180.0,35.0,38.0,31.0,106.0,1018230.0,228.0,33.0
2020-04-13,206.0,47.0,33.0,33.0,142.0,1019270.0,258.0,30.0
2020-04-14,232.0,48.0,35.0,39.0,168.0,1019361.0,295.0,37.0
2020-04-15,235.0,58.0,47.0,30.0,176.0,1018839.0,340.0,45.0
2020-04-16,289.0,75.0,44.0,40.0,201.0,1019423.0,396.0,56.0
2020-04-17,348.0,81.0,63.0,38.0,226.0,1018734.0,448.0,52.0
2020-04-18,412.0,87.0,75.0,59.0,251.0,1017948.0,527.0,79.0
2020-04-19,501.0,128.0,77.0,76.0,285.0,1018000.0,628.0,101.0
2020-04-20,590.0,107.0,102.0,90.0,329.0,1018795.0,722.0,94.0
2020-04-21,664.0,132.0,107.0,93.0,379.0,1018991.0,832.0,110.0
2020-04-22,756.0,176.0,121.0,117.0,466.0,1018190.0,955.0,123.0
2020-04-23,925.0,207.0,131.0,126.0,520.0,1019070.0,1096.0,141.0
2020-04-24,1065.0,228.0,186.0,158.0,587.0,1018814.0,1279.0,183.0
2020-04-25,1261.0,289.0,213.0,160.0,698.0,1018311.0,1495.0,216.0
2020-04-26,1443.0,332.0,254.0,204.0,822.0,1018417.0,1745.0,250.0
2020-04-27,1627.0,349.0,320.0,214.0,964.0,1017468.0,2037.0,292.0
2020-04-28,1870.0,436.0,359.0,274.0,1084.0,1017175.0,2366.0,329.0
2020-04-29,2188.0,488.0,428.0,305.0,1300.0,1016582.0,2739.0,373.0
2020-04-30,2559.0,590.0,455.0,395.0,1495.0,1015672.0,3185.0,446.0
2020-05-01,3035.0,673.0,567.0,435.0,1762.0,1014398.0,3725.0,540.0
2020-05-02,3590.0,794.0,669.0,494.0,2075.0,1013702.0,4329.0,604.0
2020-05-03,4308.0,912.0,736.0,572.0,2422.0,1013319.0,5028.0,699.0
2020-05-04,4959.0,1120.0,804.0,668.0,2843.0,1012811.0,5870.0,842.0
2020-05-05,5824.0,1320.0,1005.0,791.0,3364.0,1011304.0,6920.0,1050.0
2020-05-06,6713.0,1506.0,1215.0,971.0,3880.0,1010242.0,8086.0,1166.0
2020-05-07,7809.0,1778.0,1376.0,1117.0,4543.0,1007451.0,9462.0,1376.0
2020-05-08,9166.0,2016.0,1593.0,1307.0,5238.0,1004664.0,11000.0,1538.0
2020-05-09,10564.0,2340.0,1793.0,1557.0,6082.0,1001136.0,12821.0,1821.0
2020-05-10,12329.0,2706.0,2153.0,1787.0,7058.0,996378.0,14936.0,2115.0
2020-05-11,14325.0,3163.0,2537.0,2053.0,8344.0,991961.0,17387.0,2451.0
2020-05-12,16707.0,3617.0,2963.0,2450.0,9748.0,987668.0,20208.0,2821.0
2020-05-13,19272.0,4293.0,3515.0,2680.0,11434.0,983352.0,23602.0,3394.0
2020-05-14,22538.0,4896.0,4100.0,3153.0,13419.0,977691.0,27434.0,3832.0
2020-05-15,26025.0,5832.0,4612.0,3771.0,15407.0,969219.0,31926.0,4492.0
2020-05-16,30156.0,6523.0,5466.0,4228.0,17942.0,960568.0,36915.0,4989.0
2020-05-17,34779.0,7643.0,6274.0,5038.0,20848.0,950530.0,42805.0,5890.0
2020-05-18,39923.0,9030.0,7199.0,5769.0,24502.0,939215.0,49688.0,6883.0
2020-05-19,45558.0,10230.0,8374.0,6845.0,28607.0,926890.0,57528.0,7840.0
2020-05-20,52395.0,11681.0,9680.0,7871.0,33154.0,910464.0,66572.0,9044.0
2020-05-21,59577.0,13443.0,10900.0,9129.0,38459.0,894376.0,76929.0,10357.0
2020-05-22,67424.0,15196.0,12833.0,10286.0,44749.0,875043.0,88587.0,11658.0
2020-05-23,76386.0,17489.0,14570.0,11861.0,51655.0,853720.0,101966.0,13379.0
2020-05-24,86231.0,19732.0,16561.0,13623.0,60076.0,829826.0,117005.0,15039.0
2020-05-25,96389.0,22144.0,18834.0,15494.0,69000.0,804675.0,133852.0,16847.0
2020-05-26,106887.0,25200.0,20854.0,17344.0,79808.0,775992.0,152738.0,18886.0
2020-05-27,118421.0,27879.0,23679.0,19698.0,91854.0,743844.0,173695.0,20957.0
2020-05-28,130262.0,30943.0,26338.0,22037.0,105202.0,712140.0,196742.0,23047.0
2020-05-29,141451.0,34218.0,29142.0,24861.0,119676.0,677718.0,222019.0,25277.0
2020-05-30,152588.0,37151.0,32247.0,27559.0,136762.0,641511.0,249373.0,27354.0
2020-05-31,162433.0,40042.0,35262.0,30435.0,155306.0,603849.0,278823.0,29450.0
2020-06-01,172017.0,42474.0,37991.0,33352.0,175550.0,565700.0,309886.0,31063.0
2020-06-02,179921.0,45354.0,40796.0,36188.0,197924.0,527245.0,342706.0,32820.0
2020-06-03,186135.0,47460.0,43223.0,38660.0,221858.0,488970.0,376653.0,33947.0
2020-06-04,190093.0,49605.0,45761.0,41645.0,247662.0,453005.0,412176.0,35523.0
2020-06-05,193518.0,50797.0,47779.0,44424.0,274783.0,416655.0,448034.0,35858.0
2020-06-06,194041.0,51543.0,49539.0,46138.0,303723.0,382337.0,484169.0,36135.0
2020-06-07,192552.0,52273.0,50698.0,47644.0,333568.0,350006.0,520512.0,36343.0
2020-06-08,189198.0,52398.0,51150.0,49137.0,364199.0,320691.0,556446.0,35934.0
2020-06-09,184153.0,51549.0,51421.0,50059.0,395756.0,293157.0,591394.0,34948.0
2020-06-10,177239.0,50922.0,51250.0,50315.0,427550.0,268794.0,625849.0,34455.0
2020-06-11,170082.0,49137.0,50368.0,50466.0,460975.0,246280.0,658684.0,32835.0
2020-06-12,161647.0,47382.0,49207.0,49752.0,492786.0,225973.0,690166.0,31482.0
2020-06-13,152515.0,45483.0,47714.0,49418.0,523794.0,208429.0,720027.0,29861.0
2020-06-14,143195.0,42908.0,45756.0,48264.0,554929.0,192194.0,747999.0,27972.0
2020-06-15,133394.0,40535.0,43663.0,46480.0,585366.0,178193.0,774270.0,26271.0
2020-06-16,123949.0,37750.0,41653.0,44248.0,614123.0,166254.0,798636.0,24366.0
2020-06-17,114713.0,35376.0,39106.0,42202.0,642172.0,155385.0,821268.0,22632.0
2020-06-18,105489.0,32625.0,36511.0,39725.0,667866.0,145553.0,842121.0,20853.0
2020-06-19,96076.0,30417.0,33963.0,37212.0,691712.0,137147.0,861432.0,19311.0
2020-06-20,87839.0,27718.0,31446.0,35054.0,714286.0,130518.0,878878.0,17446.0
2020-06-21,80020.0,25436.0,28900.0,32451.0,736486.0,124448.0,894700.0,15822.0
2020-06-22,72954.0,23366.0,26748.0,30214.0,756497.0,118582.0,909402.0,14702.0
2020-06-23,66440.0,21325.0,24444.0,28332.0,775351.0,113639.0,922738.0,13336.0
2020-06-24,60190.0,19165.0,22439.0,25856.0,791408.0,109896.0,934637.0,11899.0
2020-06-25,54393.0,17307.0,20472.0,23810.0,806622.0,105892.0,945536.0,10899.0
2020-06-26,48628.0,15941.0,18534.0,21783.0,820478.0,102755.0,955469.0,9933.0
2020-06-27,44184.0,14316.0,16788.0,19618.0,833574.0,100006.0,964267.0,8798.0
2020-06-28,39917.0,12877.0,15407.0,17904.0,845700.0,97221.0,972267.0,8000.0
2020-06-29,35762.0,11711.0,13839.0,16437.0,856846.0,94711.0,979533.0,7266.0
2020-06-30,32124.0,10577.0,12512.0,14651.0,866523.0,93528.0,985993.0,6460.0
2020-07-01,28832.0,9596.0,11121.0,13229.0,874600.0,91653.0,991774.0,5781.0
2020-07-02,25827.0,8579.0,10113.0,12050.0,882711.0,90048.0,996999.0,5225.0
2020-07-03,22868.0,7656.0,9120.0,10938.0,889863.0,88756.0,1001651.0,4652.0
2020-07-04,20526.0,6634.0,8265.0,9905.0,895876.0,87698.0,1005700.0,4049.0
2020-07-05,18401.0,5984.0,7206.0,8725.0,901741.0,86916.0,1009306.0,3606.0
2020-07-06,16299.0,5503.0,6460.0,7774.0,906762.0,85760.0,1012694.0,3388.0
