time,E,I1,I2,I3,R,S,cumI,diffI
2020-03-06,0.0,2.0,1.0,0.0,0.0,970173.0,0.0,0.0
2020-03-07,0.0,0.0,1.0,0.0,0.0,972318.0,0.0,0.0
2020-03-08,3.0,1.0,0.0,1.0,0.0,979374.0,0.0,0.0
2020-03-09,3.0,0.0,1.0,0.0,1.0,986078.0,0.0,0.0
2020-03-10,1.0,1.0,0.0,1.0,1.0,991947.0,1.0,1.0
2020-03-11,1.0,1.0,0.0,0.0,2.0,997185.0,1.0,0.0
2020-03-12,1.0,0.0,1.0,0.0,1.0,999643.0,1.0,0.0
2020-03-13,1.0,0.0,1.0,0.0,0.0,1002959.0,1.0,0.0
2020-03-14,3.0,0.0,1.0,0.0,0.0,1005622.0,1.0,0.0
2020-03-15,2.0,0.0,1.0,0.0,0.0,1009118.0,1.0,0.0
2020-03-16,1.0,2.0,0.0,0.0,0.0,1009795.0,2.0,1.0
2020-03-17,1.0,2.0,1.0,0.0,0.0,1010345.0,3.0,1.0
2020-03-18,1.0,0.0,2.0,0.0,0.0,1011131.0,3.0,0.0
2020-03-19,1.0,0.0,0.0,0.0,2.0,1011358.0,3.0,0.0
2020-03-20,3.0,1.0,0.0,0.0,2.0,1011902.0,4.0,1.0
2020-03-21,1.0,0.0,0.0,0.0,3.0,1012406.0,5.0,1.0
2020-03-22,1.0,0.0,0.0,0.0,3.0,1013161.0,5.0,0.0
2020-03-23,2.0,1.0,0.0,1.0,5.0,1011823.0,5.0,0.0
2020-03-24,3.0,0.0,1.0,1.0,5.0,1012653.0,5.0,0.0
2020-03-25,4.0,0.0,0.0,1.0,3.0,1012627.0,5.0,0.0
2020-03-26,3.0,1.0,0.0,0.0,3.0,1014063.0,8.0,3.0
2020-03-27,6.0,0.0,2.0,1.0,4.0,1013894.0,8.0,0.0
2020-03-28,8.0,2.0,0.0,1.0,7.0,1013968.0,10.0,2.0
2020-03-29,9.0,2.0,0.0,1.0,6.0,1012305.0,11.0,1.0
2020-03-30,9.0,1.0,3.0,1.0,9.0,1013573.0,13.0,2.0
2020-03-31,7.0,4.0,2.0,2.0,10.0,1014292.0,17.0,4.0
2020-04-01,9.0,5.0,4.0,0.0,14.0,1015769.0,21.0,4.0
2020-04-02,11.0,3.0,4.0,1.0,14.0,1016216.0,21.0,0.0
2020-04-03,19.0,2.0,5.0,3.0,14.0,1015766.0,22.0,1.0
2020-04-04,21.0,2.0,4.0,2.0,14.0,1016805.0,25.0,3.0
2020-04-05,27.0,4.0,5.0,3.0,17.0,1016705.0,28.0,3.0
2020-04-06,33.0,6.0,7.0,9.0,14.0,1016709.0,34.0,6.0
2020-04-07,38.0,7.0,7.0,4.0,16.0,1015875.0,41.0,7.0
2020-04-08,45.0,8.0,5.0,5.0,19.0,1015087.0,48.0,7.0
2020-04-09,45.0,10.0,11.0,7.0,20.0,1016162.0,56.0,8.0
2020-04-10,39.0,15.0,13.0,7.0,27.0,1018174.0,74.0,18.0
2020-04-11,41.0,9.0,17.0,8.0,39.0,1018210.0,80.0,6.0
2020-04-12,62.0,13.0,13.0,7.0,43.0,1018833.0,90.0,10.0
2020-04-13,69.0,10.0,12.0,10.0,46.0,1018482.0,98.0,8.0
2020-04-14,66.0,13.0,10.0,12.0,49.0,1018203.0,109.0,11.0
2020-04-15,95.0,20.0,14.0,11.0,58.0,1019460.0,123.0,14.0
2020-04-16,100.0,22.0,16.0,10.0,63.0,1019269.0,140.0,17.0
2020-04-17,125.0,24.0,22.0,16.0,79.0,1019620.0,160.0,20.0
2020-04-18,155.0,36.0,32.0,9.0,84.0,1019582.0,184.0,24.0
2020-04-19,172.0,40.0,33.0,18.0,107.0,1019167.0,217.0,33.0
2020-04-20,208.0,45.0,39.0,30.0,118.0,1019237.0,250.0,33.0
2020-04-21,225.0,56.0,48.0,30.0,124.0,1020204.0,295.0,45.0
2020-04-22,265.0,77.0,45.0,40.0,141.0,1019800.0,350.0,55.0
2020-04-23,360.0,67.0,73.0,47.0,180.0,1020526.0,402.0,52.0
2020-04-24,392.0,87.0,67.0,56.0,221.0,1018916.0,473.0,71.0
2020-04-25,424.0,91.0,75.0,64.0,268.0,1019849.0,549.0,76.0
2020-04-26,516.0,103.0,73.0,71.0,328.0,1019339.0,633.0,84.0
2020-04-27,601.0,120.0,105.0,82.0,356.0,1019428.0,739.0,106.0
2020-04-28,699.0,155.0,111.0,89.0,385.0,1019380.0,855.0,116.0
2020-04-29,852.0,156.0,140.0,103.0,464.0,1019801.0,975.0,120.0
2020-04-30,956.0,197.0,140.0,137.0,546.0,1020109.0,1123.0,148.0
2020-05-01,1116.0,235.0,169.0,174.0,633.0,1019788.0,1295.0,172.0
2020-05-02,1319.0,274.0,231.0,182.0,743.0,1019302.0,1519.0,224.0
2020-05-03,1584.0,369.0,263.0,186.0,893.0,1019307.0,1794.0,275.0
2020-05-04,1938.0,412.0,341.0,237.0,1044.0,1017936.0,2113.0,319.0
2020-05-05,2205.0,468.0,386.0,297.0,1195.0,1017805.0,2497.0,384.0
2020-05-06,2540.0,572.0,436.0,362.0,1395.0,1017249.0,2941.0,444.0
2020-05-07,2972.0,653.0,481.0,415.0,1623.0,1017157.0,3440.0,499.0
2020-05-08,3468.0,774.0,579.0,458.0,1936.0,1015120.0,4025.0,585.0
2020-05-09,4032.0,924.0,716.0,582.0,2268.0,1014599.0,4731.0,706.0
2020-05-10,4735.0,1004.0,800.0,681.0,2717.0,1013145.0,5494.0,763.0
2020-05-11,5377.0,1241.0,927.0,760.0,3156.0,1012060.0,6494.0,1000.0
2020-05-12,6257.0,1447.0,1109.0,920.0,3660.0,1010349.0,7606.0,1112.0
2020-05-13,7484.0,1657.0,1361.0,1051.0,4230.0,1008000.0,8863.0,1257.0
2020-05-14,8664.0,1970.0,1559.0,1266.0,4947.0,1006735.0,10416.0,1553.0
2020-05-15,10056.0,2277.0,1798.0,1466.0,5824.0,1001833.0,12105.0,1689.0
2020-05-16,11685.0,2684.0,2060.0,1680.0,6840.0,1000541.0,14185.0,2080.0
2020-05-17,13448.0,3029.0,2419.0,1924.0,7968.0,995621.0,16536.0,2351.0
2020-05-18,15808.0,3487.0,2721.0,2275.0,9349.0,990905.0,19235.0,2699.0
2020-05-19,18209.0,4122.0,3238.0,2592.0,10713.0,985212.0,22434.0,3199.0
2020-05-20,20969.0,4734.0,3752.0,3016.0,12538.0,979005.0,25977.0,3543.0
2020-05-21,24289.0,5458.0,4364.0,3484.0,14602.0,973296.0,30106.0,4129.0
2020-05-22,28219.0,6244.0,5094.0,4023.0,17010.0,964255.0,34859.0,4753.0
2020-05-23,32218.0,7349.0,5754.0,4862.0,19965.0,956589.0,40484.0,5625.0
2020-05-24,37268.0,8296.0,6818.0,5471.0,23257.0,944722.0,46868.0,6384.0
2020-05-25,43138.0,9595.0,7911.0,6289.0,26770.0,930677.0,54247.0,7379.0
2020-05-26,49322.0,11144.0,8956.0,7418.0,30918.0,917436.0,62770.0,8523.0
2020-05-27,56403.0,12703.0,10459.0,8295.0,36160.0,900875.0,72580.0,9810.0
2020-05-28,64170.0,14340.0,11954.0,9771.0,41889.0,883053.0,83368.0,10788.0
2020-05-29,72699.0,16299.0,13484.0,11213.0,48697.0,862720.0,95885.0,12517.0
2020-05-30,82331.0,18943.0,15541.0,12907.0,56167.0,839613.0,110388.0,14503.0
2020-05-31,91823.0,21399.0,17614.0,14667.0,64878.0,816005.0,126597.0,16209.0
2020-06-01,102567.0,24084.0,19833.0,16563.0,74852.0,788952.0,144590.0,17993.0
2020-06-02,113867.0,26650.0,22538.0,18999.0,86079.0,759100.0,164690.0,20100.0
2020-06-03,125016.0,29317.0,25098.0,21484.0,98817.0,725825.0,186789.0,22099.0
2020-06-04,136443.0,32709.0,27976.0,23928.0,113195.0,691874.0,211078.0,24289.0
2020-06-05,147609.0,35903.0,30937.0,26712.0,128975.0,654931.0,237754.0,26676.0
2020-06-06,158300.0,38462.0,33973.0,29531.0,146780.0,617931.0,266128.0,28374.0
2020-06-07,168640.0,41668.0,36599.0,32161.0,166723.0,580260.0,296439.0,30311.0
2020-06-08,177041.0,44313.0,39712.0,35022.0,188718.0,542823.0,328559.0,32120.0
2020-06-09,183248.0,46717.0,42356.0,37686.0,212068.0,504697.0,362245.0,33686.0
2020-06-10,189143.0,48755.0,44985.0,40094.0,236995.0,466833.0,396846.0,34601.0
2020-06-11,192544.0,50774.0,47183.0,42946.0,263524.0,430700.0,432868.0,36022.0
2020-06-12,194140.0,51694.0,48719.0,45533.0,291754.0,395315.0,469219.0,36351.0
2020-06-13,193288.0,52495.0,50325.0,47560.0,320740.0,362448.0,505762.0,36543.0
2020-06-14,190939.0,52763.0,51271.0,48947.0,351829.0,331232.0,542022.0,36260.0
2020-06-15,187002.0,52279.0,51673.0,50192.0,383562.0,303040.0,577683.0,35661.0
2020-06-16,180428.0,51052.0,51471.0,50616.0,417065.0,277245.0,612445.0,34762.0
2020-06-17,173433.0,49769.0,50768.0,50919.0,450060.0,254120.0,646010.0,33565.0
2020-06-18,165436.0,47871.0,49426.0,50428.0,482781.0,232937.0,677950.0,31940.0
2020-06-19,156808.0,46009.0,48164.0,49431.0,515662.0,213872.0,708422.0,30472.0
2020-06-20,147402.0,44145.0,46434.0,48239.0,546165.0,197220.0,737275.0,28853.0
2020-06-21,137491.0,41726.0,44629.0,46305.0,576051.0,182528.0,764220.0,26945.0
2020-06-22,127841.0,38870.0,42579.0,44930.0,605367.0,169912.0,789332.0,25112.0
2020-06-23,117972.0,36395.0,39711.0,43169.0,633406.0,158201.0,812488.0,23156.0
2020-06-24,108303.0,33790.0,37413.0,40801.0,660497.0,148394.0,834015.0,21527.0
2020-06-25,99344.0,31433.0,34537.0,38492.0,684775.0,139662.0,853798.0,19783.0
2020-06-26,90794.0,28788.0,32597.0,36015.0,708400.0,132042.0,871974.0,18176.0
2020-06-27,82925.0,26314.0,29958.0,33749.0,730847.0,125379.0,888304.0,16330.0
2020-06-28,75265.0,24116.0,27447.0,31097.0,750624.0,119711.0,903376.0,15072.0
2020-06-29,68236.0,21884.0,25388.0,28821.0,768589.0,114626.0,917016.0,13640.0
2020-06-30,61822.0,19735.0,23111.0,26680.0,786685.0,110262.0,929224.0,12208.0
2020-07-01,55897.0,17948.0,21251.0,24228.0,802896.0,106660.0,940418.0,11194.0
2020-07-02,50137.0,16296.0,19116.0,22261.0,818319.0,102905.0,950487.0,10069.0
2020-07-03,45148.0,14746.0,17463.0,20381.0,831508.0,99888.0,959638.0,9151.0
2020-07-04,40723.0,13367.0,15729.0,18691.0,843302.0,97209.0,967754.0,8116.0
2020-07-05,36598.0,12074.0,14234.0,16717.0,855302.0,94974.0,975168.0,7414.0
2020-07-06,32890.0,10977.0,12996.0,15164.0,865222.0,93057.0,981833.0,6665.0
