time,E,I1,I2,I3,R,S,cumI,diffI
2020-03-06,0.0,3.0,0.0,0.0,0.0,970469.0,0.0,0.0
2020-03-07,0.0,0.0,2.0,0.0,0.0,972437.0,0.0,0.0
2020-03-08,2.0,0.0,1.0,0.0,0.0,979095.0,0.0,0.0
2020-03-09,3.0,1.0,1.0,0.0,0.0,985568.0,1.0,1.0
2020-03-10,2.0,2.0,0.0,1.0,0.0,991089.0,2.0,1.0
2020-03-11,2.0,0.0,2.0,1.0,0.0,994958.0,2.0,0.0
2020-03-12,2.0,0.0,0.0,0.0,2.0,1000246.0,2.0,0.0
2020-03-13,0.0,0.0,0.0,0.0,2.0,1002341.0,2.0,0.0
2020-03-14,0.0,0.0,0.0,0.0,2.0,1004204.0,2.0,0.0
2020-03-15,0.0,0.0,0.0,0.0,3.0,1007054.0,2.0,0.0
2020-03-16,0.0,0.0,0.0,1.0,3.0,1009040.0,2.0,0.0
2020-03-17,0.0,0.0,0.0,0.0,2.0,1010230.0,2.0,0.0
2020-03-18,0.0,0.0,0.0,0.0,2.0,1011425.0,2.0,0.0
2020-03-19,0.0,0.0,0.0,0.0,2.0,1012297.0,2.0,0.0
2020-03-20,0.0,0.0,0.0,0.0,2.0,1012718.0,2.0,0.0
2020-03-21,0.0,0.0,0.0,0.0,2.0,1011646.0,2.0,0.0
2020-03-22,0.0,0.0,0.0,0.0,3.0,1013111.0,2.0,0.0
2020-03-23,0.0,0.0,0.0,0.0,2.0,1013733.0,2.0,0.0
2020-03-24,0.0,0.0,0.0,0.0,3.0,1014893.0,2.0,0.0
2020-03-25,1.0,0.0,0.0,0.0,0.0,1014237.0,2.0,0.0
2020-03-26,2.0,0.0,1.0,0.0,3.0,1014886.0,3.0,1.0
2020-03-27,1.0,0.0,0.0,0.0,1.0,1013605.0,3.0,0.0
2020-03-28,1.0,0.0,0.0,0.0,2.0,1014022.0,3.0,0.0
2020-03-29,1.0,0.0,0.0,0.0,2.0,1014025.0,3.0,0.0
2020-03-30,0.0,2.0,0.0,1.0,0.0,1014901.0,5.0,2.0
2020-03-31,1.0,0.0,0.0,1.0,1.0,1015101.0,5.0,0.0
2020-04-01,3.0,0.0,1.0,1.0,2.0,1014895.0,5.0,0.0
2020-04-02,3.0,1.0,0.0,1.0,3.0,1016191.0,6.0,1.0
2020-04-03,1.0,0.0,0.0,2.0,4.0,1017082.0,6.0,0.0
2020-04-04,2.0,0.0,0.0,0.0,5.0,1017391.0,6.0,0.0
2020-04-05,2.0,1.0,0.0,0.0,4.0,1016678.0,7.0,1.0
2020-04-06,4.0,1.0,0.0,0.0,4.0,1016707.0,7.0,0.0
2020-04-07,4.0,1.0,0.0,0.0,3.0,1017065.0,7.0,0.0
2020-04-08,9.0,2.0,1.0,0.0,3.0,1017545.0,7.0,0.0
2020-04-09,14.0,1.0,0.0,1.0,3.0,1017779.0,8.0,1.0
2020-04-10,13.0,4.0,1.0,0.0,6.0,1018414.0,13.0,5.0
2020-04-11,13.0,4.0,0.0,2.0,8.0,1017485.0,15.0,2.0
2020-04-12,10.0,1.0,3.0,1.0,7.0,1017597.0,18.0,3.0
2020-04-13,11.0,1.0,2.0,2.0,8.0,1017867.0,19.0,1.0
2020-04-14,13.0,1.0,2.0,3.0,11.0,1017694.0,20.0,1.0
2020-04-15,12.0,2.0,1.0,2.0,14.0,1017697.0,20.0,0.0
2020-04-16,20.0,1.0,0.0,4.0,16.0,1018542.0,20.0,0.0
2020-04-17,21.0,5.0,0.0,4.0,17.0,1018856.0,21.0,1.0
2020-04-18,43.0,3.0,9.0,3.0,20.0,1018425.0,24.0,3.0
2020-04-19,43.0,9.0,6.0,4.0,21.0,1019485.0,35.0,11.0
2020-04-20,43.0,12.0,4.0,3.0,28.0,1016984.0,43.0,8.0
2020-04-21,45.0,19.0,6.0,9.0,35.0,1017474.0,56.0,13.0
2020-04-22,56.0,14.0,9.0,8.0,38.0,1019505.0,63.0,7.0
2020-04-23,78.0,15.0,10.0,9.0,47.0,1020591.0,71.0,8.0
2020-04-24,87.0,20.0,17.0,12.0,49.0,1020583.0,86.0,15.0
2020-04-25,97.0,18.0,27.0,11.0,67.0,1021459.0,98.0,12.0
2020-04-26,120.0,18.0,26.0,26.0,75.0,1020849.0,116.0,18.0
2020-04-27,137.0,27.0,25.0,19.0,89.0,1021491.0,138.0,22.0
2020-04-28,174.0,39.0,30.0,22.0,118.0,1019633.0,167.0,29.0
2020-04-29,176.0,41.0,33.0,28.0,122.0,1022224.0,200.0,33.0
2020-04-30,225.0,51.0,48.0,23.0,125.0,1022183.0,242.0,42.0
2020-05-01,263.0,53.0,48.0,42.0,145.0,1022301.0,280.0,38.0
2020-05-02,317.0,80.0,50.0,40.0,184.0,1021736.0,330.0,50.0
2020-05-03,385.0,81.0,78.0,48.0,233.0,1020831.0,400.0,70.0
2020-05-04,480.0,105.0,90.0,77.0,261.0,1020184.0,488.0,88.0
2020-05-05,593.0,106.0,109.0,77.0,328.0,1020414.0,573.0,85.0
2020-05-06,709.0,139.0,123.0,99.0,371.0,1019863.0,674.0,101.0
2020-05-07,799.0,152.0,151.0,106.0,445.0,1020883.0,793.0,119.0
2020-05-08,928.0,189.0,157.0,135.0,491.0,1019966.0,953.0,160.0
2020-05-09,1069.0,220.0,178.0,148.0,571.0,1020595.0,1121.0,168.0
2020-05-10,1222.0,254.0,233.0,160.0,678.0,1020886.0,1345.0,224.0
2020-05-11,1469.0,306.0,256.0,205.0,792.0,1020515.0,1581.0,236.0
2020-05-12,1721.0,381.0,270.0,250.0,960.0,1020834.0,1886.0,305.0
2020-05-13,2027.0,455.0,326.0,274.0,1134.0,1019215.0,2227.0,341.0
2020-05-14,2436.0,520.0,408.0,334.0,1314.0,1019592.0,2595.0,368.0
2020-05-15,2720.0,632.0,477.0,407.0,1531.0,1017347.0,3087.0,492.0
2020-05-16,3163.0,730.0,558.0,466.0,1820.0,1017781.0,3618.0,531.0
2020-05-17,3693.0,811.0,694.0,476.0,2163.0,1017413.0,4256.0,638.0
2020-05-18,4309.0,965.0,787.0,587.0,2500.0,1014852.0,5013.0,757.0
2020-05-19,5082.0,1113.0,903.0,717.0,3026.0,1013453.0,5857.0,844.0
2020-05-20,6010.0,1333.0,1102.0,840.0,3507.0,1011874.0,6879.0,1022.0
2020-05-21,7059.0,1588.0,1268.0,996.0,4046.0,1010804.0,8124.0,1245.0
2020-05-22,8240.0,1804.0,1494.0,1121.0,4762.0,1008000.0,9555.0,1431.0
2020-05-23,9680.0,2096.0,1749.0,1403.0,5487.0,1003785.0,11206.0,1651.0
2020-05-24,11322.0,2473.0,1945.0,1618.0,6463.0,1000375.0,13128.0,1922.0
2020-05-25,13226.0,2832.0,2373.0,1865.0,7722.0,998226.0,15433.0,2305.0
2020-05-26,15248.0,3340.0,2680.0,2071.0,8921.0,994118.0,18015.0,2582.0
2020-05-27,17630.0,3875.0,3073.0,2516.0,10439.0,987977.0,21024.0,3009.0
2020-05-28,20725.0,4565.0,3607.0,2936.0,12168.0,981828.0,24577.0,3553.0
2020-05-29,23970.0,5419.0,4357.0,3398.0,14268.0,975382.0,28741.0,4164.0
2020-05-30,28003.0,6213.0,5173.0,4028.0,16633.0,965488.0,33537.0,4796.0
2020-05-31,32525.0,7254.0,5891.0,4713.0,19471.0,956302.0,39174.0,5637.0
2020-06-01,37254.0,8234.0,6865.0,5391.0,22638.0,945176.0,45600.0,6426.0
2020-06-02,42720.0,9549.0,7742.0,6274.0,26322.0,932769.0,52847.0,7247.0
2020-06-03,49439.0,11067.0,9002.0,7404.0,30794.0,918718.0,61396.0,8549.0
2020-06-04,56277.0,12814.0,10288.0,8477.0,35916.0,902587.0,71190.0,9794.0
2020-06-05,63864.0,14494.0,11872.0,9619.0,41729.0,885596.0,82196.0,11006.0
2020-06-06,72353.0,16507.0,13428.0,11114.0,48362.0,864025.0,94714.0,12518.0
2020-06-07,81353.0,18599.0,15415.0,12878.0,55800.0,842086.0,108909.0,14195.0
2020-06-08,91880.0,21158.0,17703.0,14596.0,64315.0,817130.0,124900.0,15991.0
2020-06-09,102214.0,24058.0,20029.0,16626.0,74268.0,789415.0,143091.0,18191.0
2020-06-10,113144.0,26513.0,22397.0,18787.0,85280.0,759580.0,162820.0,19729.0
2020-06-11,125033.0,29310.0,24956.0,21017.0,98210.0,728464.0,184606.0,21786.0
2020-06-12,136413.0,32686.0,27691.0,23755.0,112063.0,695051.0,209007.0,24401.0
2020-06-13,148152.0,35411.0,30734.0,26324.0,127838.0,659818.0,235229.0,26222.0
2020-06-14,158437.0,38707.0,33628.0,29084.0,145310.0,621500.0,263799.0,28570.0
2020-06-15,168959.0,41326.0,36408.0,32142.0,165968.0,583189.0,293795.0,29996.0
2020-06-16,177424.0,44538.0,39350.0,35238.0,187584.0,544542.0,325861.0,32066.0
2020-06-17,184989.0,46690.0,42222.0,38262.0,211346.0,505726.0,359392.0,33531.0
2020-06-18,189869.0,49240.0,44876.0,40529.0,236765.0,467111.0,394620.0,35228.0
2020-06-19,193144.0,50537.0,47370.0,43246.0,263507.0,430977.0,430321.0,35701.0
2020-06-20,194799.0,51277.0,49337.0,45741.0,292125.0,394605.0,466520.0,36199.0
2020-06-21,193718.0,51826.0,50498.0,47479.0,322700.0,362050.0,502630.0,36110.0
2020-06-22,191323.0,52293.0,51253.0,48875.0,353441.0,331138.0,538844.0,36214.0
2020-06-23,187209.0,52269.0,51672.0,50205.0,384948.0,302088.0,574482.0,35638.0
2020-06-24,181573.0,51149.0,51787.0,50672.0,417116.0,275871.0,608974.0,34492.0
2020-06-25,173930.0,49708.0,51056.0,50953.0,450207.0,251824.0,642346.0,33372.0
2020-06-26,165645.0,48016.0,49940.0,50689.0,482794.0,230707.0,674521.0,32175.0
2020-06-27,156675.0,46132.0,48246.0,50039.0,514559.0,212179.0,705246.0,30725.0
2020-06-28,146430.0,43887.0,46710.0,48776.0,545751.0,195281.0,734128.0,28882.0
2020-06-29,137238.0,41040.0,44486.0,47196.0,575863.0,180930.0,761030.0,26902.0
2020-06-30,127127.0,38686.0,42442.0,44884.0,606462.0,167862.0,786096.0,25066.0
2020-07-01,117047.0,36155.0,40130.0,42495.0,634614.0,156397.0,809355.0,23259.0
2020-07-02,107310.0,33586.0,37306.0,40654.0,662142.0,146267.0,830749.0,21394.0
2020-07-03,98281.0,31040.0,34841.0,38371.0,687167.0,137550.0,850470.0,19721.0
2020-07-04,90029.0,28858.0,32377.0,35976.0,710543.0,130090.0,868746.0,18276.0
2020-07-05,82319.0,26150.0,29936.0,33753.0,732584.0,123698.0,884930.0,16184.0
2020-07-06,74381.0,23857.0,27341.0,31190.0,753101.0,117669.0,899856.0,14926.0
