time,E,I1,I2,I3,R,S,cumI,diffI
2020-03-06,0.0,2.0,1.0,0.0,0.0,970010.0,0.0,0.0
2020-03-07,0.0,0.0,0.0,0.0,1.0,972871.0,0.0,0.0
2020-03-08,1.0,0.0,0.0,1.0,0.0,979628.0,0.0,0.0
2020-03-09,1.0,1.0,0.0,1.0,0.0,986771.0,1.0,1.0
2020-03-10,1.0,1.0,0.0,0.0,1.0,992643.0,1.0,0.0
2020-03-11,0.0,0.0,0.0,0.0,1.0,998098.0,1.0,0.0
2020-03-12,0.0,0.0,0.0,0.0,2.0,1001709.0,1.0,0.0
2020-03-13,0.0,0.0,0.0,0.0,1.0,1003728.0,1.0,0.0
2020-03-14,0.0,0.0,0.0,0.0,0.0,1005660.0,1.0,0.0
2020-03-15,0.0,0.0,0.0,0.0,0.0,1007412.0,1.0,0.0
2020-03-16,2.0,0.0,0.0,0.0,0.0,1008573.0,1.0,0.0
2020-03-17,2.0,0.0,0.0,0.0,0.0,1010528.0,1.0,0.0
2020-03-18,2.0,1.0,0.0,0.0,1.0,1009795.0,1.0,0.0
2020-03-19,3.0,0.0,2.0,0.0,0.0,1009753.0,2.0,1.0
2020-03-20,2.0,0.0,1.0,0.0,1.0,1010180.0,2.0,0.0
2020-03-21,1.0,1.0,0.0,0.0,2.0,1012098.0,2.0,0.0
2020-03-22,2.0,0.0,0.0,0.0,3.0,1012103.0,2.0,0.0
2020-03-23,3.0,0.0,1.0,0.0,3.0,1013789.0,2.0,0.0
2020-03-24,3.0,0.0,1.0,0.0,5.0,1014270.0,2.0,0.0
2020-03-25,5.0,0.0,0.0,1.0,3.0,1016098.0,2.0,0.0
2020-03-26,6.0,1.0,0.0,1.0,3.0,1015372.0,3.0,1.0
2020-03-27,6.0,2.0,1.0,0.0,6.0,1014270.0,3.0,0.0
2020-03-28,7.0,1.0,3.0,0.0,8.0,1014996.0,3.0,0.0
2020-03-29,11.0,1.0,0.0,3.0,6.0,1014293.0,4.0,1.0
2020-03-30,9.0,2.0,0.0,2.0,8.0,1016428.0,6.0,2.0
2020-03-31,9.0,2.0,0.0,1.0,9.0,1015552.0,7.0,1.0
2020-04-01,9.0,7.0,0.0,1.0,6.0,1016677.0,12.0,5.0
2020-04-02,8.0,8.0,5.0,1.0,7.0,1016880.0,17.0,5.0
2020-04-03,23.0,1.0,11.0,4.0,6.0,1016803.0,18.0,1.0
2020-04-04,26.0,5.0,5.0,3.0,12.0,1016538.0,22.0,4.0
2020-04-05,31.0,4.0,6.0,3.0,11.0,1017631.0,25.0,3.0
2020-04-06,32.0,10.0,0.0,2.0,16.0,1017778.0,32.0,7.0
2020-04-07,29.0,8.0,13.0,3.0,20.0,1017349.0,39.0,7.0
2020-04-08,36.0,8.0,13.0,5.0,18.0,1017795.0,44.0,5.0
2020-04-09,41.0,17.0,8.0,5.0,24.0,1017162.0,55.0,11.0
2020-04-10,66.0,14.0,10.0,7.0,26.0,1016686.0,63.0,8.0
2020-04-11,71.0,10.0,11.0,8.0,35.0,1016452.0,78.0,15.0
2020-04-12,76.0,13.0,12.0,7.0,36.0,1017609.0,92.0,14.0
2020-04-13,95.0,15.0,11.0,13.0,44.0,1018084.0,104.0,12.0
2020-04-14,106.0,24.0,9.0,14.0,56.0,1017752.0,123.0,19.0
2020-04-15,121.0,21.0,26.0,18.0,65.0,1018082.0,138.0,15.0
2020-04-16,123.0,29.0,30.0,14.0,91.0,1018915.0,161.0,23.0
2020-04-17,158.0,36.0,33.0,25.0,92.0,1019440.0,185.0,24.0
2020-04-18,206.0,42.0,26.0,32.0,107.0,1020626.0,211.0,26.0
2020-04-19,246.0,56.0,36.0,31.0,133.0,1021078.0,255.0,44.0
2020-04-20,272.0,57.0,42.0,41.0,159.0,1021446.0,293.0,38.0
2020-04-21,329.0,66.0,64.0,53.0,186.0,1019998.0,345.0,52.0
2020-04-22,366.0,62.0,78.0,58.0,212.0,1020358.0,410.0,65.0
2020-04-23,461.0,83.0,78.0,73.0,225.0,1019448.0,476.0,66.0
2020-04-24,528.0,107.0,80.0,78.0,277.0,1020147.0,558.0,82.0
2020-04-25,580.0,139.0,111.0,71.0,318.0,1019797.0,668.0,110.0
2020-04-26,638.0,162.0,132.0,95.0,368.0,1019808.0,790.0,122.0
2020-04-27,789.0,167.0,147.0,125.0,427.0,1018387.0,912.0,122.0
2020-04-28,871.0,229.0,171.0,110.0,525.0,1018550.0,1089.0,177.0
2020-04-29,1031.0,222.0,206.0,167.0,629.0,1019739.0,1253.0,164.0
2020-04-30,1261.0,260.0,226.0,201.0,731.0,1020668.0,1467.0,214.0
2020-05-01,1520.0,337.0,249.0,205.0,858.0,1019427.0,1745.0,278.0
2020-05-02,1737.0,362.0,291.0,262.0,966.0,1018708.0,2029.0,284.0
2020-05-03,2062.0,424.0,341.0,295.0,1185.0,1017531.0,2348.0,319.0
2020-05-04,2382.0,530.0,404.0,301.0,1391.0,1017276.0,2746.0,398.0
2020-05-05,2816.0,590.0,474.0,377.0,1535.0,1016772.0,3192.0,446.0
2020-05-06,3317.0,722.0,579.0,447.0,1830.0,1017131.0,3759.0,567.0
2020-05-07,3869.0,848.0,661.0,533.0,2164.0,1014248.0,4419.0,660.0
2020-05-08,4478.0,937.0,776.0,657.0,2502.0,1013374.0,5184.0,765.0
2020-05-09,5254.0,1120.0,903.0,744.0,2969.0,1012227.0,6031.0,847.0
2020-05-10,6122.0,1354.0,1053.0,856.0,3473.0,1011103.0,7039.0,1008.0
2020-05-11,7059.0,1614.0,1247.0,993.0,4050.0,1009411.0,8281.0,1242.0
2020-05-12,8239.0,1914.0,1483.0,1179.0,4812.0,1005391.0,9689.0,1408.0
2020-05-13,9766.0,2121.0,1779.0,1392.0,5642.0,1003005.0,11261.0,1572.0
2020-05-14,11167.0,2468.0,1938.0,1604.0,6576.0,999475.0,13147.0,1886.0
2020-05-15,13216.0,2778.0,2301.0,1838.0,7636.0,997294.0,15297.0,2150.0
2020-05-16,15135.0,3312.0,2694.0,2184.0,8942.0,992883.0,17892.0,2595.0
2020-05-17,17643.0,3925.0,3154.0,2456.0,10519.0,987200.0,20939.0,3047.0
2020-05-18,20495.0,4690.0,3726.0,2912.0,12306.0,980006.0,24594.0,3655.0
2020-05-19,24036.0,5381.0,4450.0,3440.0,14232.0,972715.0,28732.0,4138.0
2020-05-20,27995.0,6086.0,5070.0,4155.0,16727.0,963762.0,33339.0,4607.0
2020-05-21,32411.0,7219.0,5728.0,4714.0,19518.0,955206.0,38831.0,5492.0
2020-05-22,37179.0,8319.0,6709.0,5371.0,22667.0,944020.0,45174.0,6343.0
2020-05-23,42672.0,9595.0,7627.0,6296.0,26348.0,932547.0,52571.0,7397.0
2020-05-24,49064.0,10911.0,8851.0,7282.0,30694.0,918998.0,60962.0,8391.0
2020-05-25,56231.0,12613.0,10233.0,8304.0,35868.0,903514.0,70569.0,9607.0
2020-05-26,64061.0,14254.0,11900.0,9520.0,41539.0,883944.0,81518.0,10949.0
2020-05-27,72678.0,16229.0,13732.0,11068.0,48219.0,864370.0,94060.0,12542.0
2020-05-28,81745.0,18551.0,15493.0,12778.0,55917.0,842023.0,108292.0,14232.0
2020-05-29,91710.0,21008.0,17536.0,14585.0,64527.0,817943.0,124285.0,15993.0
2020-05-30,102518.0,23680.0,19986.0,16554.0,74700.0,789866.0,142152.0,17867.0
2020-05-31,114164.0,26590.0,22355.0,18729.0,85837.0,760798.0,161898.0,19746.0
2020-06-01,124906.0,29408.0,24931.0,21312.0,98830.0,727563.0,183846.0,21948.0
2020-06-02,136385.0,32464.0,28041.0,23645.0,113323.0,693167.0,208023.0,24177.0
2020-06-03,147680.0,35392.0,31012.0,26445.0,129669.0,657607.0,234454.0,26431.0
2020-06-04,158695.0,38902.0,33910.0,29454.0,147103.0,619058.0,263142.0,28688.0
2020-06-05,168250.0,42058.0,36857.0,32138.0,166882.0,579439.0,293798.0,30656.0
2020-06-06,177248.0,44298.0,39483.0,35067.0,188452.0,541684.0,325845.0,32047.0
2020-06-07,184687.0,46727.0,42344.0,38031.0,211769.0,503387.0,359323.0,33478.0
2020-06-08,190162.0,48906.0,45036.0,40733.0,237586.0,465620.0,394458.0,35135.0
2020-06-09,193626.0,50313.0,47282.0,43342.0,264488.0,428597.0,430463.0,36005.0
2020-06-10,194593.0,51205.0,49035.0,45838.0,292910.0,393474.0,466599.0,36136.0
2020-06-11,193346.0,52193.0,50666.0,47345.0,323320.0,360645.0,503190.0,36591.0
2020-06-12,190960.0,52384.0,51250.0,49220.0,354787.0,329976.0,539381.0,36191.0
2020-06-13,186530.0,51884.0,51470.0,50033.0,386854.0,301004.0,574812.0,35431.0
2020-06-14,180391.0,50694.0,51086.0,50930.0,419276.0,275376.0,609133.0,34321.0
2020-06-15,173350.0,49547.0,50849.0,50929.0,451320.0,251383.0,642472.0,33339.0
2020-06-16,164827.0,48221.0,49517.0,50586.0,483947.0,230345.0,674616.0,32144.0
2020-06-17,155448.0,45869.0,48508.0,49444.0,515568.0,211045.0,705026.0,30410.0
2020-06-18,145802.0,43663.0,46816.0,48243.0,548551.0,194735.0,733514.0,28488.0
2020-06-19,136426.0,41133.0,44513.0,47079.0,577922.0,180044.0,760300.0,26786.0
2020-06-20,126069.0,38481.0,42020.0,44796.0,607725.0,167464.0,785139.0,24839.0
2020-06-21,116601.0,36041.0,39595.0,42789.0,636439.0,156451.0,808082.0,22943.0
2020-06-22,107368.0,33144.0,37438.0,40325.0,663580.0,145756.0,829223.0,21141.0
2020-06-23,98277.0,30767.0,34264.0,38092.0,687872.0,137444.0,848691.0,19468.0
2020-06-24,89826.0,28426.0,32187.0,35565.0,712281.0,130238.0,866601.0,17910.0
2020-06-25,81467.0,25922.0,29908.0,33432.0,734068.0,123792.0,882961.0,16360.0
2020-06-26,74013.0,23835.0,27303.0,30714.0,754005.0,118110.0,897925.0,14964.0
2020-06-27,66667.0,21527.0,25072.0,28311.0,773173.0,112970.0,911307.0,13382.0
2020-06-28,60215.0,19630.0,22664.0,26380.0,789906.0,108701.0,923427.0,12120.0
2020-06-29,54189.0,17616.0,20700.0,23923.0,806346.0,104724.0,934255.0,10828.0
2020-06-30,48817.0,15807.0,18842.0,21725.0,821774.0,101628.0,944035.0,9780.0
2020-07-01,43691.0,14421.0,16901.0,19838.0,833325.0,98836.0,953117.0,9082.0
2020-07-02,39179.0,12825.0,15207.0,17948.0,846891.0,96117.0,961018.0,7901.0
2020-07-03,35242.0,11455.0,13648.0,16177.0,857528.0,93867.0,968011.0,6993.0
2020-07-04,31375.0,10247.0,12276.0,14518.0,867051.0,91713.0,974258.0,6247.0
2020-07-05,28264.0,9263.0,10912.0,13254.0,876267.0,90034.0,979907.0,5649.0
2020-07-06,25422.0,8280.0,9839.0,11734.0,884211.0,88192.0,984879.0,4972.0
