time,E,I1,I2,I3,R,S,cumI,diffI
2020-03-06,0.0,2.0,1.0,0.0,0.0,970399.0,0.0,0.0
2020-03-07,1.0,1.0,0.0,1.0,0.0,974016.0,0.0,0.0
2020-03-08,1.0,0.0,0.0,0.0,1.0,980664.0,0.0,0.0
2020-03-09,1.0,0.0,0.0,0.0,2.0,988494.0,0.0,0.0
2020-03-10,1.0,0.0,0.0,0.0,0.0,993242.0,0.0,0.0
2020-03-11,2.0,0.0,0.0,0.0,1.0,997050.0,0.0,0.0
2020-03-12,1.0,0.0,0.0,0.0,1.0,1000019.0,0.0,0.0
2020-03-13,1.0,0.0,0.0,0.0,3.0,1001507.0,0.0,0.0
2020-03-14,2.0,0.0,0.0,0.0,3.0,1004502.0,0.0,0.0
2020-03-15,2.0,0.0,0.0,0.0,2.0,1006387.0,0.0,0.0
2020-03-16,2.0,0.0,1.0,0.0,2.0,1007367.0,1.0,1.0
2020-03-17,4.0,0.0,0.0,1.0,2.0,1008755.0,1.0,0.0
2020-03-18,4.0,0.0,0.0,0.0,3.0,1010525.0,1.0,0.0
2020-03-19,4.0,0.0,0.0,0.0,2.0,1010649.0,1.0,0.0
2020-03-20,4.0,1.0,0.0,0.0,2.0,1012428.0,2.0,1.0
2020-03-21,4.0,1.0,0.0,0.0,4.0,1012556.0,2.0,0.0
2020-03-22,4.0,1.0,0.0,0.0,3.0,1012617.0,2.0,0.0
2020-03-23,4.0,0.0,0.0,0.0,3.0,1012896.0,2.0,0.0
2020-03-24,7.0,1.0,0.0,0.0,3.0,1012544.0,2.0,0.0
2020-03-25,4.0,1.0,0.0,0.0,1.0,1013603.0,3.0,1.0
2020-03-26,7.0,2.0,0.0,0.0,1.0,1012416.0,4.0,1.0
2020-03-27,3.0,2.0,0.0,0.0,2.0,1013375.0,5.0,1.0
2020-03-28,8.0,3.0,0.0,3.0,1.0,1014656.0,7.0,2.0
2020-03-29,3.0,3.0,0.0,1.0,3.0,1015754.0,8.0,1.0
2020-03-30,8.0,3.0,2.0,2.0,4.0,1015080.0,10.0,2.0
2020-03-31,6.0,3.0,3.0,0.0,7.0,1014678.0,12.0,2.0
2020-04-01,11.0,1.0,5.0,4.0,9.0,1015589.0,14.0,2.0
2020-04-02,13.0,3.0,4.0,1.0,9.0,1016186.0,17.0,3.0
2020-04-03,13.0,6.0,3.0,1.0,14.0,1018195.0,20.0,3.0
2020-04-04,20.0,2.0,3.0,7.0,13.0,1018271.0,22.0,2.0
2020-04-05,25.0,7.0,5.0,3.0,11.0,1018612.0,28.0,6.0
2020-04-06,28.0,8.0,6.0,4.0,16.0,1018684.0,36.0,8.0
2020-04-07,34.0,8.0,10.0,6.0,18.0,1018779.0,42.0,6.0
2020-04-08,39.0,14.0,7.0,6.0,22.0,1019042.0,51.0,9.0
2020-04-09,52.0,16.0,9.0,7.0,22.0,1019229.0,63.0,12.0
2020-04-10,60.0,14.0,13.0,5.0,26.0,1018942.0,74.0,11.0
2020-04-11,58.0,12.0,10.0,9.0,35.0,1018271.0,83.0,9.0
2020-04-12,69.0,19.0,12.0,10.0,48.0,1017889.0,94.0,11.0
2020-04-13,76.0,23.0,10.0,14.0,49.0,1018074.0,110.0,16.0
2020-04-14,88.0,18.0,20.0,11.0,54.0,1018663.0,126.0,16.0
2020-04-15,106.0,23.0,15.0,19.0,74.0,1019212.0,141.0,15.0
2020-04-16,136.0,24.0,18.0,10.0,91.0,1019755.0,159.0,18.0
2020-04-17,141.0,30.0,28.0,20.0,104.0,1020824.0,187.0,28.0
2020-04-18,163.0,33.0,28.0,21.0,114.0,1020929.0,211.0,24.0
2020-04-19,202.0,42.0,29.0,23.0,139.0,1021703.0,244.0,33.0
2020-04-20,240.0,53.0,38.0,27.0,148.0,1020009.0,287.0,43.0
2020-04-21,263.0,66.0,56.0,30.0,150.0,1019813.0,338.0,51.0
2020-04-22,336.0,73.0,60.0,47.0,185.0,1021220.0,390.0,52.0
2020-04-23,378.0,87.0,84.0,55.0,198.0,1020277.0,462.0,72.0
2020-04-24,419.0,108.0,90.0,70.0,259.0,1019369.0,534.0,72.0
2020-04-25,521.0,107.0,101.0,88.0,327.0,1019249.0,611.0,77.0
2020-04-26,652.0,158.0,104.0,109.0,394.0,1021059.0,729.0,118.0
2020-04-27,777.0,173.0,129.0,98.0,481.0,1019259.0,861.0,132.0
2020-04-28,888.0,160.0,170.0,124.0,501.0,1019277.0,987.0,126.0
2020-04-29,999.0,219.0,166.0,124.0,640.0,1019680.0,1158.0,171.0
2020-04-30,1149.0,269.0,202.0,165.0,706.0,1019421.0,1361.0,203.0
2020-05-01,1357.0,304.0,255.0,182.0,831.0,1018289.0,1590.0,229.0
2020-05-02,1558.0,337.0,281.0,229.0,902.0,1018069.0,1851.0,261.0
2020-05-03,1828.0,446.0,350.0,256.0,1098.0,1018853.0,2199.0,348.0
2020-05-04,2174.0,508.0,412.0,317.0,1216.0,1019237.0,2569.0,370.0
2020-05-05,2501.0,605.0,461.0,381.0,1444.0,1017823.0,3026.0,457.0
2020-05-06,2922.0,702.0,527.0,427.0,1673.0,1016602.0,3533.0,507.0
2020-05-07,3428.0,763.0,628.0,495.0,1961.0,1015302.0,4063.0,530.0
2020-05-08,4032.0,905.0,699.0,567.0,2279.0,1013801.0,4741.0,678.0
2020-05-09,4673.0,1075.0,886.0,587.0,2694.0,1013377.0,5578.0,837.0
2020-05-10,5399.0,1224.0,975.0,786.0,3120.0,1011946.0,6558.0,980.0
2020-05-11,6383.0,1376.0,1095.0,932.0,3646.0,1011532.0,7581.0,1023.0
2020-05-12,7442.0,1624.0,1308.0,1034.0,4307.0,1009839.0,8807.0,1226.0
2020-05-13,8604.0,1923.0,1498.0,1250.0,5005.0,1006504.0,10230.0,1423.0
2020-05-14,10129.0,2210.0,1778.0,1461.0,5760.0,1001701.0,11978.0,1748.0
2020-05-15,11537.0,2471.0,2079.0,1642.0,6913.0,998974.0,13932.0,1954.0
2020-05-16,13549.0,2884.0,2362.0,1940.0,7948.0,995324.0,16159.0,2227.0
2020-05-17,15720.0,3393.0,2801.0,2206.0,9336.0,991037.0,18828.0,2669.0
2020-05-18,18234.0,4049.0,3170.0,2618.0,10688.0,984784.0,21899.0,3071.0
2020-05-19,21071.0,4620.0,3710.0,3068.0,12448.0,980130.0,25575.0,3676.0
2020-05-20,24577.0,5437.0,4410.0,3574.0,14535.0,972935.0,29743.0,4168.0
2020-05-21,28173.0,6359.0,5005.0,4177.0,17055.0,964305.0,34710.0,4967.0
2020-05-22,32483.0,7386.0,5858.0,4818.0,19848.0,955319.0,40373.0,5663.0
2020-05-23,37616.0,8272.0,6760.0,5551.0,23030.0,943461.0,46772.0,6399.0
2020-05-24,43454.0,9626.0,7828.0,6525.0,26771.0,930343.0,54139.0,7367.0
2020-05-25,49706.0,10995.0,9188.0,7362.0,31209.0,916236.0,62661.0,8522.0
2020-05-26,56627.0,12674.0,10418.0,8603.0,36141.0,899542.0,72424.0,9763.0
2020-05-27,64330.0,14453.0,11821.0,9872.0,42210.0,879923.0,83452.0,11028.0
2020-05-28,72651.0,16844.0,13500.0,11265.0,48788.0,860413.0,96215.0,12763.0
2020-05-29,82435.0,18672.0,15503.0,12961.0,56503.0,838944.0,110203.0,13988.0
2020-05-30,92514.0,21010.0,17673.0,14688.0,65374.0,814208.0,126170.0,15967.0
2020-05-31,102945.0,23955.0,19873.0,16762.0,75279.0,787095.0,144189.0,18019.0
2020-06-01,113627.0,26358.0,22645.0,18813.0,86595.0,757678.0,164125.0,19936.0
2020-06-02,125516.0,29431.0,25205.0,21258.0,99059.0,726150.0,186351.0,22226.0
2020-06-03,137038.0,32584.0,28159.0,23558.0,113796.0,691460.0,210883.0,24532.0
2020-06-04,148101.0,35661.0,30823.0,26278.0,129644.0,655236.0,237404.0,26521.0
2020-06-05,158938.0,38599.0,34199.0,29302.0,147631.0,618672.0,266005.0,28601.0
2020-06-06,168262.0,41764.0,37095.0,32334.0,167734.0,580269.0,296480.0,30475.0
2020-06-07,177377.0,44404.0,39661.0,35252.0,188746.0,541288.0,328555.0,32075.0
2020-06-08,184578.0,46656.0,42163.0,37947.0,212340.0,502649.0,362182.0,33627.0
2020-06-09,189130.0,49013.0,44797.0,40515.0,237800.0,464636.0,397275.0,35093.0
2020-06-10,192060.0,50549.0,47149.0,43046.0,264238.0,427684.0,432899.0,35624.0
2020-06-11,194128.0,51847.0,49170.0,45103.0,292824.0,392123.0,469478.0,36579.0
2020-06-12,193582.0,52310.0,50445.0,47664.0,323184.0,359766.0,505933.0,36455.0
2020-06-13,191536.0,52723.0,51247.0,49038.0,353870.0,328672.0,542204.0,36271.0
2020-06-14,186798.0,51953.0,51426.0,50713.0,385706.0,300396.0,577630.0,35426.0
2020-06-15,180790.0,51257.0,51288.0,50656.0,418263.0,274600.0,612151.0,34521.0
2020-06-16,173728.0,49203.0,51141.0,50908.0,450799.0,251637.0,645255.0,33104.0
2020-06-17,165081.0,47986.0,49780.0,50574.0,483763.0,229984.0,677217.0,31962.0
2020-06-18,156405.0,45938.0,47880.0,50036.0,516124.0,210665.0,707368.0,30151.0
2020-06-19,146921.0,43852.0,46405.0,48686.0,548255.0,194620.0,736141.0,28773.0
2020-06-20,136540.0,41405.0,44401.0,46820.0,578979.0,179841.0,762934.0,26793.0
2020-06-21,127185.0,38322.0,42202.0,44999.0,609842.0,166870.0,787748.0,24814.0
2020-06-22,117185.0,35754.0,39879.0,42782.0,637851.0,155805.0,810906.0,23158.0
2020-06-23,107407.0,33420.0,37364.0,40477.0,665235.0,145972.0,832421.0,21515.0
2020-06-24,98181.0,30789.0,34725.0,38245.0,689081.0,137923.0,851755.0,19334.0
2020-06-25,89948.0,28109.0,32259.0,35770.0,712436.0,130628.0,869506.0,17751.0
2020-06-26,81546.0,26059.0,29783.0,33330.0,734314.0,123715.0,885975.0,16469.0
2020-06-27,74156.0,23436.0,27396.0,30952.0,753710.0,117691.0,900617.0,14642.0
2020-06-28,66917.0,21506.0,25037.0,28526.0,773950.0,112318.0,914061.0,13444.0
2020-06-29,60545.0,19415.0,22877.0,26211.0,791758.0,107398.0,926076.0,12015.0
2020-06-30,54645.0,17780.0,20834.0,24269.0,807715.0,103471.0,937065.0,10989.0
2020-07-01,49398.0,16038.0,18955.0,21952.0,822131.0,100764.0,946985.0,9920.0
2020-07-02,44444.0,14445.0,16878.0,19876.0,835256.0,97959.0,955870.0,8885.0
2020-07-03,39853.0,13249.0,15367.0,18173.0,847174.0,95438.0,964023.0,8153.0
2020-07-04,35536.0,11841.0,13874.0,16370.0,858570.0,93400.0,971310.0,7287.0
2020-07-05,31758.0,10629.0,12674.0,14771.0,867463.0,91191.0,977752.0,6442.0
2020-07-06,28390.0,9445.0,11472.0,13352.0,876428.0,89414.0,983471.0,5719.0
