time,E,I1,I2,I3,R,S,cumI,diffI
2020-03-06,0.0,3.0,0.0,0.0,0.0,971153.0,0.0,0.0
2020-03-07,1.0,1.0,0.0,0.0,0.0,973094.0,0.0,0.0
2020-03-08,1.0,1.0,0.0,0.0,0.0,979858.0,0.0,0.0
2020-03-09,1.0,0.0,0.0,0.0,0.0,985722.0,0.0,0.0
2020-03-10,0.0,0.0,0.0,0.0,0.0,991941.0,0.0,0.0
2020-03-11,0.0,0.0,0.0,0.0,0.0,996651.0,0.0,0.0
2020-03-12,0.0,0.0,0.0,0.0,0.0,999576.0,0.0,0.0
2020-03-13,0.0,0.0,0.0,0.0,0.0,1002434.0,0.0,0.0
2020-03-14,0.0,0.0,0.0,0.0,1.0,1004030.0,0.0,0.0
2020-03-15,0.0,0.0,0.0,0.0,1.0,1006575.0,0.0,0.0
2020-03-16,0.0,0.0,0.0,0.0,1.0,1008263.0,0.0,0.0
2020-03-17,0.0,0.0,0.0,0.0,1.0,1009649.0,0.0,0.0
2020-03-18,0.0,1.0,1.0,0.0,1.0,1011137.0,0.0,0.0
2020-03-19,1.0,0.0,0.0,0.0,2.0,1011281.0,0.0,0.0
2020-03-20,0.0,1.0,0.0,0.0,1.0,1010852.0,1.0,1.0
2020-03-21,1.0,1.0,0.0,0.0,1.0,1012186.0,1.0,0.0
2020-03-22,1.0,1.0,0.0,0.0,1.0,1013130.0,1.0,0.0
2020-03-23,4.0,0.0,2.0,0.0,0.0,1013442.0,2.0,1.0
2020-03-24,4.0,1.0,0.0,0.0,0.0,1013454.0,3.0,1.0
2020-03-25,3.0,0.0,1.0,0.0,2.0,1012556.0,3.0,0.0
2020-03-26,5.0,1.0,1.0,0.0,3.0,1013152.0,4.0,1.0
2020-03-27,5.0,1.0,0.0,2.0,5.0,1013978.0,5.0,1.0
2020-03-28,7.0,1.0,0.0,0.0,9.0,1015298.0,5.0,0.0
2020-03-29,9.0,2.0,4.0,1.0,8.0,1014711.0,7.0,2.0
2020-03-30,11.0,3.0,3.0,3.0,8.0,1014459.0,11.0,4.0
2020-03-31,13.0,5.0,2.0,5.0,7.0,1014876.0,14.0,3.0
2020-04-01,15.0,7.0,2.0,2.0,9.0,1015139.0,20.0,6.0
2020-04-02,22.0,8.0,2.0,2.0,10.0,1016353.0,25.0,5.0
2020-04-03,29.0,6.0,4.0,3.0,13.0,1016001.0,30.0,5.0
2020-04-04,25.0,9.0,9.0,1.0,15.0,1015999.0,38.0,8.0
2020-04-05,37.0,4.0,10.0,1.0,23.0,1015535.0,42.0,4.0
2020-04-06,35.0,7.0,9.0,5.0,27.0,1016926.0,50.0,8.0
2020-04-07,42.0,9.0,11.0,7.0,27.0,1016663.0,57.0,7.0
2020-04-08,57.0,8.0,9.0,9.0,31.0,1016132.0,61.0,4.0
2020-04-09,69.0,14.0,5.0,10.0,35.0,1015371.0,72.0,11.0
2020-04-10,64.0,15.0,10.0,11.0,39.0,1017099.0,86.0,14.0
2020-04-11,77.0,14.0,14.0,13.0,44.0,1017349.0,96.0,10.0
2020-04-12,90.0,23.0,18.0,16.0,50.0,1017741.0,113.0,17.0
2020-04-13,117.0,22.0,14.0,14.0,59.0,1017469.0,128.0,15.0
2020-04-14,125.0,28.0,22.0,18.0,72.0,1019235.0,150.0,22.0
2020-04-15,139.0,32.0,29.0,18.0,82.0,1019500.0,174.0,24.0
2020-04-16,172.0,41.0,26.0,21.0,100.0,1018392.0,203.0,29.0
2020-04-17,191.0,37.0,33.0,29.0,104.0,1019707.0,228.0,25.0
2020-04-18,237.0,25.0,44.0,36.0,124.0,1019004.0,250.0,22.0
2020-04-19,282.0,39.0,38.0,42.0,143.0,1019396.0,279.0,29.0
2020-04-20,317.0,58.0,41.0,42.0,172.0,1019903.0,325.0,46.0
2020-04-21,372.0,71.0,53.0,64.0,219.0,1019836.0,387.0,62.0
2020-04-22,433.0,105.0,78.0,56.0,256.0,1019395.0,476.0,89.0
2020-04-23,504.0,125.0,76.0,76.0,294.0,1019013.0,564.0,88.0
2020-04-24,585.0,109.0,103.0,82.0,345.0,1019351.0,650.0,86.0
2020-04-25,677.0,142.0,113.0,94.0,423.0,1019070.0,766.0,116.0
2020-04-26,784.0,192.0,134.0,111.0,486.0,1018187.0,898.0,132.0
2020-04-27,922.0,230.0,169.0,137.0,538.0,1018941.0,1082.0,184.0
2020-04-28,1084.0,278.0,201.0,143.0,654.0,1019764.0,1277.0,195.0
2020-04-29,1274.0,308.0,235.0,189.0,754.0,1019975.0,1514.0,237.0
2020-04-30,1525.0,330.0,264.0,222.0,886.0,1019379.0,1777.0,263.0
2020-05-01,1867.0,393.0,305.0,256.0,995.0,1017111.0,2109.0,332.0
2020-05-02,2199.0,494.0,365.0,303.0,1175.0,1016633.0,2485.0,376.0
2020-05-03,2549.0,568.0,460.0,343.0,1413.0,1017221.0,2933.0,448.0
2020-05-04,3080.0,643.0,522.0,405.0,1666.0,1018275.0,3428.0,495.0
2020-05-05,3488.0,719.0,609.0,488.0,1881.0,1017261.0,4002.0,574.0
2020-05-06,4018.0,895.0,679.0,582.0,2162.0,1015501.0,4683.0,681.0
2020-05-07,4739.0,1032.0,849.0,706.0,2594.0,1014064.0,5488.0,805.0
2020-05-08,5580.0,1238.0,963.0,748.0,3043.0,1012696.0,6406.0,918.0
2020-05-09,6452.0,1377.0,1189.0,899.0,3555.0,1010322.0,7507.0,1101.0
2020-05-10,7405.0,1634.0,1300.0,1072.0,4218.0,1007507.0,8818.0,1311.0
2020-05-11,8630.0,1913.0,1489.0,1306.0,4961.0,1004987.0,10310.0,1492.0
2020-05-12,10130.0,2229.0,1792.0,1432.0,5965.0,1002339.0,11973.0,1663.0
2020-05-13,11816.0,2626.0,2184.0,1678.0,6862.0,997534.0,14040.0,2067.0
2020-05-14,13913.0,3135.0,2482.0,1952.0,8067.0,993852.0,16446.0,2406.0
2020-05-15,16107.0,3586.0,2802.0,2327.0,9358.0,989482.0,19189.0,2743.0
2020-05-16,18815.0,4092.0,3337.0,2709.0,10954.0,982948.0,22402.0,3213.0
2020-05-17,21575.0,4897.0,3892.0,3176.0,12736.0,978129.0,26181.0,3779.0
2020-05-18,24998.0,5709.0,4514.0,3678.0,14933.0,970909.0,30553.0,4372.0
2020-05-19,28788.0,6362.0,5334.0,4268.0,17503.0,961824.0,35317.0,4764.0
2020-05-20,33399.0,7472.0,6074.0,4733.0,20345.0,952196.0,41060.0,5743.0
2020-05-21,38832.0,8689.0,7011.0,5742.0,23584.0,941519.0,47729.0,6669.0
2020-05-22,44747.0,10087.0,8120.0,6680.0,27602.0,928000.0,55524.0,7795.0
2020-05-23,50950.0,11537.0,9399.0,7620.0,32337.0,913594.0,64492.0,8968.0
2020-05-24,58185.0,13262.0,10756.0,8616.0,37734.0,896681.0,74671.0,10179.0
2020-05-25,66105.0,15039.0,12488.0,10092.0,43596.0,878858.0,86147.0,11476.0
2020-05-26,74552.0,17261.0,13973.0,11646.0,50509.0,855522.0,99207.0,13060.0
2020-05-27,83923.0,19267.0,15900.0,13236.0,58650.0,833988.0,113759.0,14552.0
2020-05-28,94364.0,21666.0,18243.0,14903.0,67824.0,808769.0,130215.0,16456.0
2020-05-29,105355.0,24053.0,20399.0,17075.0,78286.0,781839.0,148346.0,18131.0
2020-05-30,116632.0,27207.0,22925.0,19325.0,89971.0,751438.0,168872.0,20526.0
2020-05-31,127906.0,30307.0,25774.0,21945.0,102810.0,719234.0,191401.0,22529.0
2020-06-01,139781.0,33461.0,28774.0,24586.0,117854.0,683682.0,216141.0,24740.0
2020-06-02,151359.0,36531.0,31720.0,27365.0,134372.0,647418.0,243109.0,26968.0
2020-06-03,161668.0,39643.0,34642.0,30045.0,153418.0,609384.0,272379.0,29270.0
2020-06-04,171195.0,42258.0,37707.0,32789.0,173915.0,570655.0,303213.0,30834.0
2020-06-05,179195.0,45177.0,40520.0,35845.0,195847.0,530535.0,336205.0,32992.0
2020-06-06,185613.0,47609.0,43363.0,38901.0,220123.0,492389.0,370459.0,34254.0
2020-06-07,190821.0,49784.0,45811.0,41488.0,246055.0,454016.0,405636.0,35177.0
2020-06-08,194006.0,51220.0,47938.0,43600.0,273834.0,417091.0,441744.0,36108.0
2020-06-09,194401.0,52145.0,49580.0,45973.0,302172.0,383102.0,478136.0,36392.0
2020-06-10,193693.0,52513.0,50410.0,48545.0,332511.0,349931.0,514508.0,36372.0
2020-06-11,190180.0,52680.0,51451.0,49227.0,364217.0,320578.0,550496.0,35988.0
2020-06-12,185510.0,51871.0,52112.0,50490.0,396304.0,292446.0,585732.0,35236.0
2020-06-13,178605.0,50753.0,51616.0,51104.0,430139.0,267013.0,619991.0,34259.0
2020-06-14,170721.0,49226.0,50989.0,51185.0,461729.0,244061.0,653016.0,33025.0
2020-06-15,162059.0,47313.0,49354.0,50831.0,495004.0,223492.0,684300.0,31284.0
2020-06-16,153000.0,45065.0,47858.0,49636.0,528017.0,204487.0,714021.0,29721.0
2020-06-17,143096.0,42567.0,45619.0,48235.0,560092.0,188869.0,742146.0,28125.0
2020-06-18,132922.0,40038.0,43837.0,46566.0,590521.0,175126.0,768310.0,26164.0
2020-06-19,122549.0,37554.0,41271.0,44554.0,619845.0,162748.0,792608.0,24298.0
2020-06-20,113366.0,34962.0,38636.0,42372.0,647855.0,151313.0,815129.0,22521.0
2020-06-21,104257.0,32358.0,36367.0,39610.0,672813.0,141496.0,835554.0,20425.0
2020-06-22,95149.0,30133.0,33501.0,37510.0,697677.0,133304.0,854611.0,19057.0
2020-06-23,86677.0,27121.0,30919.0,34733.0,721180.0,126314.0,871659.0,17048.0
2020-06-24,78326.0,25152.0,28387.0,32430.0,742171.0,120087.0,887432.0,15773.0
2020-06-25,70780.0,22507.0,26354.0,29829.0,762628.0,114378.0,901448.0,14016.0
2020-06-26,63856.0,20546.0,23910.0,27326.0,779714.0,110047.0,914229.0,12781.0
2020-06-27,57567.0,18614.0,21779.0,25110.0,795958.0,106328.0,925803.0,11574.0
2020-06-28,52129.0,16780.0,19852.0,22521.0,812194.0,102379.0,936044.0,10241.0
2020-06-29,46737.0,15213.0,17628.0,20844.0,827686.0,98940.0,945513.0,9469.0
2020-06-30,41669.0,13755.0,16184.0,18984.0,840429.0,96298.0,953961.0,8448.0
2020-07-01,37436.0,12290.0,14686.0,17002.0,851357.0,93534.0,961519.0,7558.0
2020-07-02,33783.0,10917.0,13241.0,15421.0,862758.0,91471.0,968089.0,6570.0
2020-07-03,30025.0,9814.0,11565.0,13895.0,872204.0,89841.0,974029.0,5940.0
2020-07-04,26585.0,8894.0,10450.0,12454.0,881716.0,88025.0,979487.0,5458.0
2020-07-05,23908.0,7755.0,9539.0,11279.0,889617.0,86635.0,984187.0,4700.0
2020-07-06,21296.0,6896.0,8407.0,10227.0,896285.0,85530.0,988371.0,4184.0
