time,E,I1,I2,I3,R,S,cumI,diffI
2020-03-06,0.0,2.0,1.0,0.0,0.0,970317.0,0.0,0.0
2020-03-07,3.0,1.0,1.0,1.0,0.0,971395.0,0.0,0.0
2020-03-08,7.0,1.0,1.0,1.0,0.0,978700.0,0.0,0.0
2020-03-09,8.0,1.0,1.0,0.0,0.0,985784.0,1.0,1.0
2020-03-10,4.0,3.0,0.0,2.0,0.0,992619.0,4.0,3.0
2020-03-11,2.0,1.0,2.0,2.0,0.0,996174.0,5.0,1.0
2020-03-12,4.0,1.0,1.0,3.0,1.0,998722.0,6.0,1.0
2020-03-13,6.0,0.0,1.0,2.0,2.0,1001537.0,6.0,0.0
2020-03-14,7.0,1.0,0.0,1.0,1.0,1004189.0,7.0,1.0
2020-03-15,8.0,0.0,1.0,0.0,3.0,1005540.0,7.0,0.0
2020-03-16,6.0,0.0,1.0,1.0,4.0,1007979.0,7.0,0.0
2020-03-17,4.0,1.0,1.0,0.0,4.0,1007935.0,8.0,1.0
2020-03-18,4.0,2.0,0.0,1.0,3.0,1008727.0,9.0,1.0
2020-03-19,10.0,1.0,1.0,0.0,4.0,1010986.0,9.0,0.0
2020-03-20,7.0,3.0,1.0,1.0,6.0,1011672.0,12.0,3.0
2020-03-21,9.0,3.0,0.0,2.0,4.0,1012710.0,12.0,0.0
2020-03-22,11.0,5.0,3.0,0.0,5.0,1013273.0,15.0,3.0
2020-03-23,18.0,6.0,4.0,3.0,4.0,1013511.0,20.0,5.0
2020-03-24,23.0,1.0,8.0,0.0,9.0,1013885.0,22.0,2.0
2020-03-25,18.0,5.0,6.0,3.0,7.0,1014106.0,27.0,5.0
2020-03-26,28.0,9.0,6.0,5.0,8.0,1014946.0,35.0,8.0
2020-03-27,39.0,6.0,4.0,6.0,17.0,1015583.0,40.0,5.0
2020-03-28,31.0,9.0,4.0,2.0,21.0,1016363.0,47.0,7.0
2020-03-29,42.0,9.0,3.0,4.0,19.0,1015950.0,52.0,5.0
2020-03-30,45.0,12.0,6.0,12.0,20.0,1015642.0,60.0,8.0
2020-03-31,49.0,12.0,6.0,8.0,27.0,1015610.0,68.0,8.0
2020-04-01,52.0,11.0,8.0,3.0,32.0,1016495.0,80.0,12.0
2020-04-02,64.0,17.0,10.0,6.0,44.0,1016538.0,89.0,9.0
2020-04-03,67.0,17.0,11.0,13.0,39.0,1016568.0,99.0,10.0
2020-04-04,74.0,23.0,12.0,17.0,47.0,1015787.0,117.0,18.0
2020-04-05,101.0,21.0,18.0,13.0,60.0,1016446.0,126.0,9.0
2020-04-06,115.0,32.0,15.0,15.0,66.0,1016989.0,151.0,25.0
2020-04-07,128.0,25.0,32.0,13.0,75.0,1016419.0,171.0,20.0
2020-04-08,134.0,26.0,34.0,21.0,92.0,1016892.0,199.0,28.0
2020-04-09,187.0,33.0,32.0,37.0,117.0,1017302.0,223.0,24.0
2020-04-10,222.0,46.0,33.0,35.0,133.0,1018118.0,264.0,41.0
2020-04-11,252.0,42.0,39.0,33.0,154.0,1018861.0,296.0,32.0
2020-04-12,286.0,64.0,47.0,34.0,193.0,1018649.0,346.0,50.0
2020-04-13,318.0,86.0,65.0,44.0,216.0,1019579.0,411.0,65.0
2020-04-14,375.0,103.0,70.0,50.0,261.0,1019016.0,477.0,66.0
2020-04-15,478.0,95.0,83.0,65.0,278.0,1020207.0,556.0,79.0
2020-04-16,579.0,114.0,94.0,77.0,299.0,1019672.0,644.0,88.0
2020-04-17,650.0,145.0,117.0,95.0,380.0,1020438.0,766.0,122.0
2020-04-18,785.0,149.0,123.0,113.0,449.0,1019386.0,879.0,113.0
2020-04-19,870.0,194.0,154.0,130.0,516.0,1018599.0,1036.0,157.0
2020-04-20,1021.0,229.0,181.0,150.0,586.0,1018475.0,1241.0,205.0
2020-04-21,1189.0,263.0,207.0,177.0,712.0,1019459.0,1439.0,198.0
2020-04-22,1366.0,304.0,247.0,187.0,813.0,1018064.0,1672.0,233.0
2020-04-23,1628.0,316.0,310.0,239.0,935.0,1017694.0,1930.0,258.0
2020-04-24,1951.0,378.0,340.0,299.0,1085.0,1016587.0,2245.0,315.0
2020-04-25,2228.0,458.0,419.0,332.0,1295.0,1015312.0,2644.0,399.0
2020-04-26,2630.0,559.0,464.0,385.0,1531.0,1015616.0,3085.0,441.0
2020-04-27,3032.0,685.0,543.0,425.0,1758.0,1015284.0,3625.0,540.0
2020-04-28,3636.0,800.0,625.0,507.0,2031.0,1013257.0,4226.0,601.0
2020-04-29,4255.0,917.0,721.0,611.0,2358.0,1013148.0,4936.0,710.0
2020-04-30,4954.0,1072.0,881.0,655.0,2785.0,1012566.0,5761.0,825.0
2020-05-01,5750.0,1205.0,1055.0,793.0,3239.0,1011045.0,6705.0,944.0
2020-05-02,6710.0,1472.0,1208.0,957.0,3726.0,1008777.0,7880.0,1175.0
2020-05-03,7741.0,1813.0,1410.0,1126.0,4468.0,1005245.0,9259.0,1379.0
2020-05-04,9213.0,2048.0,1692.0,1333.0,5196.0,1003003.0,10787.0,1528.0
2020-05-05,10778.0,2330.0,1882.0,1622.0,6094.0,999660.0,12601.0,1814.0
2020-05-06,12416.0,2813.0,2219.0,1739.0,7130.0,996307.0,14838.0,2237.0
2020-05-07,14489.0,3193.0,2663.0,2053.0,8234.0,991592.0,17345.0,2507.0
2020-05-08,16646.0,3675.0,2973.0,2402.0,9805.0,985846.0,20166.0,2821.0
2020-05-09,19338.0,4280.0,3377.0,2826.0,11412.0,981281.0,23501.0,3335.0
2020-05-10,22300.0,5006.0,4044.0,3222.0,13323.0,974559.0,27331.0,3830.0
2020-05-11,25683.0,5756.0,4639.0,3741.0,15447.0,967779.0,31747.0,4416.0
2020-05-12,29792.0,6611.0,5341.0,4326.0,17852.0,959960.0,36799.0,5052.0
2020-05-13,34254.0,7631.0,6261.0,4964.0,20840.0,949232.0,42788.0,5989.0
2020-05-14,39329.0,8867.0,7159.0,5755.0,24285.0,938110.0,49528.0,6740.0
2020-05-15,45131.0,10055.0,8240.0,6644.0,28060.0,924944.0,57240.0,7712.0
2020-05-16,51435.0,11653.0,9400.0,7768.0,32668.0,911182.0,66100.0,8860.0
2020-05-17,58665.0,13147.0,10808.0,9011.0,37966.0,895450.0,76119.0,10019.0
2020-05-18,67057.0,15218.0,12297.0,10259.0,43782.0,875578.0,87777.0,11658.0
2020-05-19,75907.0,17381.0,14285.0,11411.0,51076.0,855397.0,101046.0,13269.0
2020-05-20,85672.0,19728.0,16253.0,13213.0,59001.0,830833.0,115915.0,14869.0
2020-05-21,95458.0,22411.0,18445.0,15067.0,68478.0,805840.0,132844.0,16929.0
2020-05-22,106749.0,24802.0,20877.0,17330.0,78553.0,776445.0,151598.0,18754.0
2020-05-23,117511.0,27737.0,23505.0,19493.0,89971.0,745700.0,172561.0,20963.0
2020-05-24,129118.0,30517.0,26332.0,21923.0,103637.0,712472.0,195294.0,22733.0
2020-05-25,140244.0,33471.0,29028.0,24652.0,118592.0,678652.0,220193.0,24899.0
2020-05-26,151735.0,36608.0,31831.0,27212.0,135425.0,642555.0,247296.0,27103.0
2020-05-27,161948.0,39606.0,34851.0,29949.0,153823.0,605130.0,276404.0,29108.0
2020-05-28,170979.0,42274.0,37784.0,32904.0,174551.0,567905.0,307290.0,30886.0
2020-05-29,179596.0,44820.0,40333.0,36211.0,196565.0,528249.0,339538.0,32248.0
2020-05-30,186232.0,47608.0,43205.0,38615.0,220530.0,489913.0,373776.0,34238.0
2020-05-31,190929.0,49298.0,45470.0,41384.0,246541.0,453253.0,408955.0,35179.0
2020-06-01,192765.0,50886.0,46857.0,43784.0,274373.0,417853.0,445021.0,36066.0
2020-06-02,193111.0,51736.0,49186.0,45845.0,302082.0,384131.0,481377.0,36356.0
2020-06-03,191401.0,52129.0,50186.0,47453.0,332166.0,351045.0,517587.0,36210.0
2020-06-04,188761.0,52083.0,50913.0,49069.0,364325.0,320710.0,553297.0,35710.0
2020-06-05,183599.0,51688.0,51474.0,49885.0,396291.0,294414.0,588772.0,35475.0
2020-06-06,178081.0,50575.0,51018.0,50798.0,427370.0,268915.0,622868.0,34096.0
2020-06-07,170838.0,48862.0,50212.0,50902.0,460237.0,246539.0,655522.0,32654.0
2020-06-08,162266.0,46925.0,49102.0,50195.0,491889.0,226340.0,686836.0,31314.0
2020-06-09,153041.0,44991.0,47643.0,49200.0,522264.0,208775.0,716697.0,29861.0
2020-06-10,143037.0,42345.0,45928.0,47874.0,553813.0,192679.0,744772.0,28075.0
2020-06-11,133578.0,40347.0,43814.0,46129.0,583531.0,178038.0,771252.0,26480.0
2020-06-12,123991.0,38111.0,41111.0,44300.0,613228.0,165820.0,795663.0,24411.0
2020-06-13,114804.0,35378.0,39051.0,41999.0,641887.0,155059.0,818286.0,22623.0
2020-06-14,106125.0,32304.0,36628.0,40177.0,668133.0,145617.0,838896.0,20610.0
2020-06-15,96971.0,30033.0,33995.0,37422.0,691998.0,137637.0,858314.0,19418.0
2020-06-16,88273.0,27704.0,31332.0,34987.0,714313.0,130403.0,876034.0,17720.0
2020-06-17,80467.0,25494.0,29104.0,32521.0,736382.0,124057.0,892189.0,16155.0
2020-06-18,73106.0,23186.0,26847.0,29946.0,756072.0,118338.0,906624.0,14435.0
2020-06-19,66153.0,21242.0,24496.0,27578.0,775017.0,114054.0,920019.0,13395.0
2020-06-20,60081.0,19289.0,22440.0,25571.0,791181.0,109682.0,931947.0,11928.0
2020-06-21,54105.0,17619.0,20476.0,23609.0,806678.0,106107.0,942839.0,10892.0
2020-06-22,48869.0,15996.0,18587.0,21733.0,820235.0,102651.0,952592.0,9753.0
2020-06-23,43929.0,14335.0,17018.0,19848.0,832681.0,99545.0,961594.0,9002.0
2020-06-24,39446.0,12815.0,15314.0,18357.0,843952.0,97233.0,969448.0,7854.0
2020-06-25,35270.0,11708.0,13821.0,16495.0,853511.0,94923.0,976626.0,7178.0
2020-06-26,31673.0,10380.0,12531.0,14622.0,865086.0,92932.0,983008.0,6382.0
2020-06-27,28297.0,9502.0,11146.0,13261.0,874278.0,91422.0,988893.0,5885.0
2020-06-28,25478.0,8423.0,10025.0,11973.0,880569.0,89761.0,994012.0,5119.0
2020-06-29,22811.0,7579.0,9116.0,10776.0,888362.0,88508.0,998607.0,4595.0
2020-06-30,20281.0,6809.0,8257.0,9770.0,894494.0,87186.0,1002815.0,4208.0
2020-07-01,18213.0,6200.0,7280.0,8943.0,899865.0,86493.0,1006478.0,3663.0
2020-07-02,16479.0,5546.0,6575.0,7884.0,905761.0,85445.0,1009898.0,3420.0
2020-07-03,14717.0,4891.0,5875.0,7025.0,909857.0,84681.0,1012860.0,2962.0
2020-07-04,13116.0,4343.0,5326.0,6268.0,914554.0,83695.0,1015528.0,2668.0
2020-07-05,11687.0,3990.0,4710.0,5574.0,918640.0,83098.0,1017956.0,2428.0
2020-07-06,10351.0,3480.0,4273.0,5088.0,921290.0,82553.0,1020090.0,2134.0
