time,E,I1,I2,I3,R,S,cumI,diffI
2020-03-06,1.0,2.0,1.0,0.0,0.0,969854.0,0.0,0.0
2020-03-07,0.0,0.0,2.0,1.0,0.0,972417.0,0.0,0.0
2020-03-08,4.0,0.0,1.0,0.0,2.0,979432.0,0.0,0.0
2020-03-09,2.0,1.0,2.0,0.0,2.0,986720.0,2.0,2.0
2020-03-10,2.0,0.0,0.0,1.0,0.0,992480.0,2.0,0.0
2020-03-11,1.0,0.0,0.0,0.0,1.0,996858.0,2.0,0.0
2020-03-12,0.0,1.0,1.0,0.0,1.0,999634.0,4.0,2.0
2020-03-13,1.0,0.0,0.0,0.0,1.0,1003484.0,4.0,0.0
2020-03-14,1.0,0.0,0.0,0.0,1.0,1004865.0,4.0,0.0
2020-03-15,1.0,1.0,0.0,0.0,1.0,1006638.0,4.0,0.0
2020-03-16,2.0,0.0,1.0,0.0,3.0,1008362.0,4.0,0.0
2020-03-17,1.0,0.0,0.0,1.0,4.0,1010040.0,5.0,1.0
2020-03-18,2.0,0.0,1.0,0.0,1.0,1010906.0,5.0,0.0
2020-03-19,3.0,0.0,0.0,1.0,0.0,1012711.0,6.0,1.0
2020-03-20,5.0,0.0,1.0,0.0,1.0,1014110.0,6.0,0.0
2020-03-21,6.0,3.0,1.0,0.0,1.0,1013158.0,9.0,3.0
2020-03-22,8.0,3.0,0.0,2.0,0.0,1013526.0,10.0,1.0
2020-03-23,9.0,0.0,4.0,2.0,1.0,1014247.0,11.0,1.0
2020-03-24,16.0,2.0,1.0,3.0,2.0,1013221.0,12.0,1.0
2020-03-25,11.0,3.0,3.0,1.0,4.0,1013200.0,16.0,4.0
2020-03-26,9.0,1.0,0.0,1.0,6.0,1013673.0,16.0,0.0
2020-03-27,10.0,0.0,1.0,2.0,7.0,1013852.0,16.0,0.0
2020-03-28,7.0,0.0,0.0,1.0,9.0,1014489.0,17.0,1.0
2020-03-29,8.0,2.0,1.0,0.0,7.0,1015173.0,19.0,2.0
2020-03-30,13.0,1.0,1.0,3.0,9.0,1015485.0,20.0,1.0
2020-03-31,20.0,4.0,3.0,2.0,12.0,1014958.0,22.0,2.0
2020-04-01,21.0,4.0,2.0,5.0,12.0,1015859.0,24.0,2.0
2020-04-02,18.0,6.0,3.0,3.0,14.0,1016912.0,29.0,5.0
2020-04-03,30.0,8.0,3.0,2.0,12.0,1015825.0,31.0,2.0
2020-04-04,32.0,8.0,1.0,5.0,15.0,1015433.0,36.0,5.0
2020-04-05,39.0,5.0,7.0,3.0,17.0,1015244.0,44.0,8.0
2020-04-06,46.0,8.0,3.0,5.0,21.0,1016047.0,51.0,7.0
2020-04-07,57.0,10.0,7.0,8.0,22.0,1017956.0,60.0,9.0
2020-04-08,65.0,11.0,9.0,11.0,33.0,1019554.0,72.0,12.0
2020-04-09,70.0,13.0,14.0,15.0,38.0,1019552.0,83.0,11.0
2020-04-10,83.0,16.0,16.0,14.0,43.0,1020040.0,96.0,13.0
2020-04-11,99.0,13.0,21.0,17.0,57.0,1018969.0,111.0,15.0
2020-04-12,108.0,15.0,18.0,19.0,76.0,1019567.0,126.0,15.0
2020-04-13,116.0,37.0,16.0,14.0,71.0,1019300.0,156.0,30.0
2020-04-14,128.0,33.0,25.0,9.0,87.0,1019443.0,178.0,22.0
2020-04-15,151.0,42.0,35.0,19.0,91.0,1020339.0,204.0,26.0
2020-04-16,194.0,47.0,30.0,26.0,106.0,1018343.0,231.0,27.0
2020-04-17,222.0,53.0,55.0,36.0,132.0,1017872.0,274.0,43.0
2020-04-18,271.0,55.0,58.0,42.0,176.0,1018014.0,325.0,51.0
2020-04-19,361.0,77.0,60.0,39.0,208.0,1018466.0,381.0,56.0
2020-04-20,414.0,89.0,86.0,53.0,227.0,1019301.0,457.0,76.0
2020-04-21,482.0,102.0,73.0,67.0,254.0,1019035.0,533.0,76.0
2020-04-22,553.0,122.0,93.0,80.0,306.0,1019998.0,631.0,98.0
2020-04-23,616.0,137.0,114.0,101.0,354.0,1019009.0,743.0,112.0
2020-04-24,688.0,170.0,127.0,92.0,440.0,1019790.0,898.0,155.0
2020-04-25,801.0,192.0,153.0,89.0,513.0,1020840.0,1043.0,145.0
2020-04-26,913.0,191.0,165.0,135.0,611.0,1019714.0,1191.0,148.0
2020-04-27,1067.0,215.0,181.0,150.0,687.0,1018590.0,1365.0,174.0
2020-04-28,1225.0,274.0,208.0,180.0,807.0,1019681.0,1572.0,207.0
2020-04-29,1473.0,312.0,246.0,199.0,922.0,1018747.0,1825.0,253.0
2020-04-30,1723.0,380.0,286.0,252.0,1049.0,1018502.0,2127.0,302.0
2020-05-01,2074.0,442.0,340.0,264.0,1211.0,1017250.0,2441.0,314.0
2020-05-02,2427.0,523.0,407.0,301.0,1409.0,1016399.0,2843.0,402.0
2020-05-03,2812.0,678.0,497.0,422.0,1617.0,1016692.0,3391.0,548.0
2020-05-04,3238.0,770.0,572.0,513.0,1934.0,1016087.0,3988.0,597.0
2020-05-05,3851.0,834.0,708.0,558.0,2257.0,1015242.0,4659.0,671.0
2020-05-06,4412.0,974.0,773.0,650.0,2562.0,1013948.0,5423.0,764.0
2020-05-07,5138.0,1153.0,972.0,729.0,3027.0,1012995.0,6320.0,897.0
2020-05-08,5949.0,1288.0,1119.0,790.0,3543.0,1010835.0,7306.0,986.0
2020-05-09,6940.0,1536.0,1226.0,977.0,4100.0,1009494.0,8506.0,1200.0
2020-05-10,8068.0,1788.0,1459.0,1114.0,4756.0,1007530.0,9891.0,1385.0
2020-05-11,9403.0,2094.0,1696.0,1370.0,5517.0,1004477.0,11477.0,1586.0
2020-05-12,10914.0,2502.0,1936.0,1616.0,6386.0,1001374.0,13377.0,1900.0
2020-05-13,12909.0,2914.0,2265.0,1871.0,7349.0,997301.0,15620.0,2243.0
2020-05-14,15082.0,3479.0,2624.0,2145.0,8649.0,992318.0,18251.0,2631.0
2020-05-15,17532.0,3772.0,3105.0,2509.0,10173.0,987440.0,21218.0,2967.0
2020-05-16,20024.0,4459.0,3599.0,2912.0,11911.0,981160.0,24694.0,3476.0
2020-05-17,23432.0,5074.0,4272.0,3429.0,13887.0,973959.0,28615.0,3921.0
2020-05-18,26991.0,5951.0,4809.0,3959.0,16247.0,965960.0,33213.0,4598.0
2020-05-19,31202.0,6931.0,5574.0,4641.0,18819.0,956905.0,38549.0,5336.0
2020-05-20,35842.0,7887.0,6373.0,5282.0,21828.0,948146.0,44585.0,6036.0
2020-05-21,41274.0,9124.0,7364.0,6120.0,25531.0,935953.0,51574.0,6989.0
2020-05-22,47069.0,10557.0,8709.0,6962.0,29631.0,921280.0,59727.0,8153.0
2020-05-23,53967.0,12165.0,9913.0,8160.0,34379.0,906758.0,69172.0,9445.0
2020-05-24,61430.0,13877.0,11494.0,9274.0,39938.0,890118.0,79806.0,10634.0
2020-05-25,69735.0,15884.0,13155.0,10908.0,46338.0,869286.0,92038.0,12232.0
2020-05-26,78556.0,18062.0,14994.0,12252.0,53607.0,847885.0,105652.0,13614.0
2020-05-27,88343.0,20388.0,17046.0,14063.0,61963.0,823810.0,121150.0,15498.0
2020-05-28,98251.0,22640.0,19339.0,15739.0,71356.0,796649.0,138373.0,17223.0
2020-05-29,109384.0,25333.0,21542.0,17996.0,81966.0,769139.0,157533.0,19160.0
2020-05-30,120733.0,28273.0,24173.0,20178.0,94059.0,738086.0,178798.0,21265.0
2020-05-31,131864.0,31067.0,26884.0,22768.0,108029.0,704543.0,202194.0,23396.0
2020-06-01,142926.0,34213.0,29737.0,25211.0,123045.0,669087.0,227737.0,25543.0
2020-06-02,153912.0,37355.0,32790.0,28201.0,139879.0,632846.0,255348.0,27611.0
2020-06-03,164116.0,40239.0,35673.0,30788.0,158957.0,594244.0,284983.0,29635.0
2020-06-04,173114.0,43119.0,38715.0,33921.0,179747.0,556926.0,316478.0,31495.0
2020-06-05,180334.0,45818.0,41260.0,36709.0,202161.0,519533.0,349548.0,33070.0
2020-06-06,186948.0,47943.0,43898.0,39485.0,225980.0,481229.0,383939.0,34391.0
2020-06-07,191366.0,49398.0,46618.0,41921.0,252196.0,444423.0,419177.0,35238.0
2020-06-08,193329.0,51244.0,47802.0,44140.0,279860.0,409535.0,455139.0,35962.0
2020-06-09,193694.0,51784.0,49771.0,46350.0,308820.0,376138.0,491310.0,36171.0
2020-06-10,192790.0,52349.0,50730.0,47830.0,338782.0,344457.0,527310.0,36000.0
2020-06-11,189076.0,51862.0,51440.0,49538.0,369822.0,315744.0,562931.0,35621.0
2020-06-12,184144.0,51544.0,51295.0,50222.0,402153.0,288481.0,598039.0,35108.0
2020-06-13,176645.0,50667.0,51050.0,50551.0,435020.0,263810.0,632423.0,34384.0
2020-06-14,168941.0,49032.0,50503.0,50510.0,466922.0,241295.0,665034.0,32611.0
2020-06-15,160208.0,47023.0,49060.0,50069.0,499274.0,221874.0,696125.0,31091.0
2020-06-16,151555.0,44878.0,47423.0,48993.0,530510.0,204266.0,725763.0,29638.0
2020-06-17,141474.0,42497.0,45492.0,47330.0,561771.0,189284.0,753410.0,27647.0
2020-06-18,132084.0,39779.0,43200.0,45953.0,591448.0,175786.0,779278.0,25868.0
2020-06-19,122363.0,37370.0,40965.0,43797.0,619888.0,163819.0,803414.0,24136.0
2020-06-20,112813.0,34786.0,38449.0,41926.0,646042.0,153609.0,825622.0,22208.0
2020-06-21,104090.0,32127.0,35778.0,39605.0,671396.0,144819.0,846110.0,20488.0
2020-06-22,94952.0,29707.0,33320.0,37284.0,695984.0,136693.0,864883.0,18773.0
2020-06-23,86649.0,27194.0,30757.0,34959.0,719114.0,130017.0,882177.0,17294.0
2020-06-24,78635.0,25204.0,28102.0,32461.0,739586.0,123749.0,898052.0,15875.0
2020-06-25,71419.0,22768.0,26105.0,29778.0,759759.0,118291.0,912038.0,13986.0
2020-06-26,64795.0,20708.0,23982.0,27582.0,776560.0,113515.0,924951.0,12913.0
2020-06-27,58655.0,18879.0,21796.0,25179.0,793591.0,109189.0,936803.0,11852.0
2020-06-28,52998.0,17068.0,20106.0,23060.0,808734.0,105644.0,947398.0,10595.0
2020-06-29,48154.0,15574.0,18138.0,21054.0,823226.0,102297.0,956855.0,9457.0
2020-06-30,43309.0,14115.0,16375.0,19160.0,836379.0,99368.0,965501.0,8646.0
2020-07-01,38881.0,12587.0,14873.0,17370.0,846272.0,97170.0,973286.0,7785.0
2020-07-02,35053.0,11506.0,13463.0,15960.0,856991.0,94797.0,980392.0,7106.0
2020-07-03,31720.0,10244.0,12239.0,14454.0,866826.0,93045.0,986666.0,6274.0
2020-07-04,28358.0,9386.0,10908.0,13145.0,875192.0,91602.0,992400.0,5734.0
2020-07-05,25436.0,8407.0,9894.0,11566.0,882598.0,89815.0,997557.0,5157.0
2020-07-06,22787.0,7385.0,9026.0,10518.0,889805.0,88386.0,1002017.0,4460.0
