time,E,I1,I2,I3,R,S,cumI,diffI
2020-03-06,0.0,3.0,0.0,0.0,0.0,970152.0,0.0,0.0
2020-03-07,0.0,1.0,0.0,0.0,0.0,972002.0,0.0,0.0
2020-03-08,2.0,0.0,1.0,0.0,0.0,979034.0,0.0,0.0
2020-03-09,2.0,0.0,1.0,0.0,0.0,986306.0,0.0,0.0
2020-03-10,1.0,1.0,0.0,0.0,0.0,992016.0,1.0,1.0
2020-03-11,1.0,0.0,0.0,0.0,0.0,996300.0,1.0,0.0
2020-03-12,0.0,0.0,1.0,0.0,1.0,1000359.0,2.0,1.0
2020-03-13,0.0,0.0,0.0,0.0,1.0,1003188.0,2.0,0.0
2020-03-14,0.0,0.0,0.0,0.0,0.0,1004787.0,2.0,0.0
2020-03-15,0.0,0.0,0.0,0.0,1.0,1007571.0,2.0,0.0
2020-03-16,1.0,0.0,0.0,0.0,0.0,1008378.0,2.0,0.0
2020-03-17,2.0,1.0,0.0,0.0,0.0,1009952.0,2.0,0.0
2020-03-18,3.0,1.0,0.0,0.0,0.0,1010348.0,2.0,0.0
2020-03-19,1.0,1.0,0.0,0.0,0.0,1010533.0,2.0,0.0
2020-03-20,4.0,1.0,0.0,0.0,2.0,1011370.0,2.0,0.0
2020-03-21,4.0,0.0,0.0,1.0,0.0,1013458.0,2.0,0.0
2020-03-22,2.0,1.0,0.0,1.0,1.0,1013249.0,3.0,1.0
2020-03-23,4.0,0.0,1.0,2.0,3.0,1013042.0,3.0,0.0
2020-03-24,8.0,0.0,0.0,2.0,4.0,1012840.0,3.0,0.0
2020-03-25,10.0,0.0,2.0,2.0,8.0,1012156.0,4.0,1.0
2020-03-26,8.0,3.0,1.0,1.0,5.0,1013037.0,7.0,3.0
2020-03-27,11.0,1.0,1.0,0.0,8.0,1014240.0,9.0,2.0
2020-03-28,14.0,2.0,1.0,0.0,7.0,1014180.0,11.0,2.0
2020-03-29,8.0,3.0,0.0,3.0,8.0,1014125.0,14.0,3.0
2020-03-30,12.0,0.0,2.0,1.0,7.0,1014544.0,15.0,1.0
2020-03-31,15.0,0.0,4.0,0.0,6.0,1015112.0,18.0,3.0
2020-04-01,14.0,1.0,3.0,0.0,9.0,1016631.0,19.0,1.0
2020-04-02,14.0,2.0,1.0,1.0,10.0,1016048.0,20.0,1.0
2020-04-03,15.0,4.0,1.0,2.0,13.0,1016372.0,24.0,4.0
2020-04-04,20.0,8.0,2.0,3.0,16.0,1015612.0,28.0,4.0
2020-04-05,35.0,5.0,6.0,0.0,17.0,1017233.0,30.0,2.0
2020-04-06,33.0,10.0,10.0,3.0,16.0,1017656.0,41.0,11.0
2020-04-07,41.0,4.0,8.0,8.0,22.0,1018573.0,42.0,1.0
2020-04-08,48.0,15.0,5.0,12.0,26.0,1018039.0,54.0,12.0
2020-04-09,44.0,20.0,10.0,11.0,30.0,1018756.0,64.0,10.0
2020-04-10,59.0,12.0,22.0,12.0,39.0,1017734.0,76.0,12.0
2020-04-11,69.0,12.0,17.0,8.0,51.0,1017536.0,86.0,10.0
2020-04-12,92.0,19.0,20.0,13.0,52.0,1017778.0,106.0,20.0
2020-04-13,109.0,23.0,15.0,14.0,64.0,1018517.0,121.0,15.0
2020-04-14,118.0,21.0,17.0,16.0,75.0,1018530.0,140.0,19.0
2020-04-15,126.0,22.0,20.0,15.0,95.0,1019366.0,160.0,20.0
2020-04-16,158.0,40.0,21.0,23.0,107.0,1018794.0,182.0,22.0
2020-04-17,177.0,46.0,21.0,34.0,121.0,1019596.0,215.0,33.0
2020-04-18,204.0,57.0,35.0,34.0,149.0,1019380.0,257.0,42.0
2020-04-19,243.0,55.0,49.0,44.0,178.0,1019430.0,298.0,41.0
2020-04-20,284.0,60.0,60.0,43.0,193.0,1020282.0,347.0,49.0
2020-04-21,343.0,74.0,66.0,50.0,229.0,1020344.0,408.0,61.0
2020-04-22,420.0,101.0,79.0,55.0,271.0,1020098.0,489.0,81.0
2020-04-23,501.0,127.0,111.0,67.0,296.0,1019443.0,596.0,107.0
2020-04-24,568.0,129.0,99.0,82.0,336.0,1019854.0,690.0,94.0
2020-04-25,616.0,153.0,122.0,97.0,394.0,1018803.0,824.0,134.0
2020-04-26,797.0,176.0,129.0,115.0,445.0,1018168.0,938.0,114.0
2020-04-27,925.0,201.0,177.0,135.0,512.0,1018018.0,1100.0,162.0
2020-04-28,1042.0,239.0,191.0,161.0,628.0,1017410.0,1277.0,177.0
2020-04-29,1264.0,264.0,224.0,188.0,736.0,1017429.0,1476.0,199.0
2020-04-30,1536.0,294.0,268.0,214.0,853.0,1017867.0,1718.0,242.0
2020-05-01,1824.0,402.0,298.0,250.0,1038.0,1017380.0,2042.0,324.0
2020-05-02,2093.0,466.0,374.0,294.0,1188.0,1017190.0,2379.0,337.0
2020-05-03,2381.0,518.0,425.0,347.0,1372.0,1017671.0,2762.0,383.0
2020-05-04,2794.0,594.0,468.0,414.0,1568.0,1015936.0,3192.0,430.0
2020-05-05,3213.0,709.0,531.0,439.0,1824.0,1015913.0,3746.0,554.0
2020-05-06,3619.0,875.0,650.0,531.0,2117.0,1014064.0,4428.0,682.0
2020-05-07,4394.0,951.0,752.0,638.0,2470.0,1013302.0,5142.0,714.0
2020-05-08,5100.0,1157.0,942.0,725.0,2954.0,1011160.0,6055.0,913.0
2020-05-09,6021.0,1361.0,1075.0,873.0,3446.0,1010339.0,7092.0,1037.0
2020-05-10,7003.0,1539.0,1255.0,1050.0,4030.0,1007161.0,8245.0,1153.0
2020-05-11,8237.0,1776.0,1403.0,1194.0,4697.0,1005357.0,9590.0,1345.0
2020-05-12,9429.0,2126.0,1657.0,1310.0,5516.0,1002337.0,11226.0,1636.0
2020-05-13,11056.0,2443.0,1941.0,1619.0,6386.0,1000350.0,13100.0,1874.0
2020-05-14,13013.0,2756.0,2347.0,1828.0,7421.0,998064.0,15197.0,2097.0
2020-05-15,15017.0,3236.0,2669.0,2159.0,8731.0,993056.0,17740.0,2543.0
2020-05-16,17471.0,3840.0,2997.0,2449.0,10245.0,987141.0,20743.0,3003.0
2020-05-17,20298.0,4451.0,3530.0,2853.0,11922.0,980817.0,24174.0,3431.0
2020-05-18,23513.0,5157.0,4140.0,3260.0,13797.0,974797.0,28137.0,3963.0
2020-05-19,27148.0,6009.0,4802.0,3901.0,15911.0,965059.0,32786.0,4649.0
2020-05-20,31455.0,6991.0,5702.0,4486.0,18662.0,957047.0,38091.0,5305.0
2020-05-21,36428.0,8082.0,6595.0,5159.0,21765.0,947098.0,44390.0,6299.0
2020-05-22,41656.0,9319.0,7552.0,6031.0,25269.0,935470.0,51384.0,6994.0
2020-05-23,47725.0,10690.0,8818.0,6942.0,29612.0,922495.0,59631.0,8247.0
2020-05-24,54533.0,12418.0,10125.0,8153.0,34729.0,906886.0,69125.0,9494.0
2020-05-25,62574.0,14026.0,11640.0,9518.0,40390.0,889093.0,79881.0,10756.0
2020-05-26,70862.0,16117.0,13340.0,10891.0,47232.0,868963.0,92295.0,12414.0
2020-05-27,79417.0,18068.0,15262.0,12383.0,54619.0,845252.0,106156.0,13861.0
2020-05-28,89184.0,20653.0,17448.0,14074.0,63099.0,821313.0,122100.0,15944.0
2020-05-29,100156.0,23248.0,19554.0,16015.0,72356.0,794543.0,139500.0,17400.0
2020-05-30,110724.0,26046.0,21790.0,18284.0,83410.0,764762.0,159183.0,19683.0
2020-05-31,122481.0,28741.0,24601.0,20530.0,95617.0,733361.0,180620.0,21437.0
2020-06-01,133612.0,31606.0,27016.0,22947.0,110003.0,699343.0,204362.0,23742.0
2020-06-02,145047.0,34688.0,30280.0,25639.0,125362.0,664326.0,230105.0,25743.0
2020-06-03,155742.0,38001.0,33061.0,28353.0,142826.0,627282.0,258094.0,27989.0
2020-06-04,166283.0,40953.0,35893.0,31411.0,161744.0,589564.0,287814.0,29720.0
2020-06-05,175457.0,43649.0,38988.0,34291.0,182711.0,552287.0,319515.0,31701.0
2020-06-06,181990.0,46552.0,41494.0,37494.0,205196.0,514400.0,352934.0,33419.0
2020-06-07,187453.0,48285.0,44470.0,39842.0,231151.0,476761.0,387054.0,34120.0
2020-06-08,192103.0,50219.0,46574.0,42550.0,257271.0,437905.0,422450.0,35396.0
2020-06-09,194188.0,51230.0,48230.0,45037.0,285150.0,403028.0,458502.0,36052.0
2020-06-10,193970.0,52108.0,50233.0,47064.0,314237.0,368248.0,495003.0,36501.0
2020-06-11,191906.0,52214.0,51173.0,48870.0,345285.0,336371.0,531221.0,36218.0
2020-06-12,188098.0,51917.0,51605.0,50152.0,377689.0,307211.0,566968.0,35747.0
2020-06-13,182069.0,51207.0,51398.0,51086.0,409552.0,280534.0,601786.0,34818.0
2020-06-14,175005.0,50257.0,50637.0,51383.0,442429.0,256787.0,635547.0,33761.0
2020-06-15,167187.0,48680.0,49975.0,50767.0,476296.0,234636.0,668143.0,32596.0
2020-06-16,159048.0,46587.0,48972.0,50000.0,508999.0,215494.0,699113.0,30970.0
2020-06-17,148893.0,44143.0,46834.0,49074.0,541027.0,198966.0,728330.0,29217.0
2020-06-18,139345.0,41965.0,44844.0,47629.0,571834.0,184137.0,755686.0,27356.0
2020-06-19,129126.0,39304.0,43061.0,45504.0,602135.0,170697.0,781268.0,25582.0
2020-06-20,119503.0,36823.0,40845.0,43648.0,631007.0,158721.0,805021.0,23753.0
2020-06-21,109621.0,34232.0,38078.0,41644.0,658702.0,148887.0,826682.0,21661.0
2020-06-22,100463.0,31439.0,35571.0,39037.0,684649.0,140068.0,846526.0,19844.0
2020-06-23,92057.0,29000.0,32841.0,36600.0,707810.0,131814.0,864953.0,18427.0
2020-06-24,83425.0,26450.0,30470.0,34034.0,730289.0,125512.0,881619.0,16666.0
2020-06-25,76006.0,24146.0,27970.0,31594.0,751278.0,119144.0,896541.0,14922.0
2020-06-26,68641.0,21968.0,25594.0,29102.0,769817.0,114081.0,910352.0,13811.0
2020-06-27,62180.0,19894.0,23195.0,26884.0,787771.0,109772.0,922769.0,12417.0
2020-06-28,55797.0,18146.0,21044.0,24463.0,804789.0,105396.0,934006.0,11237.0
2020-06-29,49924.0,16509.0,19371.0,22104.0,820272.0,101898.0,944175.0,10169.0
2020-06-30,44947.0,14520.0,17645.0,20544.0,834375.0,98828.0,953185.0,9010.0
2020-07-01,40330.0,13171.0,15756.0,18366.0,846196.0,96245.0,961303.0,8118.0
2020-07-02,36304.0,11978.0,14011.0,16911.0,856422.0,93915.0,968634.0,7331.0
2020-07-03,32456.0,10665.0,12944.0,14998.0,866011.0,92196.0,975141.0,6507.0
2020-07-04,29111.0,9639.0,11595.0,13555.0,875038.0,90025.0,980932.0,5791.0
2020-07-05,26136.0,8626.0,10140.0,12346.0,883351.0,88717.0,986232.0,5300.0
2020-07-06,23416.0,7664.0,9270.0,10954.0,889786.0,87338.0,990936.0,4704.0
