time,E,I1,I2,I3,R,S,cumI,diffI
2020-03-06,0.0,3.0,0.0,0.0,0.0,969936.0,0.0,0.0
2020-03-07,0.0,0.0,1.0,0.0,0.0,971433.0,0.0,0.0
2020-03-08,2.0,0.0,1.0,0.0,0.0,979643.0,0.0,0.0
2020-03-09,1.0,0.0,1.0,2.0,0.0,986156.0,0.0,0.0
2020-03-10,3.0,0.0,1.0,1.0,2.0,992250.0,0.0,0.0
2020-03-11,3.0,0.0,0.0,0.0,2.0,995851.0,0.0,0.0
2020-03-12,4.0,0.0,0.0,0.0,2.0,1000488.0,0.0,0.0
2020-03-13,3.0,0.0,0.0,0.0,1.0,1003680.0,1.0,1.0
2020-03-14,2.0,0.0,0.0,0.0,0.0,1005339.0,1.0,0.0
2020-03-15,1.0,0.0,0.0,0.0,0.0,1005860.0,1.0,0.0
2020-03-16,0.0,0.0,0.0,0.0,0.0,1007901.0,1.0,0.0
2020-03-17,0.0,0.0,0.0,0.0,0.0,1009235.0,1.0,0.0
2020-03-18,1.0,0.0,0.0,0.0,0.0,1010397.0,1.0,0.0
2020-03-19,0.0,0.0,0.0,0.0,0.0,1011659.0,1.0,0.0
2020-03-20,0.0,0.0,0.0,0.0,0.0,1012591.0,1.0,0.0
2020-03-21,0.0,0.0,0.0,0.0,1.0,1013708.0,1.0,0.0
2020-03-22,1.0,0.0,0.0,0.0,0.0,1014442.0,1.0,0.0
2020-03-23,1.0,2.0,1.0,0.0,4.0,1014614.0,2.0,1.0
2020-03-24,6.0,1.0,1.0,0.0,3.0,1015981.0,2.0,0.0
2020-03-25,4.0,1.0,1.0,0.0,1.0,1015015.0,2.0,0.0
2020-03-26,1.0,1.0,0.0,0.0,2.0,1014865.0,3.0,1.0
2020-03-27,1.0,0.0,0.0,0.0,2.0,1015458.0,3.0,0.0
2020-03-28,1.0,0.0,2.0,0.0,2.0,1016003.0,4.0,1.0
2020-03-29,1.0,1.0,1.0,0.0,1.0,1015277.0,6.0,2.0
2020-03-30,3.0,2.0,0.0,1.0,4.0,1014734.0,8.0,2.0
2020-03-31,6.0,2.0,1.0,1.0,6.0,1015429.0,9.0,1.0
2020-04-01,8.0,3.0,1.0,3.0,5.0,1016556.0,11.0,2.0
2020-04-02,11.0,3.0,1.0,1.0,7.0,1017963.0,13.0,2.0
2020-04-03,14.0,4.0,3.0,0.0,12.0,1017318.0,18.0,5.0
2020-04-04,19.0,3.0,2.0,5.0,9.0,1015581.0,19.0,1.0
2020-04-05,19.0,2.0,1.0,3.0,14.0,1017398.0,22.0,3.0
2020-04-06,21.0,2.0,3.0,1.0,12.0,1018077.0,23.0,1.0
2020-04-07,23.0,3.0,2.0,4.0,14.0,1017416.0,25.0,2.0
2020-04-08,24.0,7.0,3.0,1.0,15.0,1016332.0,27.0,2.0
2020-04-09,32.0,6.0,5.0,4.0,12.0,1016689.0,33.0,6.0
2020-04-10,31.0,8.0,8.0,6.0,15.0,1017129.0,40.0,7.0
2020-04-11,44.0,7.0,3.0,8.0,19.0,1017169.0,44.0,4.0
2020-04-12,46.0,9.0,7.0,5.0,20.0,1017431.0,51.0,7.0
2020-04-13,50.0,18.0,9.0,3.0,27.0,1018041.0,64.0,13.0
2020-04-14,62.0,13.0,14.0,1.0,41.0,1019006.0,71.0,7.0
2020-04-15,67.0,18.0,10.0,11.0,43.0,1019293.0,86.0,15.0
2020-04-16,96.0,16.0,8.0,11.0,53.0,1017845.0,96.0,10.0
2020-04-17,98.0,18.0,17.0,10.0,58.0,1017520.0,119.0,23.0
2020-04-18,102.0,23.0,23.0,9.0,59.0,1018765.0,139.0,20.0
2020-04-19,110.0,30.0,20.0,19.0,75.0,1019974.0,160.0,21.0
2020-04-20,144.0,33.0,21.0,15.0,82.0,1019213.0,182.0,22.0
2020-04-21,180.0,41.0,26.0,21.0,104.0,1020009.0,213.0,31.0
2020-04-22,210.0,30.0,38.0,31.0,114.0,1019518.0,238.0,25.0
2020-04-23,267.0,57.0,36.0,43.0,138.0,1020606.0,279.0,41.0
2020-04-24,319.0,60.0,50.0,46.0,158.0,1020066.0,340.0,61.0
2020-04-25,340.0,64.0,65.0,51.0,194.0,1019816.0,397.0,57.0
2020-04-26,370.0,75.0,74.0,56.0,217.0,1020085.0,454.0,57.0
2020-04-27,402.0,97.0,81.0,69.0,263.0,1020977.0,534.0,80.0
2020-04-28,494.0,106.0,105.0,63.0,311.0,1020243.0,614.0,80.0
2020-04-29,576.0,124.0,125.0,74.0,346.0,1020712.0,700.0,86.0
2020-04-30,662.0,145.0,121.0,87.0,393.0,1020086.0,809.0,109.0
2020-05-01,807.0,169.0,156.0,100.0,453.0,1019379.0,933.0,124.0
2020-05-02,940.0,194.0,177.0,127.0,553.0,1018981.0,1091.0,158.0
2020-05-03,1104.0,243.0,180.0,161.0,647.0,1019553.0,1290.0,199.0
2020-05-04,1329.0,288.0,208.0,194.0,735.0,1019085.0,1510.0,220.0
2020-05-05,1524.0,338.0,262.0,195.0,849.0,1019166.0,1768.0,258.0
2020-05-06,1846.0,372.0,321.0,243.0,949.0,1018779.0,2046.0,278.0
2020-05-07,2059.0,424.0,346.0,291.0,1180.0,1018555.0,2401.0,355.0
2020-05-08,2379.0,548.0,422.0,339.0,1312.0,1017565.0,2830.0,429.0
2020-05-09,2776.0,622.0,495.0,394.0,1656.0,1016018.0,3308.0,478.0
2020-05-10,3267.0,701.0,608.0,450.0,1941.0,1015600.0,3869.0,561.0
2020-05-11,3852.0,792.0,656.0,555.0,2313.0,1015018.0,4485.0,616.0
2020-05-12,4527.0,920.0,763.0,663.0,2620.0,1013954.0,5223.0,738.0
2020-05-13,5327.0,1111.0,894.0,718.0,3015.0,1012088.0,6100.0,877.0
2020-05-14,6150.0,1368.0,1027.0,827.0,3532.0,1009374.0,7170.0,1070.0
2020-05-15,7312.0,1577.0,1266.0,1001.0,4132.0,1007286.0,8384.0,1214.0
2020-05-16,8325.0,1890.0,1518.0,1153.0,4780.0,1004877.0,9845.0,1461.0
2020-05-17,9784.0,2114.0,1734.0,1373.0,5581.0,1003366.0,11455.0,1610.0
2020-05-18,11343.0,2523.0,1981.0,1672.0,6568.0,1000838.0,13365.0,1910.0
2020-05-19,13391.0,2970.0,2300.0,1922.0,7684.0,995969.0,15636.0,2271.0
2020-05-20,15472.0,3446.0,2731.0,2247.0,8818.0,991360.0,18349.0,2713.0
2020-05-21,17951.0,3929.0,3259.0,2569.0,10432.0,986620.0,21446.0,3097.0
2020-05-22,20816.0,4674.0,3699.0,2960.0,12180.0,980509.0,25039.0,3593.0
2020-05-23,23881.0,5553.0,4258.0,3527.0,14307.0,973557.0,29269.0,4230.0
2020-05-24,28090.0,6270.0,5052.0,4093.0,16629.0,964388.0,33997.0,4728.0
2020-05-25,32638.0,7177.0,5698.0,4759.0,19583.0,954945.0,39418.0,5421.0
2020-05-26,37474.0,8426.0,6672.0,5375.0,22704.0,944580.0,45859.0,6441.0
2020-05-27,43132.0,9713.0,7731.0,6262.0,26488.0,932389.0,53131.0,7272.0
2020-05-28,49503.0,11076.0,9200.0,7279.0,30750.0,917988.0,61606.0,8475.0
2020-05-29,56474.0,12816.0,10464.0,8434.0,35735.0,900946.0,71427.0,9821.0
2020-05-30,64489.0,14621.0,11970.0,9866.0,41902.0,884083.0,82616.0,11189.0
2020-05-31,72969.0,16767.0,13688.0,11350.0,48781.0,862830.0,95447.0,12831.0
2020-06-01,82640.0,19024.0,15793.0,12923.0,56358.0,839702.0,109815.0,14368.0
2020-06-02,92682.0,21201.0,17766.0,14745.0,65178.0,814634.0,125793.0,15978.0
2020-06-03,103234.0,23756.0,20186.0,16655.0,75265.0,787494.0,143920.0,18127.0
2020-06-04,114536.0,26669.0,22598.0,18955.0,86597.0,756497.0,164110.0,20190.0
2020-06-05,125799.0,29899.0,25501.0,21599.0,99138.0,723704.0,186680.0,22570.0
2020-06-06,137842.0,32952.0,27972.0,24337.0,113655.0,688246.0,211116.0,24436.0
2020-06-07,148701.0,35702.0,31124.0,27001.0,129787.0,653348.0,237611.0,26495.0
2020-06-08,159587.0,38592.0,34224.0,29850.0,148102.0,615487.0,265725.0,28114.0
2020-06-09,169183.0,41343.0,37029.0,32746.0,168396.0,577229.0,296088.0,30363.0
2020-06-10,177459.0,44411.0,39857.0,35232.0,190824.0,538940.0,328390.0,32302.0
2020-06-11,184877.0,46789.0,42869.0,37988.0,214515.0,500563.0,362087.0,33697.0
2020-06-12,190595.0,49262.0,45370.0,40761.0,239779.0,461733.0,397181.0,35094.0
2020-06-13,193545.0,51079.0,47444.0,43191.0,267038.0,424438.0,433280.0,36099.0
2020-06-14,194841.0,52085.0,49351.0,45770.0,295416.0,389086.0,469605.0,36325.0
2020-06-15,193787.0,52356.0,50715.0,47764.0,326096.0,355264.0,505972.0,36367.0
2020-06-16,191042.0,52414.0,51403.0,49254.0,357722.0,324575.0,542081.0,36109.0
2020-06-17,186302.0,51832.0,51629.0,50762.0,389772.0,296219.0,577713.0,35632.0
2020-06-18,180725.0,51117.0,51661.0,50795.0,422661.0,271057.0,612326.0,34613.0
2020-06-19,172835.0,50056.0,51020.0,50948.0,455112.0,247182.0,645912.0,33586.0
2020-06-20,163878.0,47976.0,49741.0,50595.0,487010.0,226644.0,677964.0,32052.0
2020-06-21,154529.0,45633.0,48176.0,50128.0,519556.0,207860.0,707903.0,29939.0
2020-06-22,145118.0,43095.0,46095.0,48141.0,552700.0,191813.0,736195.0,28292.0
2020-06-23,135159.0,40888.0,44063.0,46729.0,583316.0,176451.0,762966.0,26771.0
2020-06-24,125206.0,38178.0,41564.0,45044.0,613314.0,163961.0,787536.0,24570.0
2020-06-25,115160.0,35628.0,38906.0,42695.0,641778.0,153199.0,810294.0,22758.0
2020-06-26,106154.0,33044.0,36549.0,40405.0,668836.0,143392.0,831466.0,21172.0
2020-06-27,96791.0,30307.0,34128.0,37935.0,694229.0,135032.0,850748.0,19282.0
2020-06-28,88003.0,27963.0,31672.0,35463.0,717499.0,127809.0,868368.0,17620.0
2020-06-29,79938.0,25315.0,28993.0,33019.0,739188.0,121520.0,884195.0,15827.0
2020-06-30,72434.0,23026.0,26586.0,30501.0,760530.0,115571.0,898469.0,14274.0
2020-07-01,65333.0,20844.0,24058.0,27961.0,779127.0,110697.0,911492.0,13023.0
2020-07-02,58997.0,19025.0,21843.0,25438.0,795764.0,106252.0,923125.0,11633.0
2020-07-03,53231.0,17154.0,20204.0,23157.0,811212.0,102707.0,933705.0,10580.0
2020-07-04,47672.0,15326.0,17974.0,21243.0,825828.0,99664.0,943202.0,9497.0
2020-07-05,42901.0,13824.0,16342.0,19228.0,839272.0,96488.0,951768.0,8566.0
2020-07-06,38247.0,12553.0,14831.0,17653.0,850151.0,94330.0,959533.0,7765.0
