time,E,I1,I2,I3,R,S,cumI,diffI
2020-03-06,0.0,2.0,0.0,0.0,0.0,970617.0,0.0,0.0
2020-03-07,0.0,2.0,0.0,0.0,0.0,973100.0,1.0,1.0
2020-03-08,1.0,1.0,0.0,0.0,0.0,980678.0,1.0,0.0
2020-03-09,1.0,0.0,0.0,0.0,0.0,988058.0,1.0,0.0
2020-03-10,0.0,0.0,0.0,0.0,0.0,993832.0,1.0,0.0
2020-03-11,0.0,0.0,0.0,1.0,0.0,996852.0,1.0,0.0
2020-03-12,0.0,0.0,0.0,1.0,0.0,1000402.0,1.0,0.0
2020-03-13,0.0,0.0,0.0,0.0,0.0,1001606.0,1.0,0.0
2020-03-14,0.0,0.0,0.0,0.0,0.0,1003152.0,1.0,0.0
2020-03-15,0.0,0.0,0.0,0.0,0.0,1007196.0,1.0,0.0
2020-03-16,0.0,0.0,0.0,0.0,0.0,1008657.0,1.0,0.0
2020-03-17,1.0,0.0,0.0,0.0,0.0,1010383.0,1.0,0.0
2020-03-18,0.0,0.0,0.0,0.0,0.0,1011082.0,1.0,0.0
2020-03-19,2.0,0.0,0.0,0.0,0.0,1012184.0,1.0,0.0
2020-03-20,1.0,1.0,0.0,0.0,1.0,1012125.0,2.0,1.0
2020-03-21,4.0,0.0,1.0,0.0,0.0,1013026.0,2.0,0.0
2020-03-22,6.0,1.0,1.0,1.0,0.0,1013231.0,3.0,1.0
2020-03-23,6.0,1.0,1.0,1.0,1.0,1013275.0,6.0,3.0
2020-03-24,5.0,3.0,1.0,1.0,1.0,1013978.0,7.0,1.0
2020-03-25,3.0,3.0,2.0,2.0,2.0,1014109.0,9.0,2.0
2020-03-26,8.0,3.0,0.0,2.0,5.0,1013236.0,11.0,2.0
2020-03-27,7.0,3.0,2.0,0.0,3.0,1013175.0,13.0,2.0
2020-03-28,5.0,3.0,1.0,2.0,3.0,1013223.0,13.0,0.0
2020-03-29,4.0,1.0,1.0,4.0,3.0,1015004.0,13.0,0.0
2020-03-30,8.0,0.0,3.0,2.0,3.0,1016597.0,14.0,1.0
2020-03-31,11.0,1.0,0.0,3.0,5.0,1017345.0,14.0,0.0
2020-04-01,11.0,3.0,2.0,1.0,6.0,1017136.0,18.0,4.0
2020-04-02,15.0,4.0,2.0,1.0,12.0,1018012.0,21.0,3.0
2020-04-03,17.0,5.0,2.0,1.0,8.0,1017715.0,22.0,1.0
2020-04-04,20.0,6.0,5.0,2.0,15.0,1015264.0,24.0,2.0
2020-04-05,25.0,7.0,10.0,2.0,16.0,1015209.0,30.0,6.0
2020-04-06,35.0,7.0,11.0,5.0,15.0,1016022.0,36.0,6.0
2020-04-07,42.0,9.0,10.0,5.0,23.0,1017150.0,44.0,8.0
2020-04-08,54.0,15.0,5.0,9.0,32.0,1017562.0,51.0,7.0
2020-04-09,47.0,16.0,11.0,10.0,34.0,1018703.0,62.0,11.0
2020-04-10,60.0,15.0,10.0,10.0,37.0,1018596.0,72.0,10.0
2020-04-11,72.0,19.0,11.0,13.0,41.0,1017881.0,87.0,15.0
2020-04-12,66.0,20.0,16.0,11.0,40.0,1018394.0,103.0,16.0
2020-04-13,71.0,17.0,20.0,15.0,54.0,1018620.0,119.0,16.0
2020-04-14,94.0,23.0,21.0,18.0,60.0,1019788.0,134.0,15.0
2020-04-15,101.0,22.0,20.0,16.0,84.0,1021218.0,151.0,17.0
2020-04-16,137.0,31.0,27.0,16.0,90.0,1020146.0,170.0,19.0
2020-04-17,165.0,34.0,26.0,27.0,92.0,1019814.0,195.0,25.0
2020-04-18,201.0,45.0,38.0,29.0,94.0,1020242.0,229.0,34.0
2020-04-19,246.0,49.0,47.0,26.0,106.0,1020807.0,266.0,37.0
2020-04-20,279.0,61.0,44.0,33.0,132.0,1020218.0,307.0,41.0
2020-04-21,301.0,66.0,58.0,41.0,165.0,1022384.0,363.0,56.0
2020-04-22,378.0,73.0,74.0,48.0,194.0,1021855.0,419.0,56.0
2020-04-23,422.0,86.0,69.0,41.0,220.0,1020996.0,488.0,69.0
2020-04-24,454.0,107.0,74.0,57.0,262.0,1020884.0,574.0,86.0
2020-04-25,540.0,124.0,86.0,68.0,300.0,1020932.0,661.0,87.0
2020-04-26,623.0,132.0,116.0,75.0,344.0,1020702.0,764.0,103.0
2020-04-27,731.0,173.0,133.0,101.0,415.0,1020571.0,897.0,133.0
2020-04-28,846.0,178.0,137.0,129.0,475.0,1019630.0,1037.0,140.0
2020-04-29,971.0,225.0,165.0,144.0,552.0,1019135.0,1215.0,178.0
2020-04-30,1175.0,240.0,198.0,153.0,653.0,1020607.0,1387.0,172.0
2020-05-01,1311.0,262.0,246.0,187.0,773.0,1020095.0,1593.0,206.0
2020-05-02,1526.0,339.0,245.0,202.0,883.0,1020539.0,1829.0,236.0
2020-05-03,1734.0,391.0,299.0,244.0,1111.0,1019072.0,2136.0,307.0
2020-05-04,2104.0,454.0,358.0,326.0,1228.0,1018535.0,2469.0,333.0
2020-05-05,2475.0,540.0,469.0,329.0,1456.0,1018707.0,2898.0,429.0
2020-05-06,2942.0,619.0,527.0,418.0,1689.0,1018053.0,3368.0,470.0
2020-05-07,3439.0,775.0,584.0,494.0,1963.0,1016995.0,3976.0,608.0
2020-05-08,3956.0,845.0,698.0,552.0,2302.0,1015568.0,4630.0,654.0
2020-05-09,4628.0,992.0,771.0,644.0,2652.0,1015265.0,5401.0,771.0
2020-05-10,5438.0,1225.0,976.0,747.0,3116.0,1013080.0,6322.0,921.0
2020-05-11,6378.0,1374.0,1108.0,883.0,3648.0,1010242.0,7381.0,1059.0
2020-05-12,7433.0,1647.0,1279.0,1045.0,4246.0,1009810.0,8652.0,1271.0
2020-05-13,8697.0,1932.0,1526.0,1184.0,5005.0,1006166.0,10135.0,1483.0
2020-05-14,10235.0,2241.0,1813.0,1445.0,5731.0,1003129.0,11853.0,1718.0
2020-05-15,11999.0,2570.0,2147.0,1667.0,6695.0,1000084.0,13830.0,1977.0
2020-05-16,13745.0,2997.0,2392.0,1890.0,7956.0,997225.0,16104.0,2274.0
2020-05-17,15637.0,3542.0,2804.0,2247.0,9092.0,992747.0,18967.0,2863.0
2020-05-18,18374.0,4029.0,3312.0,2679.0,10544.0,986222.0,22036.0,3069.0
2020-05-19,21506.0,4689.0,3766.0,3071.0,12403.0,980147.0,25660.0,3624.0
2020-05-20,24828.0,5525.0,4391.0,3576.0,14610.0,972744.0,29955.0,4295.0
2020-05-21,28857.0,6329.0,5176.0,4037.0,17181.0,963028.0,34692.0,4737.0
2020-05-22,32790.0,7293.0,6028.0,4819.0,19754.0,953023.0,40336.0,5644.0
2020-05-23,37855.0,8450.0,6875.0,5572.0,23202.0,942677.0,46888.0,6552.0
2020-05-24,43461.0,9636.0,8114.0,6527.0,27011.0,929275.0,54271.0,7383.0
2020-05-25,49597.0,11162.0,9235.0,7569.0,31647.0,915669.0,62846.0,8575.0
2020-05-26,56850.0,12676.0,10438.0,8692.0,36845.0,899308.0,72486.0,9640.0
2020-05-27,64953.0,14679.0,11933.0,9802.0,42715.0,881597.0,83534.0,11048.0
2020-05-28,73224.0,16815.0,13714.0,11048.0,49136.0,862070.0,96337.0,12803.0
2020-05-29,82074.0,19106.0,15647.0,12853.0,56887.0,838406.0,110800.0,14463.0
2020-05-30,92533.0,21323.0,17810.0,14763.0,65367.0,813260.0,126823.0,16023.0
2020-05-31,103236.0,23820.0,20286.0,16616.0,75677.0,787089.0,144880.0,18057.0
2020-06-01,114041.0,26603.0,22622.0,18973.0,86761.0,757651.0,164806.0,19926.0
2020-06-02,125266.0,29592.0,25128.0,21287.0,99459.0,725974.0,186930.0,22124.0
2020-06-03,137193.0,32731.0,27862.0,23923.0,113824.0,691458.0,211181.0,24251.0
2020-06-04,148111.0,35935.0,31182.0,26417.0,129994.0,655711.0,238005.0,26824.0
2020-06-05,158879.0,38397.0,34443.0,29503.0,147781.0,618645.0,266314.0,28309.0
2020-06-06,168620.0,41667.0,36808.0,32436.0,167893.0,580239.0,296591.0,30277.0
2020-06-07,176839.0,44554.0,39543.0,35478.0,189223.0,541887.0,328763.0,32172.0
2020-06-08,183719.0,47174.0,42542.0,38196.0,212979.0,502320.0,362399.0,33636.0
2020-06-09,188664.0,48804.0,44914.0,41087.0,237522.0,464788.0,397355.0,34956.0
2020-06-10,192739.0,50343.0,46958.0,43225.0,264789.0,427797.0,432833.0,35478.0
2020-06-11,194243.0,51649.0,48909.0,45361.0,292906.0,393007.0,469088.0,36255.0
2020-06-12,193651.0,52282.0,50207.0,46946.0,323598.0,361016.0,505607.0,36519.0
2020-06-13,190627.0,52327.0,51200.0,48311.0,353637.0,330868.0,541830.0,36223.0
2020-06-14,186952.0,51694.0,51810.0,49681.0,384974.0,302857.0,577164.0,35334.0
2020-06-15,181524.0,51194.0,51333.0,50475.0,417153.0,276618.0,612005.0,34841.0
2020-06-16,173996.0,49795.0,50685.0,50980.0,449325.0,252914.0,645443.0,33438.0
2020-06-17,165624.0,47827.0,49636.0,50218.0,482099.0,232099.0,677417.0,31974.0
2020-06-18,156468.0,46071.0,48300.0,49467.0,514332.0,214032.0,707977.0,30560.0
2020-06-19,147498.0,43879.0,45937.0,48351.0,545494.0,197079.0,736782.0,28805.0
2020-06-20,137617.0,41050.0,44283.0,46625.0,574895.0,182996.0,763547.0,26765.0
2020-06-21,127890.0,38660.0,42243.0,44902.0,603849.0,170223.0,788569.0,25022.0
2020-06-22,118488.0,36108.0,39914.0,42927.0,631478.0,158942.0,811635.0,23066.0
2020-06-23,108517.0,33808.0,36948.0,40733.0,658396.0,149080.0,833133.0,21498.0
2020-06-24,99250.0,31174.0,34649.0,38279.0,683185.0,140342.0,853036.0,19903.0
2020-06-25,90880.0,28658.0,32194.0,36166.0,706921.0,133245.0,871047.0,18011.0
2020-06-26,83047.0,26240.0,29798.0,33905.0,728250.0,126547.0,887472.0,16425.0
2020-06-27,75603.0,23771.0,27608.0,31077.0,748087.0,120762.0,902268.0,14796.0
2020-06-28,68449.0,21923.0,25386.0,28529.0,767614.0,115823.0,916065.0,13797.0
2020-06-29,61641.0,20032.0,23091.0,26524.0,785667.0,111096.0,928488.0,12423.0
2020-06-30,55627.0,18190.0,20911.0,24299.0,801513.0,107542.0,939837.0,11349.0
2020-07-01,50579.0,16301.0,19149.0,22215.0,816644.0,104077.0,949836.0,9999.0
2020-07-02,45352.0,14691.0,17283.0,20118.0,829338.0,100952.0,958947.0,9111.0
2020-07-03,40710.0,13227.0,15784.0,18321.0,840816.0,98456.0,967216.0,8269.0
2020-07-04,36868.0,12006.0,14067.0,16929.0,852453.0,96140.0,974581.0,7365.0
2020-07-05,33063.0,10619.0,12689.0,15317.0,862365.0,94023.0,981128.0,6547.0
2020-07-06,29694.0,9690.0,11354.0,14023.0,871755.0,92353.0,987177.0,6049.0
