time,E,I1,I2,I3,R,S,cumI,diffI
2020-03-06,1.0,2.0,0.0,0.0,0.0,969910.0,0.0,0.0
2020-03-07,1.0,0.0,0.0,0.0,0.0,972079.0,0.0,0.0
2020-03-08,0.0,0.0,1.0,0.0,0.0,978108.0,1.0,1.0
2020-03-09,1.0,1.0,0.0,1.0,0.0,987274.0,1.0,0.0
2020-03-10,2.0,1.0,1.0,0.0,1.0,992212.0,2.0,1.0
2020-03-11,1.0,1.0,1.0,0.0,1.0,996812.0,3.0,1.0
2020-03-12,2.0,0.0,2.0,1.0,1.0,1000162.0,4.0,1.0
2020-03-13,3.0,0.0,1.0,2.0,2.0,1003081.0,4.0,0.0
2020-03-14,4.0,0.0,0.0,2.0,2.0,1005527.0,4.0,0.0
2020-03-15,4.0,0.0,0.0,1.0,3.0,1008062.0,4.0,0.0
2020-03-16,4.0,0.0,0.0,1.0,3.0,1008665.0,4.0,0.0
2020-03-17,6.0,1.0,0.0,1.0,1.0,1010098.0,4.0,0.0
2020-03-18,5.0,2.0,1.0,1.0,1.0,1010126.0,7.0,3.0
2020-03-19,5.0,1.0,2.0,1.0,0.0,1010215.0,7.0,0.0
2020-03-20,8.0,1.0,1.0,2.0,2.0,1011312.0,7.0,0.0
2020-03-21,9.0,0.0,1.0,2.0,4.0,1012126.0,7.0,0.0
2020-03-22,6.0,3.0,3.0,2.0,4.0,1012248.0,9.0,2.0
2020-03-23,8.0,0.0,2.0,3.0,6.0,1013392.0,10.0,1.0
2020-03-24,8.0,2.0,2.0,4.0,5.0,1013364.0,12.0,2.0
2020-03-25,11.0,6.0,3.0,2.0,5.0,1013392.0,17.0,5.0
2020-03-26,17.0,3.0,3.0,3.0,7.0,1013648.0,18.0,1.0
2020-03-27,13.0,7.0,2.0,2.0,10.0,1013494.0,23.0,5.0
2020-03-28,14.0,6.0,1.0,5.0,14.0,1014965.0,27.0,4.0
2020-03-29,17.0,3.0,3.0,3.0,11.0,1016847.0,28.0,1.0
2020-03-30,22.0,7.0,5.0,3.0,17.0,1015461.0,33.0,5.0
2020-03-31,27.0,11.0,5.0,5.0,20.0,1016388.0,38.0,5.0
2020-04-01,32.0,12.0,2.0,7.0,23.0,1015584.0,41.0,3.0
2020-04-02,43.0,11.0,7.0,6.0,24.0,1015749.0,50.0,9.0
2020-04-03,52.0,10.0,10.0,7.0,28.0,1016502.0,58.0,8.0
2020-04-04,70.0,6.0,12.0,8.0,42.0,1017090.0,66.0,8.0
2020-04-05,85.0,15.0,8.0,7.0,46.0,1016772.0,77.0,11.0
2020-04-06,76.0,20.0,14.0,13.0,32.0,1017049.0,94.0,17.0
2020-04-07,92.0,16.0,13.0,16.0,41.0,1016842.0,105.0,11.0
2020-04-08,105.0,33.0,15.0,20.0,43.0,1017899.0,129.0,24.0
2020-04-09,143.0,23.0,18.0,23.0,56.0,1017562.0,149.0,20.0
2020-04-10,150.0,37.0,26.0,14.0,74.0,1018618.0,183.0,34.0
2020-04-11,182.0,31.0,29.0,31.0,92.0,1019340.0,209.0,26.0
2020-04-12,216.0,42.0,39.0,37.0,114.0,1017758.0,245.0,36.0
2020-04-13,268.0,50.0,51.0,29.0,148.0,1017869.0,283.0,38.0
2020-04-14,289.0,65.0,46.0,39.0,169.0,1017259.0,333.0,50.0
2020-04-15,329.0,71.0,52.0,55.0,184.0,1017302.0,382.0,49.0
2020-04-16,385.0,79.0,73.0,49.0,245.0,1018727.0,445.0,63.0
2020-04-17,471.0,88.0,76.0,63.0,269.0,1017275.0,519.0,74.0
2020-04-18,563.0,110.0,93.0,72.0,313.0,1016973.0,607.0,88.0
2020-04-19,626.0,152.0,115.0,84.0,357.0,1017798.0,735.0,128.0
2020-04-20,731.0,168.0,141.0,97.0,420.0,1017207.0,856.0,121.0
2020-04-21,852.0,157.0,171.0,128.0,502.0,1018239.0,981.0,125.0
2020-04-22,1013.0,232.0,193.0,146.0,609.0,1017424.0,1180.0,199.0
2020-04-23,1206.0,253.0,207.0,159.0,687.0,1016884.0,1360.0,180.0
2020-04-24,1373.0,314.0,252.0,190.0,809.0,1016686.0,1596.0,236.0
2020-04-25,1722.0,368.0,288.0,274.0,928.0,1017750.0,1860.0,264.0
2020-04-26,1959.0,438.0,336.0,276.0,1123.0,1016033.0,2203.0,343.0
2020-04-27,2206.0,509.0,393.0,326.0,1341.0,1015789.0,2609.0,406.0
2020-04-28,2585.0,588.0,490.0,375.0,1547.0,1014782.0,3077.0,468.0
2020-04-29,3125.0,691.0,610.0,418.0,1775.0,1015006.0,3609.0,532.0
2020-04-30,3688.0,842.0,619.0,557.0,2068.0,1013172.0,4219.0,610.0
2020-05-01,4297.0,948.0,779.0,603.0,2427.0,1012495.0,5005.0,786.0
2020-05-02,4951.0,1143.0,922.0,681.0,2855.0,1010349.0,5884.0,879.0
2020-05-03,5839.0,1276.0,1015.0,810.0,3370.0,1009276.0,6850.0,966.0
2020-05-04,6765.0,1548.0,1174.0,940.0,3907.0,1009223.0,8034.0,1184.0
2020-05-05,8124.0,1747.0,1397.0,1081.0,4608.0,1006540.0,9362.0,1328.0
2020-05-06,9388.0,2090.0,1688.0,1298.0,5254.0,1004710.0,10987.0,1625.0
2020-05-07,10815.0,2406.0,1951.0,1551.0,6240.0,1001012.0,12880.0,1893.0
2020-05-08,12557.0,2709.0,2221.0,1786.0,7373.0,996400.0,14967.0,2087.0
2020-05-09,14624.0,3123.0,2574.0,2035.0,8606.0,992378.0,17417.0,2450.0
2020-05-10,16958.0,3806.0,2892.0,2420.0,9913.0,987233.0,20265.0,2848.0
2020-05-11,19512.0,4438.0,3419.0,2838.0,11604.0,980559.0,23682.0,3417.0
2020-05-12,22619.0,5025.0,4002.0,3306.0,13424.0,975189.0,27485.0,3803.0
2020-05-13,26071.0,5891.0,4604.0,3789.0,15445.0,967379.0,31895.0,4410.0
2020-05-14,30426.0,6682.0,5401.0,4542.0,18117.0,958562.0,37079.0,5184.0
2020-05-15,35159.0,7910.0,6262.0,5123.0,21238.0,948441.0,43165.0,6086.0
2020-05-16,40530.0,9002.0,7418.0,5865.0,24811.0,936866.0,50079.0,6914.0
2020-05-17,46428.0,10374.0,8457.0,6870.0,28833.0,921436.0,57986.0,7907.0
2020-05-18,53255.0,11935.0,9703.0,7926.0,33606.0,908164.0,67046.0,9060.0
2020-05-19,60350.0,13637.0,11107.0,9139.0,39079.0,891458.0,77570.0,10524.0
2020-05-20,67867.0,15488.0,12674.0,10423.0,45160.0,872482.0,89469.0,11899.0
2020-05-21,76530.0,17779.0,14423.0,11964.0,52261.0,851444.0,102908.0,13439.0
2020-05-22,86166.0,19798.0,16535.0,13429.0,60512.0,827529.0,117745.0,14837.0
2020-05-23,96533.0,22535.0,18683.0,15327.0,69605.0,801452.0,134731.0,16986.0
2020-05-24,107467.0,24550.0,21223.0,17686.0,80394.0,773043.0,153320.0,18589.0
2020-05-25,118764.0,28088.0,23757.0,19974.0,92394.0,740738.0,174481.0,21161.0
2020-05-26,130121.0,30894.0,26732.0,22392.0,105779.0,707931.0,197719.0,23238.0
2020-05-27,141847.0,33974.0,29390.0,25054.0,121071.0,672448.0,222955.0,25236.0
2020-05-28,153209.0,37197.0,32342.0,27929.0,138078.0,637772.0,250481.0,27526.0
2020-05-29,163495.0,40203.0,35285.0,30740.0,156527.0,599439.0,280042.0,29561.0
2020-05-30,172399.0,42811.0,38129.0,33816.0,177036.0,561072.0,311084.0,31042.0
2020-05-31,180112.0,45055.0,40980.0,36750.0,199008.0,522747.0,343831.0,32747.0
2020-06-01,186072.0,47501.0,43440.0,39463.0,224123.0,484587.0,378092.0,34261.0
2020-06-02,191162.0,49419.0,45978.0,42002.0,250144.0,448210.0,413166.0,35074.0
2020-06-03,193816.0,50715.0,47764.0,44311.0,277959.0,412304.0,449458.0,36292.0
2020-06-04,194369.0,51786.0,49354.0,46335.0,306885.0,378498.0,485757.0,36299.0
2020-06-05,192910.0,52284.0,50634.0,48231.0,336155.0,346453.0,521982.0,36225.0
2020-06-06,189491.0,52117.0,51382.0,49522.0,367016.0,317510.0,557797.0,35815.0
2020-06-07,184431.0,51510.0,51397.0,50467.0,399066.0,289898.0,592985.0,35188.0
2020-06-08,177261.0,50454.0,51211.0,50564.0,431729.0,264660.0,626912.0,33927.0
2020-06-09,169103.0,48810.0,50173.0,50404.0,464123.0,242289.0,659621.0,32709.0
2020-06-10,160143.0,47045.0,48975.0,49840.0,496222.0,222521.0,690919.0,31298.0
2020-06-11,151887.0,44863.0,47323.0,49177.0,528538.0,205443.0,720583.0,29664.0
2020-06-12,141882.0,42574.0,45538.0,47756.0,560000.0,189166.0,748369.0,27786.0
2020-06-13,132495.0,39960.0,43290.0,46328.0,590107.0,175338.0,774388.0,26019.0
2020-06-14,122818.0,37603.0,41334.0,43958.0,618267.0,163297.0,798709.0,24321.0
2020-06-15,113339.0,34711.0,38766.0,41805.0,646042.0,152756.0,820915.0,22206.0
2020-06-16,103829.0,32180.0,36450.0,39479.0,672356.0,143486.0,841584.0,20669.0
2020-06-17,94889.0,29644.0,33616.0,36979.0,697656.0,135121.0,860469.0,18885.0
2020-06-18,86450.0,27277.0,30662.0,34907.0,719778.0,127878.0,877763.0,17294.0
2020-06-19,78557.0,25164.0,28577.0,31771.0,741435.0,122011.0,893457.0,15694.0
2020-06-20,70746.0,23023.0,26207.0,29389.0,760770.0,116321.0,907733.0,14276.0
2020-06-21,64307.0,20807.0,23910.0,27269.0,778450.0,111740.0,920448.0,12715.0
2020-06-22,58121.0,18720.0,21800.0,25096.0,795143.0,107481.0,932069.0,11621.0
2020-06-23,52412.0,16924.0,19924.0,22987.0,809778.0,103766.0,942778.0,10709.0
2020-06-24,47294.0,15346.0,18184.0,21096.0,823776.0,100752.0,952190.0,9412.0
2020-06-25,42551.0,14022.0,16414.0,19201.0,836934.0,98061.0,960734.0,8544.0
2020-06-26,38370.0,12621.0,14892.0,17456.0,848348.0,95684.0,968467.0,7733.0
2020-06-27,34356.0,11361.0,13329.0,15863.0,859656.0,93576.0,975314.0,6847.0
2020-06-28,30606.0,10058.0,12023.0,14331.0,869477.0,91836.0,981418.0,6104.0
2020-06-29,27316.0,9072.0,10803.0,12863.0,877794.0,89929.0,986901.0,5483.0
2020-06-30,24746.0,8162.0,9618.0,11576.0,885712.0,88481.0,991866.0,4965.0
2020-07-01,22015.0,7349.0,8700.0,10400.0,891551.0,87250.0,996354.0,4488.0
2020-07-02,19845.0,6552.0,7820.0,9322.0,899035.0,86117.0,1000273.0,3919.0
2020-07-03,17611.0,5960.0,7002.0,8466.0,904409.0,84820.0,1003887.0,3614.0
2020-07-04,15670.0,5365.0,6308.0,7673.0,910594.0,84090.0,1007064.0,3177.0
2020-07-05,14085.0,4616.0,5659.0,6854.0,915430.0,82999.0,1009941.0,2877.0
2020-07-06,12601.0,4109.0,5048.0,6065.0,918111.0,82762.0,1012426.0,2485.0
