time,E,I1,I2,I3,R,S,cumI,diffI
2020-03-06,1.0,2.0,1.0,0.0,0.0,970041.0,0.0,0.0
2020-03-07,1.0,1.0,1.0,0.0,0.0,973539.0,0.0,0.0
2020-03-08,1.0,0.0,1.0,0.0,0.0,980432.0,0.0,0.0
2020-03-09,0.0,1.0,1.0,0.0,0.0,987067.0,0.0,0.0
2020-03-10,1.0,1.0,0.0,1.0,0.0,991321.0,0.0,0.0
2020-03-11,2.0,1.0,1.0,0.0,1.0,997579.0,1.0,1.0
2020-03-12,2.0,0.0,3.0,0.0,0.0,1001249.0,2.0,1.0
2020-03-13,2.0,3.0,2.0,0.0,0.0,1003638.0,5.0,3.0
2020-03-14,2.0,3.0,1.0,0.0,0.0,1006145.0,7.0,2.0
2020-03-15,3.0,1.0,2.0,0.0,1.0,1007474.0,7.0,0.0
2020-03-16,2.0,0.0,1.0,0.0,3.0,1008271.0,7.0,0.0
2020-03-17,3.0,0.0,0.0,0.0,2.0,1009377.0,7.0,0.0
2020-03-18,1.0,1.0,1.0,0.0,2.0,1010127.0,9.0,2.0
2020-03-19,2.0,0.0,0.0,2.0,1.0,1011968.0,9.0,0.0
2020-03-20,2.0,0.0,0.0,0.0,4.0,1011846.0,9.0,0.0
2020-03-21,1.0,0.0,0.0,0.0,4.0,1012054.0,9.0,0.0
2020-03-22,4.0,0.0,1.0,0.0,4.0,1012965.0,9.0,0.0
2020-03-23,6.0,0.0,1.0,0.0,1.0,1012693.0,9.0,0.0
2020-03-24,6.0,2.0,1.0,1.0,1.0,1014226.0,11.0,2.0
2020-03-25,8.0,0.0,0.0,3.0,1.0,1014919.0,11.0,0.0
2020-03-26,6.0,1.0,0.0,2.0,6.0,1014120.0,13.0,2.0
2020-03-27,13.0,5.0,0.0,3.0,4.0,1014941.0,16.0,3.0
2020-03-28,21.0,4.0,1.0,2.0,7.0,1015969.0,18.0,2.0
2020-03-29,22.0,7.0,2.0,4.0,13.0,1015787.0,23.0,5.0
2020-03-30,25.0,4.0,5.0,1.0,15.0,1015910.0,25.0,2.0
2020-03-31,27.0,6.0,4.0,4.0,15.0,1015657.0,29.0,4.0
2020-04-01,30.0,6.0,8.0,9.0,15.0,1016525.0,34.0,5.0
2020-04-02,32.0,8.0,4.0,7.0,20.0,1015899.0,37.0,3.0
2020-04-03,38.0,7.0,7.0,7.0,27.0,1015747.0,45.0,8.0
2020-04-04,45.0,8.0,7.0,8.0,32.0,1016278.0,53.0,8.0
2020-04-05,48.0,9.0,14.0,9.0,26.0,1016595.0,59.0,6.0
2020-04-06,60.0,10.0,12.0,8.0,36.0,1017389.0,71.0,12.0
2020-04-07,74.0,16.0,9.0,11.0,43.0,1018188.0,88.0,17.0
2020-04-08,78.0,15.0,17.0,7.0,53.0,1017698.0,94.0,6.0
2020-04-09,89.0,18.0,13.0,13.0,59.0,1018261.0,107.0,13.0
2020-04-10,116.0,19.0,12.0,11.0,69.0,1018628.0,120.0,13.0
2020-04-11,114.0,29.0,12.0,12.0,81.0,1018712.0,136.0,16.0
2020-04-12,121.0,31.0,22.0,15.0,89.0,1018675.0,164.0,28.0
2020-04-13,148.0,35.0,24.0,23.0,91.0,1017956.0,196.0,32.0
2020-04-14,163.0,39.0,29.0,27.0,102.0,1018965.0,228.0,32.0
2020-04-15,196.0,36.0,32.0,38.0,120.0,1017945.0,256.0,28.0
2020-04-16,255.0,51.0,41.0,36.0,150.0,1018970.0,297.0,41.0
2020-04-17,299.0,58.0,46.0,32.0,175.0,1019624.0,339.0,42.0
2020-04-18,322.0,69.0,53.0,49.0,200.0,1019107.0,389.0,50.0
2020-04-19,398.0,74.0,69.0,50.0,218.0,1020282.0,452.0,63.0
2020-04-20,432.0,89.0,79.0,55.0,265.0,1019865.0,528.0,76.0
2020-04-21,515.0,105.0,87.0,59.0,323.0,1020429.0,610.0,82.0
2020-04-22,575.0,143.0,96.0,87.0,382.0,1019285.0,724.0,114.0
2020-04-23,705.0,154.0,121.0,98.0,444.0,1018752.0,838.0,114.0
2020-04-24,848.0,182.0,159.0,123.0,553.0,1019214.0,986.0,148.0
2020-04-25,987.0,208.0,174.0,130.0,611.0,1020231.0,1139.0,153.0
2020-04-26,1183.0,257.0,205.0,179.0,672.0,1018845.0,1333.0,194.0
2020-04-27,1344.0,316.0,237.0,236.0,780.0,1018034.0,1570.0,237.0
2020-04-28,1596.0,346.0,272.0,259.0,949.0,1017873.0,1849.0,279.0
2020-04-29,1898.0,396.0,333.0,285.0,1121.0,1018110.0,2178.0,329.0
2020-04-30,2208.0,477.0,381.0,288.0,1354.0,1016178.0,2556.0,378.0
2020-05-01,2585.0,580.0,457.0,358.0,1537.0,1016695.0,2996.0,440.0
2020-05-02,3101.0,673.0,547.0,407.0,1795.0,1016410.0,3558.0,562.0
2020-05-03,3618.0,795.0,629.0,505.0,2068.0,1014915.0,4184.0,626.0
2020-05-04,4179.0,940.0,683.0,588.0,2448.0,1014456.0,4867.0,683.0
2020-05-05,4752.0,1043.0,831.0,644.0,2842.0,1012913.0,5638.0,771.0
2020-05-06,5620.0,1264.0,984.0,757.0,3314.0,1011898.0,6605.0,967.0
2020-05-07,6592.0,1443.0,1197.0,886.0,3921.0,1008819.0,7746.0,1141.0
2020-05-08,7721.0,1703.0,1367.0,1140.0,4545.0,1006370.0,9074.0,1328.0
2020-05-09,9039.0,1985.0,1631.0,1317.0,5200.0,1003844.0,10599.0,1525.0
2020-05-10,10647.0,2307.0,1815.0,1455.0,6223.0,999779.0,12356.0,1757.0
2020-05-11,12333.0,2740.0,2128.0,1748.0,7110.0,996787.0,14521.0,2165.0
2020-05-12,14328.0,3199.0,2559.0,1906.0,8350.0,992013.0,16976.0,2455.0
2020-05-13,16886.0,3655.0,2978.0,2317.0,9736.0,987930.0,19820.0,2844.0
2020-05-14,19373.0,4197.0,3486.0,2770.0,11261.0,981371.0,23097.0,3277.0
2020-05-15,22403.0,4890.0,3940.0,3319.0,13198.0,975664.0,26901.0,3804.0
2020-05-16,25883.0,5722.0,4530.0,3698.0,15384.0,968156.0,31240.0,4339.0
2020-05-17,30128.0,6580.0,5340.0,4441.0,17741.0,959429.0,36280.0,5040.0
2020-05-18,34719.0,7663.0,6282.0,5091.0,20754.0,949624.0,42189.0,5909.0
2020-05-19,39765.0,8900.0,7173.0,5838.0,24171.0,937748.0,49057.0,6868.0
2020-05-20,45347.0,10128.0,8273.0,6679.0,28335.0,925022.0,56789.0,7732.0
2020-05-21,51966.0,11934.0,9700.0,7568.0,33131.0,910475.0,65818.0,9029.0
2020-05-22,59728.0,13382.0,11116.0,9132.0,38632.0,893938.0,75965.0,10147.0
2020-05-23,67630.0,15371.0,12693.0,10337.0,44667.0,875206.0,87788.0,11823.0
2020-05-24,76678.0,17529.0,14390.0,11927.0,51985.0,852336.0,101201.0,13413.0
2020-05-25,86299.0,19581.0,16563.0,13533.0,59916.0,828609.0,116208.0,15007.0
2020-05-26,97029.0,21949.0,18945.0,15542.0,69559.0,802005.0,132964.0,16756.0
2020-05-27,107108.0,24740.0,20993.0,17696.0,80080.0,774144.0,151829.0,18865.0
2020-05-28,118598.0,27565.0,23176.0,19842.0,91888.0,745314.0,172408.0,20579.0
2020-05-29,129799.0,30797.0,26317.0,22057.0,105316.0,712040.0,195418.0,23010.0
2020-05-30,141055.0,33897.0,29200.0,24567.0,120348.0,677627.0,220614.0,25196.0
2020-05-31,152092.0,37063.0,31978.0,27519.0,136842.0,641214.0,247953.0,27339.0
2020-06-01,162683.0,40041.0,35024.0,30374.0,155238.0,603158.0,277470.0,29517.0
2020-06-02,172788.0,43008.0,38101.0,33319.0,175876.0,564963.0,308810.0,31340.0
2020-06-03,180526.0,45551.0,40965.0,36226.0,198330.0,525847.0,341712.0,32902.0
2020-06-04,187359.0,47606.0,43567.0,39110.0,223279.0,487839.0,375956.0,34244.0
2020-06-05,191520.0,49606.0,46007.0,41930.0,248976.0,448731.0,410931.0,34975.0
2020-06-06,194593.0,51122.0,47455.0,44850.0,276980.0,413291.0,446862.0,35931.0
2020-06-07,195196.0,52071.0,49435.0,46659.0,306338.0,378347.0,483189.0,36327.0
2020-06-08,193506.0,52440.0,50895.0,47990.0,336772.0,345795.0,519721.0,36532.0
2020-06-09,189535.0,52686.0,51447.0,49622.0,367570.0,315767.0,555885.0,36164.0
2020-06-10,184638.0,52097.0,51752.0,50141.0,400094.0,288309.0,591341.0,35456.0
2020-06-11,177837.0,50673.0,51286.0,51123.0,431731.0,263745.0,625584.0,34243.0
2020-06-12,170240.0,49326.0,50522.0,51173.0,465553.0,240838.0,658397.0,32813.0
2020-06-13,161621.0,47323.0,49525.0,50479.0,497539.0,220811.0,689700.0,31303.0
2020-06-14,152098.0,45037.0,47909.0,49094.0,530191.0,203149.0,719112.0,29412.0
2020-06-15,142436.0,42747.0,45608.0,47728.0,561302.0,188012.0,747208.0,28096.0
2020-06-16,132594.0,40025.0,43463.0,46006.0,591884.0,173905.0,773199.0,25991.0
2020-06-17,122568.0,37465.0,41055.0,44047.0,619998.0,162008.0,797474.0,24275.0
2020-06-18,112823.0,34883.0,38477.0,42017.0,648007.0,151694.0,819970.0,22496.0
2020-06-19,103635.0,32659.0,36268.0,39706.0,673632.0,142568.0,840582.0,20612.0
2020-06-20,94766.0,30007.0,33509.0,37580.0,699406.0,134555.0,859570.0,18988.0
2020-06-21,86515.0,27680.0,31163.0,34884.0,722467.0,127355.0,876879.0,17309.0
2020-06-22,78536.0,25002.0,28936.0,32188.0,742978.0,121028.0,892482.0,15603.0
2020-06-23,70916.0,22825.0,26332.0,29689.0,762611.0,115668.0,906599.0,14117.0
2020-06-24,63894.0,20601.0,23881.0,27745.0,781204.0,111076.0,919392.0,12793.0
2020-06-25,57946.0,18672.0,21592.0,25157.0,799208.0,107033.0,930855.0,11463.0
2020-06-26,52068.0,16920.0,19763.0,22846.0,815156.0,102755.0,941250.0,10395.0
2020-06-27,46832.0,15167.0,17880.0,20946.0,828883.0,99794.0,950667.0,9417.0
2020-06-28,42232.0,13400.0,16065.0,18878.0,840710.0,97346.0,958947.0,8280.0
2020-06-29,37800.0,12218.0,14523.0,17158.0,852944.0,94725.0,966481.0,7534.0
2020-06-30,33797.0,10994.0,13221.0,15482.0,864414.0,92743.0,973374.0,6893.0
2020-07-01,30185.0,10122.0,11774.0,13907.0,872645.0,90357.0,979500.0,6126.0
2020-07-02,26799.0,8915.0,10590.0,12588.0,881033.0,88361.0,984919.0,5419.0
2020-07-03,23987.0,7953.0,9545.0,11310.0,887975.0,86741.0,989701.0,4782.0
2020-07-04,21465.0,7105.0,8533.0,10333.0,893705.0,85684.0,994046.0,4345.0
2020-07-05,18959.0,6408.0,7697.0,9241.0,901964.0,85091.0,997926.0,3880.0
2020-07-06,16932.0,5732.0,6860.0,8370.0,906570.0,83790.0,1001430.0,3504.0
