time,E,I1,I2,I3,R,S,cumI,diffI
2020-03-06,0.0,3.0,0.0,0.0,0.0,970626.0,0.0,0.0
2020-03-07,1.0,2.0,0.0,1.0,0.0,972335.0,0.0,0.0
2020-03-08,1.0,1.0,1.0,1.0,0.0,980062.0,0.0,0.0
2020-03-09,1.0,0.0,1.0,0.0,1.0,985647.0,0.0,0.0
2020-03-10,2.0,0.0,1.0,0.0,2.0,992179.0,0.0,0.0
2020-03-11,1.0,0.0,0.0,0.0,2.0,996778.0,0.0,0.0
2020-03-12,0.0,0.0,0.0,0.0,2.0,999184.0,0.0,0.0
2020-03-13,1.0,0.0,0.0,0.0,1.0,1004174.0,0.0,0.0
2020-03-14,0.0,0.0,0.0,0.0,1.0,1006120.0,0.0,0.0
2020-03-15,0.0,0.0,0.0,0.0,2.0,1006809.0,0.0,0.0
2020-03-16,0.0,0.0,0.0,0.0,1.0,1008179.0,0.0,0.0
2020-03-17,0.0,0.0,0.0,0.0,1.0,1008920.0,0.0,0.0
2020-03-18,0.0,1.0,0.0,0.0,1.0,1010670.0,0.0,0.0
2020-03-19,3.0,0.0,1.0,0.0,1.0,1011870.0,0.0,0.0
2020-03-20,1.0,0.0,0.0,0.0,0.0,1011934.0,0.0,0.0
2020-03-21,1.0,0.0,0.0,0.0,0.0,1012251.0,0.0,0.0
2020-03-22,1.0,0.0,0.0,0.0,1.0,1013136.0,0.0,0.0
2020-03-23,2.0,0.0,0.0,0.0,1.0,1014382.0,0.0,0.0
2020-03-24,1.0,1.0,0.0,0.0,0.0,1015065.0,1.0,1.0
2020-03-25,0.0,2.0,1.0,0.0,0.0,1015408.0,2.0,1.0
2020-03-26,4.0,1.0,1.0,0.0,0.0,1015480.0,2.0,0.0
2020-03-27,2.0,0.0,2.0,0.0,0.0,1016568.0,2.0,0.0
2020-03-28,2.0,0.0,0.0,0.0,1.0,1016460.0,2.0,0.0
2020-03-29,2.0,0.0,0.0,0.0,2.0,1015344.0,2.0,0.0
2020-03-30,3.0,0.0,1.0,0.0,2.0,1015509.0,2.0,0.0
2020-03-31,2.0,1.0,2.0,0.0,2.0,1015269.0,3.0,1.0
2020-04-01,5.0,2.0,1.0,0.0,1.0,1015686.0,5.0,2.0
2020-04-02,5.0,0.0,0.0,3.0,2.0,1015771.0,5.0,0.0
2020-04-03,10.0,1.0,1.0,2.0,4.0,1016024.0,7.0,2.0
2020-04-04,7.0,0.0,2.0,0.0,6.0,1016397.0,8.0,1.0
2020-04-05,11.0,0.0,1.0,2.0,5.0,1017391.0,9.0,1.0
2020-04-06,6.0,0.0,0.0,3.0,8.0,1017946.0,9.0,0.0
2020-04-07,15.0,2.0,0.0,2.0,6.0,1017967.0,9.0,0.0
2020-04-08,12.0,4.0,2.0,2.0,4.0,1018216.0,13.0,4.0
2020-04-09,14.0,5.0,4.0,1.0,5.0,1018193.0,17.0,4.0
2020-04-10,14.0,6.0,2.0,1.0,8.0,1017648.0,20.0,3.0
2020-04-11,21.0,3.0,2.0,3.0,6.0,1018222.0,22.0,2.0
2020-04-12,26.0,8.0,1.0,2.0,9.0,1018630.0,27.0,5.0
2020-04-13,27.0,6.0,4.0,3.0,9.0,1018243.0,30.0,3.0
2020-04-14,27.0,4.0,11.0,1.0,14.0,1018807.0,40.0,10.0
2020-04-15,38.0,4.0,13.0,2.0,12.0,1019814.0,46.0,6.0
2020-04-16,41.0,7.0,7.0,4.0,22.0,1018353.0,52.0,6.0
2020-04-17,40.0,7.0,5.0,2.0,22.0,1019177.0,60.0,8.0
2020-04-18,47.0,10.0,12.0,4.0,23.0,1019320.0,70.0,10.0
2020-04-19,53.0,14.0,16.0,5.0,27.0,1019590.0,84.0,14.0
2020-04-20,74.0,14.0,13.0,13.0,44.0,1019850.0,93.0,9.0
2020-04-21,71.0,22.0,12.0,15.0,43.0,1019124.0,114.0,21.0
2020-04-22,94.0,18.0,13.0,14.0,41.0,1019324.0,124.0,10.0
2020-04-23,118.0,20.0,17.0,17.0,56.0,1020329.0,143.0,19.0
2020-04-24,109.0,17.0,28.0,6.0,70.0,1020072.0,156.0,13.0
2020-04-25,142.0,26.0,25.0,17.0,83.0,1019760.0,176.0,20.0
2020-04-26,154.0,39.0,26.0,17.0,85.0,1020370.0,205.0,29.0
2020-04-27,179.0,38.0,25.0,19.0,101.0,1020877.0,228.0,23.0
2020-04-28,216.0,36.0,41.0,26.0,119.0,1020201.0,256.0,28.0
2020-04-29,255.0,51.0,49.0,36.0,153.0,1021151.0,300.0,44.0
2020-04-30,306.0,76.0,50.0,44.0,169.0,1021708.0,356.0,56.0
2020-05-01,357.0,81.0,69.0,49.0,214.0,1021078.0,420.0,64.0
2020-05-02,416.0,84.0,74.0,63.0,260.0,1020876.0,478.0,58.0
2020-05-03,473.0,108.0,98.0,66.0,302.0,1022191.0,576.0,98.0
2020-05-04,550.0,143.0,97.0,70.0,323.0,1022257.0,686.0,110.0
2020-05-05,639.0,150.0,105.0,99.0,378.0,1023578.0,792.0,106.0
2020-05-06,730.0,182.0,124.0,110.0,456.0,1022388.0,929.0,137.0
2020-05-07,857.0,194.0,169.0,129.0,520.0,1022964.0,1079.0,150.0
2020-05-08,1049.0,253.0,179.0,153.0,570.0,1023612.0,1278.0,199.0
2020-05-09,1282.0,263.0,219.0,161.0,689.0,1024105.0,1480.0,202.0
2020-05-10,1483.0,339.0,239.0,214.0,815.0,1023116.0,1729.0,249.0
2020-05-11,1679.0,357.0,272.0,260.0,966.0,1022674.0,1997.0,268.0
2020-05-12,1931.0,396.0,347.0,306.0,1077.0,1022129.0,2323.0,326.0
2020-05-13,2294.0,483.0,412.0,319.0,1305.0,1021160.0,2703.0,380.0
2020-05-14,2682.0,546.0,484.0,373.0,1544.0,1019438.0,3168.0,465.0
2020-05-15,3004.0,698.0,541.0,425.0,1793.0,1018171.0,3761.0,593.0
2020-05-16,3615.0,793.0,620.0,505.0,2142.0,1016258.0,4342.0,581.0
2020-05-17,4203.0,902.0,732.0,598.0,2422.0,1015459.0,5019.0,677.0
2020-05-18,4919.0,1101.0,894.0,678.0,2884.0,1014520.0,5883.0,864.0
2020-05-19,5665.0,1288.0,1029.0,816.0,3339.0,1013375.0,6869.0,986.0
2020-05-20,6657.0,1514.0,1234.0,929.0,3875.0,1011532.0,8022.0,1153.0
2020-05-21,7802.0,1738.0,1417.0,1083.0,4561.0,1008958.0,9322.0,1300.0
2020-05-22,9111.0,2037.0,1628.0,1326.0,5324.0,1006550.0,10886.0,1564.0
2020-05-23,10649.0,2373.0,1858.0,1471.0,6090.0,1003049.0,12739.0,1853.0
2020-05-24,12370.0,2698.0,2146.0,1759.0,7150.0,998845.0,14783.0,2044.0
2020-05-25,14306.0,3130.0,2490.0,2038.0,8343.0,995100.0,17217.0,2434.0
2020-05-26,16493.0,3638.0,2913.0,2329.0,9631.0,989425.0,20119.0,2902.0
2020-05-27,19175.0,4148.0,3268.0,2722.0,11202.0,984486.0,23258.0,3139.0
2020-05-28,22282.0,4968.0,3904.0,3057.0,13049.0,978530.0,27102.0,3844.0
2020-05-29,25998.0,5637.0,4703.0,3686.0,15229.0,970783.0,31415.0,4313.0
2020-05-30,29952.0,6574.0,5430.0,4315.0,17809.0,962308.0,36537.0,5122.0
2020-05-31,34449.0,7653.0,6166.0,5061.0,20710.0,952847.0,42462.0,5925.0
2020-06-01,39431.0,8890.0,7203.0,5768.0,24398.0,939593.0,49349.0,6887.0
2020-06-02,45373.0,10140.0,8165.0,6855.0,28026.0,926931.0,57141.0,7792.0
2020-06-03,51720.0,11550.0,9479.0,7741.0,32815.0,912144.0,66107.0,8966.0
2020-06-04,58995.0,13431.0,10975.0,8893.0,37876.0,895002.0,76351.0,10244.0
2020-06-05,66722.0,15194.0,12479.0,10151.0,43900.0,876790.0,87850.0,11499.0
2020-06-06,75387.0,17548.0,14339.0,11668.0,50972.0,856612.0,101080.0,13230.0
2020-06-07,85191.0,19677.0,16120.0,13592.0,59014.0,833886.0,116094.0,15014.0
2020-06-08,95659.0,22021.0,18467.0,15435.0,68110.0,807999.0,132714.0,16620.0
2020-06-09,106538.0,24778.0,20714.0,17591.0,78665.0,779700.0,151548.0,18834.0
2020-06-10,117529.0,27997.0,23413.0,19528.0,90648.0,748022.0,172391.0,20843.0
2020-06-11,128878.0,30822.0,26293.0,22272.0,104173.0,714500.0,195345.0,22954.0
2020-06-12,141128.0,33885.0,29001.0,24797.0,118980.0,679052.0,220329.0,24984.0
2020-06-13,151955.0,36743.0,31993.0,27417.0,135563.0,643178.0,247540.0,27211.0
2020-06-14,162270.0,39685.0,35373.0,30199.0,154161.0,605926.0,276743.0,29203.0
2020-06-15,170699.0,42711.0,38022.0,33257.0,173969.0,567950.0,308008.0,31265.0
2020-06-16,179228.0,45365.0,40842.0,36086.0,196529.0,529521.0,340749.0,32741.0
2020-06-17,185879.0,47750.0,43079.0,39369.0,220481.0,491361.0,374594.0,33845.0
2020-06-18,191272.0,49223.0,45964.0,41557.0,246334.0,453760.0,409862.0,35268.0
2020-06-19,193987.0,51162.0,47747.0,43752.0,273322.0,417692.0,446021.0,36159.0
2020-06-20,194760.0,52025.0,49755.0,46063.0,301173.0,383043.0,482349.0,36328.0
2020-06-21,193402.0,52218.0,50769.0,47936.0,331752.0,350863.0,518678.0,36329.0
2020-06-22,190270.0,52606.0,51270.0,49560.0,362972.0,321337.0,554735.0,36057.0
2020-06-23,184705.0,51920.0,51653.0,50274.0,394982.0,293908.0,590076.0,35341.0
2020-06-24,178421.0,50484.0,51379.0,50813.0,427405.0,269121.0,624017.0,33941.0
2020-06-25,170905.0,49150.0,50599.0,50691.0,459942.0,246745.0,657043.0,33026.0
2020-06-26,162397.0,47503.0,49672.0,50162.0,492663.0,226501.0,688720.0,31677.0
2020-06-27,153420.0,45706.0,48011.0,49296.0,523757.0,208895.0,718718.0,29998.0
2020-06-28,144035.0,42985.0,46319.0,48103.0,555473.0,192762.0,746954.0,28236.0
2020-06-29,134892.0,40250.0,44223.0,46408.0,584427.0,178607.0,773180.0,26226.0
2020-06-30,124209.0,38127.0,41800.0,44324.0,614570.0,166422.0,797732.0,24552.0
2020-07-01,114769.0,35589.0,39361.0,42209.0,640959.0,155897.0,820548.0,22816.0
2020-07-02,105674.0,32803.0,36965.0,39711.0,667293.0,146525.0,841508.0,20960.0
2020-07-03,97022.0,30470.0,34261.0,37492.0,692181.0,138616.0,860676.0,19168.0
2020-07-04,88443.0,28080.0,31224.0,35246.0,714250.0,131407.0,878300.0,17624.0
2020-07-05,80557.0,25548.0,29137.0,32612.0,734198.0,124921.0,894350.0,16050.0
2020-07-06,73457.0,23397.0,26974.0,30205.0,754755.0,118928.0,909044.0,14694.0
