time,E,I1,I2,I3,R,S,cumI,diffI
2020-03-06,0.0,3.0,0.0,0.0,0.0,969533.0,0.0,0.0
2020-03-07,3.0,3.0,0.0,0.0,0.0,972544.0,0.0,0.0
2020-03-08,4.0,1.0,1.0,1.0,0.0,979270.0,0.0,0.0
2020-03-09,3.0,0.0,0.0,2.0,0.0,986733.0,0.0,0.0
2020-03-10,3.0,0.0,0.0,0.0,2.0,992740.0,0.0,0.0
2020-03-11,2.0,2.0,0.0,0.0,2.0,996195.0,1.0,1.0
2020-03-12,1.0,0.0,2.0,0.0,0.0,1000171.0,1.0,0.0
2020-03-13,2.0,0.0,0.0,2.0,0.0,1002234.0,1.0,0.0
2020-03-14,2.0,1.0,2.0,0.0,1.0,1004264.0,3.0,2.0
2020-03-15,2.0,1.0,2.0,0.0,3.0,1006059.0,4.0,1.0
2020-03-16,4.0,2.0,1.0,0.0,4.0,1008408.0,5.0,1.0
2020-03-17,3.0,1.0,1.0,0.0,6.0,1008931.0,5.0,0.0
2020-03-18,8.0,1.0,0.0,1.0,2.0,1010812.0,6.0,1.0
2020-03-19,4.0,1.0,0.0,0.0,3.0,1011918.0,7.0,1.0
2020-03-20,4.0,0.0,1.0,0.0,3.0,1012443.0,8.0,1.0
2020-03-21,3.0,2.0,0.0,1.0,3.0,1013912.0,10.0,2.0
2020-03-22,3.0,0.0,0.0,1.0,2.0,1012742.0,10.0,0.0
2020-03-23,3.0,0.0,0.0,1.0,3.0,1013238.0,10.0,0.0
2020-03-24,3.0,0.0,1.0,1.0,1.0,1014180.0,10.0,0.0
2020-03-25,5.0,0.0,1.0,0.0,3.0,1013707.0,10.0,0.0
2020-03-26,9.0,1.0,0.0,1.0,4.0,1014507.0,11.0,1.0
2020-03-27,7.0,2.0,1.0,1.0,7.0,1014235.0,13.0,2.0
2020-03-28,6.0,0.0,0.0,0.0,9.0,1014952.0,14.0,1.0
2020-03-29,11.0,0.0,1.0,1.0,9.0,1015258.0,14.0,0.0
2020-03-30,9.0,1.0,2.0,1.0,10.0,1016065.0,16.0,2.0
2020-03-31,15.0,4.0,2.0,1.0,9.0,1015836.0,20.0,4.0
2020-04-01,18.0,2.0,3.0,5.0,10.0,1015848.0,21.0,1.0
2020-04-02,27.0,4.0,2.0,7.0,10.0,1016585.0,25.0,4.0
2020-04-03,40.0,7.0,4.0,5.0,18.0,1016891.0,29.0,4.0
2020-04-04,42.0,11.0,10.0,4.0,24.0,1016670.0,37.0,8.0
2020-04-05,47.0,11.0,7.0,8.0,36.0,1017191.0,46.0,9.0
2020-04-06,60.0,11.0,11.0,6.0,37.0,1017322.0,59.0,13.0
2020-04-07,58.0,13.0,5.0,9.0,35.0,1016458.0,71.0,12.0
2020-04-08,62.0,24.0,9.0,12.0,39.0,1017534.0,88.0,17.0
2020-04-09,81.0,19.0,14.0,11.0,45.0,1017176.0,104.0,16.0
2020-04-10,86.0,14.0,23.0,14.0,47.0,1016661.0,118.0,14.0
2020-04-11,93.0,27.0,23.0,13.0,55.0,1016474.0,138.0,20.0
2020-04-12,112.0,30.0,27.0,25.0,65.0,1017887.0,155.0,17.0
2020-04-13,124.0,41.0,29.0,24.0,92.0,1017763.0,187.0,32.0
2020-04-14,165.0,41.0,33.0,25.0,109.0,1019568.0,214.0,27.0
2020-04-15,203.0,52.0,38.0,26.0,121.0,1019866.0,255.0,41.0
2020-04-16,239.0,53.0,51.0,31.0,136.0,1019543.0,299.0,44.0
2020-04-17,298.0,62.0,50.0,45.0,153.0,1019834.0,347.0,48.0
2020-04-18,350.0,70.0,54.0,38.0,202.0,1020607.0,394.0,47.0
2020-04-19,366.0,84.0,64.0,47.0,207.0,1020280.0,462.0,68.0
2020-04-20,423.0,89.0,80.0,63.0,237.0,1019514.0,540.0,78.0
2020-04-21,527.0,112.0,91.0,74.0,282.0,1019450.0,619.0,79.0
2020-04-22,588.0,152.0,104.0,89.0,335.0,1019492.0,745.0,126.0
2020-04-23,717.0,167.0,150.0,100.0,414.0,1019628.0,888.0,143.0
2020-04-24,818.0,202.0,195.0,116.0,484.0,1018619.0,1047.0,159.0
2020-04-25,977.0,213.0,176.0,156.0,580.0,1018431.0,1201.0,154.0
2020-04-26,1125.0,240.0,206.0,175.0,668.0,1019862.0,1409.0,208.0
2020-04-27,1344.0,285.0,242.0,189.0,796.0,1019934.0,1632.0,223.0
2020-04-28,1603.0,346.0,274.0,207.0,920.0,1020837.0,1887.0,255.0
2020-04-29,1879.0,402.0,344.0,254.0,1062.0,1020758.0,2217.0,330.0
2020-04-30,2080.0,483.0,379.0,321.0,1267.0,1020173.0,2605.0,388.0
2020-05-01,2484.0,523.0,461.0,366.0,1477.0,1019917.0,3029.0,424.0
2020-05-02,2892.0,635.0,548.0,403.0,1729.0,1018617.0,3538.0,509.0
2020-05-03,3429.0,764.0,579.0,511.0,1999.0,1016488.0,4115.0,577.0
2020-05-04,3970.0,884.0,729.0,581.0,2358.0,1015226.0,4801.0,686.0
2020-05-05,4757.0,1054.0,785.0,702.0,2721.0,1013041.0,5580.0,779.0
2020-05-06,5527.0,1185.0,969.0,745.0,3202.0,1011950.0,6521.0,941.0
2020-05-07,6331.0,1398.0,1047.0,899.0,3713.0,1011053.0,7608.0,1087.0
2020-05-08,7441.0,1682.0,1296.0,1012.0,4354.0,1008374.0,8874.0,1266.0
2020-05-09,8749.0,1905.0,1565.0,1254.0,4968.0,1005503.0,10354.0,1480.0
2020-05-10,10150.0,2272.0,1803.0,1415.0,5931.0,1002276.0,12125.0,1771.0
2020-05-11,11873.0,2571.0,2102.0,1651.0,7073.0,999325.0,14088.0,1963.0
2020-05-12,13818.0,2988.0,2394.0,1966.0,8087.0,994908.0,16388.0,2300.0
2020-05-13,15998.0,3527.0,2793.0,2255.0,9518.0,990634.0,19111.0,2723.0
2020-05-14,18478.0,4120.0,3202.0,2643.0,11048.0,985548.0,22257.0,3146.0
2020-05-15,21653.0,4631.0,3823.0,3088.0,12933.0,977379.0,25785.0,3528.0
2020-05-16,25017.0,5442.0,4471.0,3520.0,15235.0,970637.0,30095.0,4310.0
2020-05-17,28902.0,6590.0,5276.0,4183.0,17646.0,962015.0,35158.0,5063.0
2020-05-18,33109.0,7644.0,6064.0,4934.0,20435.0,952525.0,40988.0,5830.0
2020-05-19,38628.0,8741.0,6926.0,5601.0,23722.0,941314.0,47551.0,6563.0
2020-05-20,44134.0,9896.0,8162.0,6490.0,27895.0,930207.0,55116.0,7565.0
2020-05-21,50734.0,11373.0,9276.0,7504.0,32268.0,914412.0,63821.0,8705.0
2020-05-22,58177.0,13009.0,10734.0,8695.0,36965.0,898288.0,73825.0,10004.0
2020-05-23,65858.0,14872.0,12336.0,9875.0,42983.0,879291.0,85090.0,11265.0
2020-05-24,74840.0,16812.0,14215.0,11475.0,50205.0,859408.0,97936.0,12846.0
2020-05-25,84165.0,19028.0,16175.0,13361.0,58255.0,835176.0,112682.0,14746.0
2020-05-26,94202.0,21712.0,17966.0,15049.0,66982.0,807675.0,129099.0,16417.0
2020-05-27,105203.0,24417.0,20599.0,16942.0,77324.0,780565.0,147491.0,18392.0
2020-05-28,116633.0,27523.0,23139.0,19263.0,89120.0,751322.0,168138.0,20647.0
2020-05-29,128310.0,30310.0,25980.0,21803.0,102083.0,719382.0,190936.0,22798.0
2020-05-30,139454.0,33173.0,28747.0,24552.0,117041.0,685152.0,215716.0,24780.0
2020-05-31,150282.0,36522.0,31771.0,27278.0,133339.0,648286.0,242798.0,27082.0
2020-06-01,161293.0,39583.0,34683.0,29934.0,151671.0,610365.0,271765.0,28967.0
2020-06-02,170871.0,42527.0,37393.0,32839.0,171825.0,572454.0,302871.0,31106.0
2020-06-03,178584.0,44923.0,39985.0,35788.0,193595.0,535172.0,335326.0,32455.0
2020-06-04,185467.0,47132.0,42865.0,38117.0,217490.0,496811.0,369354.0,34028.0
2020-06-05,190561.0,48701.0,45175.0,41306.0,242859.0,458433.0,404309.0,34955.0
2020-06-06,193476.0,50628.0,47222.0,43496.0,269838.0,422515.0,440209.0,35900.0
2020-06-07,194610.0,51798.0,49287.0,45568.0,298325.0,386894.0,476714.0,36505.0
2020-06-08,193709.0,52112.0,50506.0,47501.0,327873.0,354350.0,512883.0,36169.0
2020-06-09,190065.0,52652.0,51341.0,49063.0,358527.0,324045.0,549180.0,36297.0
2020-06-10,185302.0,52091.0,51937.0,49966.0,390242.0,296913.0,584572.0,35392.0
2020-06-11,179164.0,50997.0,51804.0,50794.0,422598.0,271471.0,619182.0,34610.0
2020-06-12,171719.0,49745.0,50937.0,51021.0,455555.0,248611.0,652440.0,33258.0
2020-06-13,163715.0,47936.0,49858.0,50454.0,488202.0,227346.0,684392.0,31952.0
2020-06-14,154571.0,45442.0,48416.0,50073.0,521121.0,209212.0,714482.0,30090.0
2020-06-15,145604.0,43323.0,46116.0,48790.0,552352.0,192895.0,742875.0,28393.0
2020-06-16,135766.0,40898.0,43934.0,46751.0,582829.0,178355.0,769475.0,26600.0
2020-06-17,125508.0,38270.0,41749.0,44623.0,611125.0,165926.0,793971.0,24496.0
2020-06-18,115565.0,35682.0,39297.0,42717.0,639199.0,155209.0,816913.0,22942.0
2020-06-19,106185.0,32708.0,36607.0,40449.0,665342.0,146040.0,837656.0,20743.0
2020-06-20,96995.0,30424.0,33853.0,38043.0,690517.0,137150.0,857080.0,19424.0
2020-06-21,88582.0,28233.0,31670.0,35370.0,713332.0,129677.0,875016.0,17936.0
2020-06-22,80162.0,26065.0,29407.0,32849.0,735694.0,123262.0,891284.0,16268.0
2020-06-23,73219.0,23357.0,26948.0,30286.0,756183.0,117796.0,905802.0,14518.0
2020-06-24,66077.0,21415.0,24527.0,28248.0,773760.0,113087.0,919064.0,13262.0
2020-06-25,60130.0,19255.0,22398.0,25832.0,790670.0,109046.0,930966.0,11902.0
2020-06-26,54190.0,17525.0,20584.0,23646.0,806308.0,105220.0,941897.0,10931.0
2020-06-27,49001.0,15927.0,18686.0,21767.0,820688.0,101885.0,951694.0,9797.0
2020-06-28,44076.0,14206.0,17124.0,19858.0,834742.0,98934.0,960454.0,8760.0
2020-06-29,39749.0,12815.0,15315.0,17884.0,846431.0,96852.0,968306.0,7852.0
2020-06-30,35546.0,11617.0,13667.0,16198.0,857882.0,94273.0,975488.0,7182.0
2020-07-01,31952.0,10482.0,12341.0,14679.0,866593.0,92418.0,981975.0,6487.0
2020-07-02,28538.0,9348.0,11230.0,13248.0,875392.0,90557.0,987636.0,5661.0
2020-07-03,25700.0,8298.0,9951.0,11881.0,882705.0,88925.0,992813.0,5177.0
2020-07-04,22864.0,7477.0,8837.0,10749.0,889840.0,87176.0,997397.0,4584.0
2020-07-05,20286.0,6685.0,8130.0,9476.0,896337.0,86416.0,1001481.0,4084.0
2020-07-06,18264.0,5954.0,7207.0,8579.0,902903.0,85147.0,1005141.0,3660.0
