time,E,I1,I2,I3,R,S,cumI,diffI
2020-03-06,0.0,2.0,0.0,0.0,0.0,970301.0,0.0,0.0
2020-03-07,0.0,0.0,1.0,0.0,0.0,972916.0,0.0,0.0
2020-03-08,1.0,0.0,0.0,0.0,1.0,980434.0,0.0,0.0
2020-03-09,1.0,0.0,0.0,0.0,1.0,987628.0,0.0,0.0
2020-03-10,1.0,0.0,0.0,0.0,2.0,993906.0,0.0,0.0
2020-03-11,0.0,0.0,0.0,0.0,1.0,998079.0,0.0,0.0
2020-03-12,0.0,0.0,0.0,0.0,0.0,1001353.0,0.0,0.0
2020-03-13,0.0,0.0,0.0,0.0,0.0,1003573.0,0.0,0.0
2020-03-14,0.0,0.0,0.0,0.0,0.0,1004524.0,0.0,0.0
2020-03-15,0.0,0.0,0.0,0.0,0.0,1006056.0,0.0,0.0
2020-03-16,0.0,0.0,0.0,0.0,0.0,1008742.0,0.0,0.0
2020-03-17,0.0,0.0,0.0,0.0,1.0,1010567.0,0.0,0.0
2020-03-18,0.0,0.0,0.0,0.0,1.0,1010004.0,0.0,0.0
2020-03-19,0.0,0.0,0.0,0.0,3.0,1012426.0,0.0,0.0
2020-03-20,0.0,0.0,0.0,0.0,1.0,1012955.0,0.0,0.0
2020-03-21,0.0,0.0,0.0,0.0,1.0,1013712.0,0.0,0.0
2020-03-22,0.0,0.0,0.0,0.0,0.0,1015414.0,0.0,0.0
2020-03-23,1.0,0.0,0.0,0.0,1.0,1015561.0,0.0,0.0
2020-03-24,1.0,0.0,0.0,0.0,2.0,1015707.0,0.0,0.0
2020-03-25,1.0,1.0,2.0,0.0,2.0,1014185.0,1.0,1.0
2020-03-26,5.0,1.0,1.0,1.0,2.0,1014743.0,1.0,0.0
2020-03-27,3.0,0.0,1.0,0.0,2.0,1013386.0,1.0,0.0
2020-03-28,3.0,0.0,0.0,0.0,1.0,1013950.0,1.0,0.0
2020-03-29,5.0,0.0,0.0,0.0,3.0,1014698.0,1.0,0.0
2020-03-30,6.0,1.0,2.0,0.0,2.0,1015529.0,4.0,3.0
2020-03-31,5.0,1.0,3.0,0.0,3.0,1016076.0,5.0,1.0
2020-04-01,7.0,0.0,3.0,2.0,2.0,1016016.0,6.0,1.0
2020-04-02,15.0,2.0,1.0,3.0,5.0,1016248.0,7.0,1.0
2020-04-03,13.0,2.0,1.0,0.0,7.0,1017165.0,9.0,2.0
2020-04-04,16.0,2.0,0.0,1.0,5.0,1017505.0,9.0,0.0
2020-04-05,10.0,1.0,1.0,0.0,6.0,1018677.0,10.0,1.0
2020-04-06,7.0,4.0,2.0,0.0,7.0,1017557.0,14.0,4.0
2020-04-07,15.0,3.0,1.0,1.0,10.0,1016251.0,17.0,3.0
2020-04-08,17.0,2.0,0.0,4.0,9.0,1016379.0,19.0,2.0
2020-04-09,16.0,9.0,1.0,2.0,9.0,1016657.0,23.0,4.0
2020-04-10,23.0,5.0,3.0,1.0,7.0,1017448.0,26.0,3.0
2020-04-11,25.0,8.0,2.0,2.0,11.0,1018050.0,31.0,5.0
2020-04-12,33.0,6.0,5.0,3.0,17.0,1018717.0,37.0,6.0
2020-04-13,39.0,10.0,4.0,2.0,21.0,1018488.0,40.0,3.0
2020-04-14,47.0,10.0,4.0,7.0,24.0,1019826.0,46.0,6.0
2020-04-15,52.0,8.0,8.0,4.0,26.0,1020320.0,54.0,8.0
2020-04-16,59.0,14.0,8.0,7.0,40.0,1019684.0,67.0,13.0
2020-04-17,73.0,14.0,10.0,9.0,45.0,1019993.0,80.0,13.0
2020-04-18,89.0,20.0,14.0,9.0,46.0,1019856.0,91.0,11.0
2020-04-19,91.0,28.0,13.0,17.0,59.0,1019376.0,112.0,21.0
2020-04-20,114.0,36.0,24.0,24.0,78.0,1020352.0,137.0,25.0
2020-04-21,136.0,30.0,33.0,26.0,88.0,1020535.0,162.0,25.0
2020-04-22,170.0,27.0,42.0,24.0,112.0,1021296.0,188.0,26.0
2020-04-23,226.0,31.0,37.0,37.0,137.0,1020477.0,215.0,27.0
2020-04-24,251.0,36.0,39.0,33.0,142.0,1021000.0,249.0,34.0
2020-04-25,301.0,55.0,47.0,31.0,172.0,1019808.0,305.0,56.0
2020-04-26,303.0,66.0,52.0,42.0,174.0,1019256.0,360.0,55.0
2020-04-27,338.0,70.0,58.0,44.0,205.0,1019428.0,406.0,46.0
2020-04-28,383.0,66.0,68.0,52.0,238.0,1020248.0,467.0,61.0
2020-04-29,449.0,108.0,78.0,54.0,283.0,1021188.0,557.0,90.0
2020-04-30,506.0,118.0,84.0,89.0,309.0,1020849.0,651.0,94.0
2020-05-01,625.0,146.0,114.0,79.0,390.0,1019831.0,756.0,105.0
2020-05-02,725.0,176.0,128.0,97.0,439.0,1020380.0,891.0,135.0
2020-05-03,892.0,205.0,146.0,125.0,490.0,1020714.0,1052.0,161.0
2020-05-04,1076.0,241.0,188.0,122.0,610.0,1021652.0,1244.0,192.0
2020-05-05,1221.0,261.0,239.0,172.0,698.0,1020132.0,1442.0,198.0
2020-05-06,1435.0,330.0,251.0,197.0,797.0,1019671.0,1694.0,252.0
2020-05-07,1735.0,377.0,297.0,236.0,930.0,1019350.0,1992.0,298.0
2020-05-08,1998.0,422.0,355.0,265.0,1119.0,1017913.0,2325.0,333.0
2020-05-09,2275.0,541.0,442.0,329.0,1339.0,1017457.0,2751.0,426.0
2020-05-10,2658.0,562.0,498.0,397.0,1599.0,1016844.0,3206.0,455.0
2020-05-11,3084.0,639.0,558.0,470.0,1896.0,1015871.0,3731.0,525.0
2020-05-12,3611.0,774.0,662.0,529.0,2203.0,1015872.0,4355.0,624.0
2020-05-13,4239.0,857.0,787.0,646.0,2558.0,1013928.0,5049.0,694.0
2020-05-14,5025.0,1070.0,910.0,721.0,2949.0,1013031.0,5904.0,855.0
2020-05-15,5861.0,1292.0,1014.0,817.0,3484.0,1011081.0,6931.0,1027.0
2020-05-16,6910.0,1475.0,1157.0,1045.0,3922.0,1008846.0,8069.0,1138.0
2020-05-17,8099.0,1790.0,1385.0,1148.0,4609.0,1008106.0,9447.0,1378.0
2020-05-18,9310.0,2128.0,1598.0,1321.0,5477.0,1006121.0,11073.0,1626.0
2020-05-19,11016.0,2448.0,1985.0,1555.0,6354.0,1003036.0,12955.0,1882.0
2020-05-20,12808.0,2867.0,2270.0,1843.0,7515.0,998288.0,15189.0,2234.0
2020-05-21,14903.0,3328.0,2635.0,2248.0,8759.0,994116.0,17760.0,2571.0
2020-05-22,17449.0,3740.0,3129.0,2478.0,10265.0,989894.0,20708.0,2948.0
2020-05-23,20330.0,4367.0,3609.0,2952.0,11823.0,983686.0,24151.0,3443.0
2020-05-24,23592.0,5181.0,4104.0,3494.0,13868.0,975460.0,28163.0,4012.0
2020-05-25,27360.0,6091.0,4826.0,3957.0,16239.0,967772.0,32937.0,4774.0
2020-05-26,31655.0,6933.0,5608.0,4475.0,18912.0,959188.0,38318.0,5381.0
2020-05-27,36230.0,7977.0,6600.0,5177.0,22017.0,948026.0,44530.0,6212.0
2020-05-28,41779.0,9376.0,7414.0,6133.0,25615.0,935669.0,51628.0,7098.0
2020-05-29,47655.0,10694.0,8710.0,7131.0,29720.0,921797.0,59837.0,8209.0
2020-05-30,54570.0,12353.0,10145.0,8209.0,34806.0,906241.0,69277.0,9440.0
2020-05-31,62481.0,14051.0,11522.0,9378.0,40344.0,888249.0,79850.0,10573.0
2020-06-01,70492.0,15915.0,13173.0,10681.0,46930.0,868216.0,92106.0,12256.0
2020-06-02,79957.0,18139.0,15137.0,12241.0,54330.0,847737.0,105930.0,13824.0
2020-06-03,89353.0,20629.0,16968.0,14320.0,62570.0,823106.0,121546.0,15616.0
2020-06-04,99740.0,23256.0,19364.0,15997.0,72181.0,794969.0,139150.0,17604.0
2020-06-05,111082.0,25654.0,21939.0,18387.0,83309.0,766974.0,158569.0,19419.0
2020-06-06,122653.0,28775.0,24320.0,20701.0,95680.0,734835.0,180147.0,21578.0
2020-06-07,134056.0,31692.0,27210.0,23070.0,110043.0,700933.0,203804.0,23657.0
2020-06-08,145375.0,35302.0,30184.0,25819.0,125701.0,664539.0,229931.0,26127.0
2020-06-09,156357.0,38133.0,33270.0,28977.0,142836.0,627254.0,257705.0,27774.0
2020-06-10,166299.0,41143.0,36351.0,31372.0,162135.0,589702.0,287578.0,29873.0
2020-06-11,175160.0,43763.0,38936.0,34284.0,183061.0,549705.0,319333.0,31755.0
2020-06-12,182680.0,46345.0,41890.0,37074.0,206432.0,511839.0,352671.0,33338.0
2020-06-13,188724.0,48406.0,44743.0,40218.0,230503.0,473900.0,387267.0,34596.0
2020-06-14,192447.0,50486.0,46655.0,42735.0,257743.0,435653.0,423067.0,35800.0
2020-06-15,194408.0,51611.0,48689.0,44902.0,286735.0,399953.0,459299.0,36232.0
2020-06-16,194514.0,52352.0,50436.0,47101.0,316197.0,367017.0,495830.0,36531.0
2020-06-17,192190.0,52965.0,51306.0,48751.0,346368.0,336105.0,532587.0,36757.0
2020-06-18,187774.0,52224.0,51771.0,49817.0,378430.0,306900.0,568377.0,35790.0
2020-06-19,182323.0,51276.0,51681.0,50675.0,411183.0,280113.0,603209.0,34832.0
2020-06-20,175465.0,50087.0,51242.0,50784.0,444269.0,256525.0,637015.0,33806.0
2020-06-21,167248.0,48174.0,49973.0,50906.0,476819.0,235059.0,669422.0,32407.0
2020-06-22,158379.0,46237.0,48548.0,50154.0,509590.0,215599.0,700220.0,30798.0
2020-06-23,148777.0,43944.0,46845.0,48455.0,541508.0,198111.0,729123.0,28903.0
2020-06-24,139001.0,41786.0,45168.0,47373.0,572944.0,183507.0,756393.0,27270.0
2020-06-25,129271.0,39657.0,42774.0,45738.0,602163.0,170164.0,781999.0,25606.0
2020-06-26,119279.0,37138.0,39933.0,43580.0,630808.0,158772.0,805531.0,23532.0
2020-06-27,110138.0,33988.0,38068.0,40821.0,657703.0,148980.0,827054.0,21523.0
2020-06-28,101183.0,31762.0,35350.0,38685.0,682893.0,140115.0,847108.0,20054.0
2020-06-29,92443.0,28898.0,32755.0,36523.0,706147.0,132078.0,865408.0,18300.0
2020-06-30,84096.0,26623.0,29823.0,33884.0,728467.0,125308.0,882243.0,16835.0
2020-07-01,76015.0,24270.0,27724.0,31321.0,748326.0,119374.0,897484.0,15241.0
2020-07-02,68743.0,22135.0,25312.0,29195.0,767512.0,113952.0,911140.0,13656.0
2020-07-03,62226.0,20027.0,23015.0,26662.0,785122.0,109247.0,923433.0,12293.0
2020-07-04,56079.0,18055.0,21085.0,24379.0,803080.0,105258.0,934614.0,11181.0
2020-07-05,50506.0,16500.0,18920.0,22229.0,817703.0,101968.0,944751.0,10137.0
2020-07-06,45751.0,14839.0,17359.0,20362.0,831646.0,99187.0,953898.0,9147.0
