time,E,I1,I2,I3,R,S,cumI,diffI
2020-03-06,0.0,3.0,0.0,0.0,0.0,969580.0,0.0,0.0
2020-03-07,0.0,0.0,0.0,0.0,0.0,971557.0,0.0,0.0
2020-03-08,0.0,0.0,0.0,0.0,0.0,978997.0,0.0,0.0
2020-03-09,3.0,0.0,0.0,0.0,0.0,985326.0,0.0,0.0
2020-03-10,1.0,0.0,0.0,0.0,0.0,991748.0,0.0,0.0
2020-03-11,1.0,0.0,0.0,0.0,0.0,996577.0,0.0,0.0
2020-03-12,1.0,0.0,0.0,0.0,0.0,999755.0,0.0,0.0
2020-03-13,2.0,0.0,0.0,0.0,0.0,1002613.0,0.0,0.0
2020-03-14,1.0,0.0,0.0,0.0,0.0,1005433.0,0.0,0.0
2020-03-15,0.0,0.0,0.0,0.0,0.0,1006041.0,0.0,0.0
2020-03-16,0.0,0.0,0.0,0.0,0.0,1008139.0,0.0,0.0
2020-03-17,1.0,0.0,0.0,1.0,0.0,1008765.0,0.0,0.0
2020-03-18,0.0,0.0,0.0,0.0,0.0,1009614.0,0.0,0.0
2020-03-19,2.0,1.0,0.0,0.0,1.0,1010668.0,1.0,1.0
2020-03-20,5.0,2.0,1.0,1.0,0.0,1011908.0,3.0,2.0
2020-03-21,9.0,2.0,0.0,1.0,0.0,1011848.0,4.0,1.0
2020-03-22,6.0,0.0,0.0,1.0,0.0,1012560.0,5.0,1.0
2020-03-23,5.0,0.0,0.0,0.0,2.0,1012131.0,5.0,0.0
2020-03-24,7.0,1.0,0.0,0.0,1.0,1012814.0,6.0,1.0
2020-03-25,8.0,1.0,1.0,1.0,4.0,1013633.0,6.0,0.0
2020-03-26,7.0,2.0,1.0,2.0,5.0,1014437.0,9.0,3.0
2020-03-27,9.0,2.0,2.0,0.0,3.0,1016020.0,9.0,0.0
2020-03-28,11.0,2.0,1.0,0.0,4.0,1015754.0,10.0,1.0
2020-03-29,17.0,4.0,0.0,1.0,6.0,1015901.0,11.0,1.0
2020-03-30,12.0,4.0,1.0,0.0,7.0,1015689.0,14.0,3.0
2020-03-31,19.0,6.0,5.0,0.0,4.0,1014624.0,17.0,3.0
2020-04-01,20.0,5.0,5.0,0.0,5.0,1016338.0,20.0,3.0
2020-04-02,26.0,8.0,8.0,1.0,10.0,1015956.0,25.0,5.0
2020-04-03,36.0,8.0,12.0,4.0,14.0,1016817.0,32.0,7.0
2020-04-04,41.0,9.0,7.0,8.0,21.0,1017534.0,39.0,7.0
2020-04-05,47.0,16.0,4.0,7.0,27.0,1016665.0,54.0,15.0
2020-04-06,55.0,13.0,8.0,4.0,35.0,1016647.0,63.0,9.0
2020-04-07,51.0,12.0,12.0,9.0,30.0,1017048.0,72.0,9.0
2020-04-08,65.0,13.0,8.0,9.0,37.0,1017902.0,81.0,9.0
2020-04-09,70.0,11.0,17.0,12.0,38.0,1017977.0,92.0,11.0
2020-04-10,77.0,22.0,16.0,15.0,42.0,1018749.0,109.0,17.0
2020-04-11,108.0,24.0,19.0,16.0,50.0,1019684.0,126.0,17.0
2020-04-12,136.0,32.0,27.0,16.0,68.0,1019944.0,151.0,25.0
2020-04-13,169.0,44.0,15.0,34.0,85.0,1018484.0,177.0,26.0
2020-04-14,177.0,43.0,27.0,32.0,117.0,1019480.0,214.0,37.0
2020-04-15,211.0,39.0,39.0,27.0,136.0,1019341.0,243.0,29.0
2020-04-16,232.0,51.0,46.0,33.0,161.0,1019800.0,289.0,46.0
2020-04-17,267.0,73.0,46.0,47.0,177.0,1019307.0,345.0,56.0
2020-04-18,316.0,70.0,62.0,53.0,207.0,1018722.0,403.0,58.0
2020-04-19,366.0,79.0,54.0,51.0,242.0,1018718.0,465.0,62.0
2020-04-20,426.0,91.0,92.0,51.0,287.0,1019648.0,537.0,72.0
2020-04-21,482.0,114.0,87.0,88.0,308.0,1019522.0,628.0,91.0
2020-04-22,587.0,143.0,108.0,90.0,371.0,1018954.0,743.0,115.0
2020-04-23,745.0,160.0,126.0,118.0,419.0,1018463.0,866.0,123.0
2020-04-24,897.0,190.0,155.0,113.0,490.0,1019166.0,1023.0,157.0
2020-04-25,1004.0,235.0,164.0,150.0,566.0,1018426.0,1216.0,193.0
2020-04-26,1176.0,268.0,195.0,175.0,674.0,1019069.0,1412.0,196.0
2020-04-27,1347.0,298.0,239.0,192.0,748.0,1018452.0,1631.0,219.0
2020-04-28,1531.0,344.0,292.0,208.0,903.0,1018493.0,1885.0,254.0
2020-04-29,1795.0,402.0,317.0,249.0,1054.0,1017799.0,2175.0,290.0
2020-04-30,2130.0,455.0,373.0,268.0,1207.0,1016764.0,2531.0,356.0
2020-05-01,2482.0,551.0,450.0,301.0,1400.0,1016440.0,2955.0,424.0
2020-05-02,2923.0,662.0,468.0,405.0,1650.0,1015764.0,3449.0,494.0
2020-05-03,3391.0,753.0,627.0,470.0,1915.0,1013766.0,4046.0,597.0
2020-05-04,4030.0,865.0,703.0,588.0,2156.0,1011915.0,4713.0,667.0
2020-05-05,4655.0,1049.0,856.0,640.0,2622.0,1010148.0,5525.0,812.0
2020-05-06,5515.0,1107.0,1009.0,728.0,3049.0,1009755.0,6391.0,866.0
2020-05-07,6399.0,1445.0,1132.0,936.0,3603.0,1008308.0,7530.0,1139.0
2020-05-08,7410.0,1671.0,1272.0,1081.0,4203.0,1006804.0,8750.0,1220.0
2020-05-09,8718.0,1936.0,1538.0,1216.0,4939.0,1005031.0,10265.0,1515.0
2020-05-10,10125.0,2229.0,1794.0,1408.0,5747.0,1002459.0,11988.0,1723.0
2020-05-11,11785.0,2594.0,2013.0,1670.0,6735.0,998588.0,13971.0,1983.0
2020-05-12,13711.0,2988.0,2421.0,1912.0,7953.0,994912.0,16296.0,2325.0
2020-05-13,15931.0,3465.0,2803.0,2240.0,9238.0,990244.0,19047.0,2751.0
2020-05-14,18411.0,3992.0,3287.0,2646.0,10814.0,984812.0,22180.0,3133.0
2020-05-15,21378.0,4607.0,3750.0,3142.0,12551.0,978040.0,25802.0,3622.0
2020-05-16,24837.0,5468.0,4316.0,3600.0,14581.0,970856.0,30060.0,4258.0
2020-05-17,28491.0,6337.0,5041.0,4037.0,17122.0,962397.0,34905.0,4845.0
2020-05-18,32848.0,7217.0,5969.0,4705.0,19903.0,952896.0,40549.0,5644.0
2020-05-19,37911.0,8215.0,6807.0,5477.0,23162.0,941936.0,46886.0,6337.0
2020-05-20,43595.0,9627.0,8047.0,6470.0,26895.0,929543.0,54321.0,7435.0
2020-05-21,49571.0,11210.0,9105.0,7359.0,31674.0,915532.0,62921.0,8600.0
2020-05-22,56733.0,12837.0,10484.0,8656.0,36409.0,898836.0,72758.0,9837.0
2020-05-23,64834.0,14602.0,12018.0,9990.0,42272.0,880896.0,83915.0,11157.0
2020-05-24,73438.0,16501.0,13851.0,11260.0,49260.0,860123.0,96489.0,12574.0
2020-05-25,83037.0,18771.0,15595.0,13005.0,57005.0,836441.0,110740.0,14251.0
2020-05-26,92607.0,21442.0,17818.0,14834.0,65866.0,812087.0,127217.0,16477.0
2020-05-27,103316.0,23773.0,20144.0,17021.0,76173.0,783466.0,145055.0,17838.0
2020-05-28,114215.0,26882.0,22601.0,19072.0,87813.0,754585.0,165194.0,20139.0
2020-05-29,125872.0,29814.0,25185.0,21472.0,100689.0,721657.0,187362.0,22168.0
2020-05-30,136864.0,32883.0,27980.0,23791.0,114460.0,686772.0,211524.0,24162.0
2020-05-31,148071.0,35884.0,30882.0,26656.0,130521.0,651387.0,237937.0,26413.0
2020-06-01,158876.0,38707.0,33981.0,29121.0,148376.0,614941.0,266409.0,28472.0
2020-06-02,168233.0,41908.0,36787.0,32357.0,168467.0,576639.0,296757.0,30348.0
2020-06-03,176847.0,44433.0,40072.0,34937.0,189597.0,538813.0,328872.0,32115.0
2020-06-04,183745.0,46797.0,42793.0,38128.0,213941.0,500521.0,362560.0,33688.0
2020-06-05,189370.0,48884.0,45390.0,40646.0,239735.0,463320.0,397668.0,35108.0
2020-06-06,192084.0,50922.0,47299.0,43274.0,266634.0,426555.0,433720.0,36052.0
2020-06-07,193559.0,51894.0,49034.0,45528.0,294983.0,392479.0,469793.0,36073.0
2020-06-08,192748.0,52208.0,50485.0,47343.0,324479.0,358867.0,505757.0,35964.0
2020-06-09,189994.0,52487.0,51268.0,48980.0,354690.0,328118.0,541893.0,36136.0
2020-06-10,185769.0,51882.0,51382.0,49493.0,386796.0,300123.0,577170.0,35277.0
2020-06-11,180177.0,50779.0,51149.0,50357.0,419373.0,274700.0,611563.0,34393.0
2020-06-12,172840.0,49484.0,50245.0,50653.0,451046.0,251802.0,644907.0,33344.0
2020-06-13,164473.0,48004.0,49427.0,49936.0,483448.0,231363.0,676617.0,31710.0
2020-06-14,155694.0,45613.0,47787.0,49011.0,516082.0,211827.0,706659.0,30042.0
2020-06-15,146147.0,43788.0,46137.0,47728.0,547371.0,195653.0,735019.0,28360.0
2020-06-16,136294.0,40739.0,44186.0,46635.0,577586.0,181197.0,761578.0,26559.0
2020-06-17,127028.0,38366.0,42079.0,44534.0,606692.0,168133.0,786529.0,24951.0
2020-06-18,117027.0,36052.0,39856.0,42708.0,633274.0,156353.0,809861.0,23332.0
2020-06-19,107064.0,33319.0,37189.0,40654.0,660141.0,146960.0,831154.0,21293.0
2020-06-20,98270.0,30846.0,34601.0,38258.0,684933.0,138586.0,850713.0,19559.0
2020-06-21,90058.0,28470.0,32138.0,36023.0,708602.0,131096.0,868637.0,17924.0
2020-06-22,81888.0,26234.0,29692.0,33396.0,729982.0,124674.0,885277.0,16640.0
2020-06-23,74807.0,23512.0,27474.0,30882.0,750655.0,119053.0,899882.0,14605.0
2020-06-24,68042.0,21521.0,25087.0,28351.0,769768.0,113761.0,913396.0,13514.0
2020-06-25,61781.0,19704.0,23038.0,26350.0,787187.0,109577.0,925707.0,12311.0
2020-06-26,55570.0,17885.0,20875.0,24245.0,802927.0,106154.0,936949.0,11242.0
2020-06-27,50116.0,16321.0,18862.0,22125.0,817766.0,102859.0,946958.0,10009.0
2020-06-28,44922.0,14748.0,17298.0,19865.0,831128.0,100089.0,956006.0,9048.0
2020-06-29,40224.0,13324.0,15681.0,18147.0,843129.0,96943.0,964112.0,8106.0
2020-06-30,35859.0,11957.0,13941.0,16648.0,854023.0,94810.0,971395.0,7283.0
2020-07-01,32267.0,10686.0,12532.0,15084.0,864448.0,92899.0,977888.0,6493.0
2020-07-02,28986.0,9545.0,11444.0,13602.0,873317.0,91039.0,983716.0,5828.0
2020-07-03,26090.0,8342.0,10366.0,12172.0,881870.0,89209.0,988845.0,5129.0
2020-07-04,23289.0,7658.0,9076.0,10840.0,887620.0,87766.0,993615.0,4770.0
2020-07-05,20749.0,6941.0,8272.0,9824.0,895238.0,86525.0,997825.0,4210.0
2020-07-06,18755.0,6154.0,7337.0,8764.0,902195.0,85351.0,1001499.0,3674.0
