time,E,I1,I2,I3,R,S,cumI,diffI
2020-03-06,1.0,2.0,0.0,0.0,0.0,969820.0,0.0,0.0
2020-03-07,1.0,1.0,0.0,1.0,0.0,972598.0,0.0,0.0
2020-03-08,0.0,0.0,1.0,0.0,0.0,979218.0,1.0,1.0
2020-03-09,0.0,0.0,0.0,0.0,0.0,987514.0,1.0,0.0
2020-03-10,0.0,0.0,0.0,0.0,0.0,993493.0,1.0,0.0
2020-03-11,0.0,0.0,0.0,0.0,0.0,998095.0,1.0,0.0
2020-03-12,0.0,0.0,0.0,0.0,0.0,1000783.0,1.0,0.0
2020-03-13,1.0,0.0,1.0,0.0,0.0,1003716.0,1.0,0.0
2020-03-14,0.0,0.0,0.0,0.0,0.0,1007005.0,1.0,0.0
2020-03-15,0.0,0.0,0.0,0.0,1.0,1007316.0,1.0,0.0
2020-03-16,2.0,0.0,0.0,0.0,1.0,1008441.0,1.0,0.0
2020-03-17,1.0,0.0,0.0,0.0,0.0,1009200.0,1.0,0.0
2020-03-18,5.0,2.0,0.0,0.0,2.0,1010388.0,3.0,2.0
2020-03-19,3.0,2.0,2.0,0.0,2.0,1011854.0,4.0,1.0
2020-03-20,5.0,1.0,1.0,0.0,3.0,1012860.0,4.0,0.0
2020-03-21,7.0,5.0,1.0,0.0,5.0,1013300.0,6.0,2.0
2020-03-22,12.0,4.0,2.0,1.0,4.0,1013191.0,8.0,2.0
2020-03-23,10.0,8.0,1.0,1.0,4.0,1013872.0,13.0,5.0
2020-03-24,16.0,6.0,2.0,6.0,3.0,1013307.0,16.0,3.0
2020-03-25,18.0,4.0,1.0,3.0,9.0,1014210.0,16.0,0.0
2020-03-26,18.0,4.0,2.0,2.0,9.0,1014688.0,19.0,3.0
2020-03-27,17.0,4.0,4.0,1.0,10.0,1016605.0,21.0,2.0
2020-03-28,19.0,5.0,3.0,4.0,7.0,1016918.0,22.0,1.0
2020-03-29,24.0,4.0,4.0,3.0,14.0,1015825.0,24.0,2.0
2020-03-30,23.0,5.0,2.0,6.0,17.0,1016364.0,28.0,4.0
2020-03-31,37.0,3.0,5.0,4.0,18.0,1015692.0,30.0,2.0
2020-04-01,36.0,13.0,7.0,4.0,16.0,1015545.0,42.0,12.0
2020-04-02,46.0,7.0,8.0,2.0,21.0,1015507.0,47.0,5.0
2020-04-03,48.0,8.0,10.0,4.0,26.0,1015414.0,55.0,8.0
2020-04-04,63.0,12.0,12.0,4.0,23.0,1016038.0,65.0,10.0
2020-04-05,70.0,10.0,16.0,11.0,31.0,1016353.0,69.0,4.0
2020-04-06,85.0,22.0,16.0,15.0,42.0,1017504.0,90.0,21.0
2020-04-07,115.0,16.0,19.0,19.0,54.0,1015825.0,99.0,9.0
2020-04-08,123.0,17.0,20.0,22.0,66.0,1017068.0,115.0,16.0
2020-04-09,136.0,25.0,22.0,19.0,86.0,1017264.0,134.0,19.0
2020-04-10,173.0,32.0,26.0,22.0,106.0,1018417.0,161.0,27.0
2020-04-11,215.0,51.0,34.0,28.0,115.0,1019211.0,194.0,33.0
2020-04-12,201.0,50.0,41.0,32.0,135.0,1019798.0,237.0,43.0
2020-04-13,239.0,59.0,41.0,43.0,139.0,1018591.0,283.0,46.0
2020-04-14,265.0,56.0,55.0,46.0,159.0,1019613.0,328.0,45.0
2020-04-15,348.0,72.0,65.0,45.0,181.0,1018467.0,375.0,47.0
2020-04-16,396.0,91.0,77.0,55.0,223.0,1019485.0,451.0,76.0
2020-04-17,447.0,115.0,86.0,65.0,280.0,1019465.0,544.0,93.0
2020-04-18,534.0,148.0,116.0,81.0,310.0,1020347.0,671.0,127.0
2020-04-19,655.0,158.0,129.0,101.0,382.0,1019696.0,793.0,122.0
2020-04-20,801.0,200.0,140.0,101.0,466.0,1021205.0,931.0,138.0
2020-04-21,966.0,230.0,151.0,124.0,556.0,1020860.0,1105.0,174.0
2020-04-22,1105.0,258.0,197.0,144.0,613.0,1019360.0,1307.0,202.0
2020-04-23,1261.0,276.0,229.0,178.0,756.0,1018587.0,1542.0,235.0
2020-04-24,1413.0,337.0,255.0,201.0,871.0,1018720.0,1819.0,277.0
2020-04-25,1672.0,404.0,300.0,224.0,994.0,1018159.0,2134.0,315.0
2020-04-26,1881.0,470.0,386.0,277.0,1146.0,1017637.0,2491.0,357.0
2020-04-27,2304.0,543.0,387.0,361.0,1362.0,1016550.0,2853.0,362.0
2020-04-28,2707.0,556.0,460.0,385.0,1555.0,1017863.0,3320.0,467.0
2020-04-29,3089.0,689.0,553.0,443.0,1820.0,1016735.0,3855.0,535.0
2020-04-30,3645.0,774.0,679.0,511.0,2173.0,1015452.0,4444.0,589.0
2020-05-01,4248.0,964.0,800.0,605.0,2454.0,1013865.0,5241.0,797.0
2020-05-02,5101.0,1149.0,890.0,740.0,2916.0,1012715.0,6125.0,884.0
2020-05-03,5899.0,1287.0,1100.0,856.0,3381.0,1010711.0,7152.0,1027.0
2020-05-04,6978.0,1476.0,1265.0,979.0,3938.0,1008926.0,8318.0,1166.0
2020-05-05,8027.0,1735.0,1373.0,1122.0,4611.0,1006655.0,9692.0,1374.0
2020-05-06,9403.0,1943.0,1615.0,1281.0,5344.0,1004676.0,11228.0,1536.0
2020-05-07,10797.0,2267.0,1824.0,1439.0,6271.0,1000297.0,13036.0,1808.0
2020-05-08,12535.0,2733.0,2120.0,1761.0,7156.0,996093.0,15152.0,2116.0
2020-05-09,14509.0,3138.0,2524.0,2091.0,8399.0,992488.0,17566.0,2414.0
2020-05-10,16895.0,3709.0,3079.0,2374.0,10063.0,987040.0,20460.0,2894.0
2020-05-11,19795.0,4287.0,3476.0,2934.0,11694.0,980321.0,23738.0,3278.0
2020-05-12,22792.0,5066.0,4090.0,3164.0,13666.0,974236.0,27666.0,3928.0
2020-05-13,26287.0,5909.0,4732.0,3769.0,15779.0,966020.0,32127.0,4461.0
2020-05-14,30539.0,6737.0,5494.0,4520.0,18359.0,958432.0,37236.0,5109.0
2020-05-15,35235.0,7920.0,6328.0,5137.0,21473.0,949666.0,43302.0,6066.0
2020-05-16,40610.0,9165.0,7393.0,5905.0,24995.0,938605.0,50192.0,6890.0
2020-05-17,46547.0,10336.0,8645.0,6903.0,29168.0,923693.0,58110.0,7918.0
2020-05-18,53380.0,11802.0,9830.0,7938.0,33661.0,907826.0,67244.0,9134.0
2020-05-19,60642.0,13734.0,11027.0,9159.0,38863.0,889519.0,77749.0,10505.0
2020-05-20,68565.0,15465.0,12714.0,10483.0,45386.0,871365.0,89513.0,11764.0
2020-05-21,77332.0,17666.0,14719.0,11813.0,52401.0,850876.0,103076.0,13563.0
2020-05-22,86795.0,20009.0,16428.0,13505.0,60594.0,827603.0,118180.0,15104.0
2020-05-23,97144.0,22382.0,18724.0,15527.0,69957.0,802267.0,135075.0,16895.0
2020-05-24,108212.0,25301.0,21145.0,17775.0,80542.0,773690.0,153900.0,18825.0
2020-05-25,119416.0,27815.0,23954.0,20084.0,92654.0,742712.0,174663.0,20763.0
2020-05-26,130970.0,31116.0,26488.0,22606.0,106362.0,709698.0,197904.0,23241.0
2020-05-27,142466.0,34191.0,29259.0,25080.0,121638.0,673354.0,223242.0,25338.0
2020-05-28,153250.0,36971.0,32392.0,27795.0,138182.0,636713.0,250521.0,27279.0
2020-05-29,162957.0,40268.0,35242.0,30795.0,156690.0,599590.0,280294.0,29773.0
2020-05-30,172342.0,42646.0,38163.0,33737.0,177603.0,561245.0,311395.0,31101.0
2020-05-31,179887.0,45348.0,40725.0,36388.0,199778.0,522590.0,344322.0,32927.0
2020-06-01,185800.0,47667.0,43710.0,39108.0,224401.0,484837.0,378641.0,34319.0
2020-06-02,189904.0,49779.0,45863.0,41867.0,250517.0,447056.0,413793.0,35152.0
2020-06-03,192561.0,50879.0,47831.0,44233.0,278222.0,411125.0,449567.0,35774.0
2020-06-04,193540.0,51891.0,49568.0,46231.0,307108.0,377429.0,485840.0,36273.0
2020-06-05,191884.0,52412.0,50500.0,48458.0,337558.0,345398.0,522073.0,36233.0
2020-06-06,188217.0,52173.0,51008.0,49494.0,369362.0,315591.0,557792.0,35719.0
2020-06-07,183325.0,51460.0,51020.0,50471.0,401587.0,288801.0,592627.0,34835.0
2020-06-08,176389.0,50446.0,50669.0,51023.0,433594.0,264464.0,626440.0,33813.0
2020-06-09,168677.0,48972.0,50333.0,50608.0,465918.0,242479.0,659171.0,32731.0
2020-06-10,160223.0,47270.0,49062.0,50333.0,498685.0,222730.0,690210.0,31039.0
2020-06-11,150730.0,44532.0,47168.0,49576.0,530164.0,205541.0,719558.0,29348.0
2020-06-12,141472.0,42134.0,45477.0,47599.0,560668.0,189353.0,747053.0,27495.0
2020-06-13,131594.0,39848.0,43239.0,46043.0,590466.0,175761.0,772909.0,25856.0
2020-06-14,122400.0,37499.0,40860.0,44034.0,618278.0,163901.0,797135.0,24226.0
2020-06-15,113266.0,34609.0,38467.0,41895.0,645553.0,153599.0,819292.0,22157.0
2020-06-16,104048.0,32163.0,36080.0,39598.0,672187.0,144215.0,840048.0,20756.0
2020-06-17,94844.0,29866.0,33241.0,36928.0,696557.0,136191.0,858862.0,18814.0
2020-06-18,86615.0,27536.0,30789.0,34463.0,719326.0,129054.0,876130.0,17268.0
2020-06-19,78619.0,25108.0,28665.0,32050.0,741388.0,123266.0,891931.0,15801.0
2020-06-20,71174.0,23003.0,26362.0,29928.0,761589.0,117746.0,906162.0,14231.0
2020-06-21,64398.0,20928.0,24271.0,27632.0,779557.0,113050.0,919230.0,13068.0
2020-06-22,58565.0,18650.0,22208.0,25338.0,796090.0,109002.0,930823.0,11593.0
2020-06-23,52846.0,17025.0,19772.0,23273.0,810624.0,105185.0,941428.0,10605.0
2020-06-24,47492.0,15340.0,18174.0,21168.0,823555.0,101938.0,950955.0,9527.0
2020-06-25,42570.0,13859.0,16481.0,19366.0,836288.0,98804.0,959473.0,8518.0
2020-06-26,38164.0,12589.0,15093.0,17530.0,847502.0,95946.0,967203.0,7730.0
2020-06-27,34129.0,11324.0,13562.0,15924.0,858976.0,93991.0,974126.0,6923.0
2020-06-28,30953.0,10149.0,12144.0,14680.0,866531.0,91922.0,980256.0,6130.0
2020-06-29,27874.0,9099.0,10949.0,13084.0,875842.0,90436.0,985815.0,5559.0
2020-06-30,24898.0,8336.0,9632.0,11988.0,883665.0,89183.0,990928.0,5113.0
2020-07-01,22274.0,7361.0,8752.0,10689.0,890286.0,87614.0,995437.0,4509.0
2020-07-02,20038.0,6575.0,7783.0,9604.0,895180.0,86615.0,999410.0,3973.0
2020-07-03,17935.0,5947.0,7050.0,8393.0,902496.0,85320.0,1003014.0,3604.0
2020-07-04,16011.0,5346.0,6362.0,7630.0,909360.0,84492.0,1006317.0,3303.0
2020-07-05,14349.0,4607.0,5750.0,6745.0,913967.0,84036.0,1009120.0,2803.0
2020-07-06,12690.0,4161.0,5091.0,6235.0,917683.0,83548.0,1011687.0,2567.0
