time,E,I1,I2,I3,R,S,cumI,diffI
2020-03-06,1.0,2.0,0.0,0.0,0.0,970409.0,0.0,0.0
2020-03-07,2.0,1.0,0.0,0.0,0.0,972888.0,0.0,0.0
2020-03-08,1.0,0.0,0.0,0.0,0.0,979869.0,0.0,0.0
2020-03-09,1.0,0.0,0.0,0.0,0.0,987025.0,0.0,0.0
2020-03-10,1.0,0.0,0.0,0.0,0.0,992552.0,0.0,0.0
2020-03-11,2.0,0.0,0.0,0.0,0.0,996676.0,0.0,0.0
2020-03-12,2.0,0.0,0.0,0.0,0.0,997912.0,0.0,0.0
2020-03-13,2.0,0.0,0.0,0.0,0.0,1002154.0,0.0,0.0
2020-03-14,2.0,0.0,0.0,0.0,0.0,1003894.0,0.0,0.0
2020-03-15,1.0,0.0,0.0,0.0,1.0,1005844.0,0.0,0.0
2020-03-16,3.0,0.0,0.0,0.0,2.0,1006125.0,0.0,0.0
2020-03-17,2.0,1.0,0.0,0.0,1.0,1008225.0,1.0,1.0
2020-03-18,0.0,1.0,0.0,1.0,0.0,1010404.0,2.0,1.0
2020-03-19,0.0,0.0,0.0,0.0,1.0,1012056.0,2.0,0.0
2020-03-20,0.0,0.0,0.0,0.0,2.0,1013326.0,2.0,0.0
2020-03-21,0.0,0.0,0.0,0.0,3.0,1012931.0,2.0,0.0
2020-03-22,0.0,0.0,0.0,0.0,4.0,1012950.0,2.0,0.0
2020-03-23,1.0,0.0,0.0,0.0,3.0,1013525.0,2.0,0.0
2020-03-24,1.0,1.0,0.0,0.0,3.0,1014415.0,3.0,1.0
2020-03-25,1.0,0.0,1.0,0.0,2.0,1013771.0,3.0,0.0
2020-03-26,6.0,0.0,0.0,1.0,1.0,1012520.0,3.0,0.0
2020-03-27,2.0,2.0,0.0,2.0,1.0,1013971.0,4.0,1.0
2020-03-28,10.0,1.0,1.0,1.0,5.0,1014595.0,4.0,0.0
2020-03-29,7.0,3.0,1.0,1.0,5.0,1015025.0,7.0,3.0
2020-03-30,8.0,2.0,2.0,0.0,4.0,1016035.0,9.0,2.0
2020-03-31,7.0,2.0,1.0,0.0,11.0,1015687.0,10.0,1.0
2020-04-01,11.0,3.0,2.0,1.0,5.0,1015305.0,12.0,2.0
2020-04-02,14.0,4.0,1.0,5.0,10.0,1014633.0,15.0,3.0
2020-04-03,19.0,5.0,2.0,4.0,8.0,1015739.0,17.0,2.0
2020-04-04,22.0,2.0,1.0,5.0,5.0,1016655.0,17.0,0.0
2020-04-05,24.0,7.0,0.0,4.0,9.0,1016709.0,21.0,4.0
2020-04-06,22.0,8.0,6.0,5.0,16.0,1017310.0,27.0,6.0
2020-04-07,32.0,8.0,4.0,9.0,23.0,1016556.0,31.0,4.0
2020-04-08,33.0,8.0,7.0,5.0,24.0,1016607.0,37.0,6.0
2020-04-09,45.0,9.0,7.0,6.0,24.0,1015469.0,43.0,6.0
2020-04-10,47.0,10.0,9.0,5.0,27.0,1016778.0,53.0,10.0
2020-04-11,49.0,22.0,9.0,10.0,36.0,1017686.0,68.0,15.0
2020-04-12,56.0,14.0,14.0,16.0,39.0,1017328.0,85.0,17.0
2020-04-13,83.0,14.0,13.0,13.0,54.0,1018034.0,93.0,8.0
2020-04-14,89.0,14.0,19.0,11.0,70.0,1019540.0,105.0,12.0
2020-04-15,98.0,24.0,18.0,16.0,72.0,1019581.0,121.0,16.0
2020-04-16,124.0,27.0,20.0,18.0,67.0,1020283.0,140.0,19.0
2020-04-17,145.0,38.0,27.0,17.0,93.0,1019538.0,165.0,25.0
2020-04-18,176.0,35.0,35.0,21.0,118.0,1020606.0,184.0,19.0
2020-04-19,195.0,43.0,34.0,32.0,131.0,1020183.0,216.0,32.0
2020-04-20,230.0,58.0,38.0,33.0,135.0,1019150.0,261.0,45.0
2020-04-21,268.0,63.0,42.0,37.0,165.0,1018696.0,313.0,52.0
2020-04-22,327.0,65.0,63.0,42.0,196.0,1020241.0,365.0,52.0
2020-04-23,356.0,86.0,79.0,44.0,226.0,1021438.0,435.0,70.0
2020-04-24,418.0,104.0,89.0,72.0,249.0,1020165.0,517.0,82.0
2020-04-25,498.0,125.0,100.0,84.0,312.0,1020733.0,613.0,96.0
2020-04-26,619.0,132.0,126.0,105.0,371.0,1021280.0,712.0,99.0
2020-04-27,744.0,151.0,120.0,125.0,406.0,1020709.0,823.0,111.0
2020-04-28,868.0,192.0,143.0,148.0,490.0,1020273.0,970.0,147.0
2020-04-29,985.0,204.0,156.0,157.0,603.0,1019448.0,1140.0,170.0
2020-04-30,1139.0,234.0,181.0,139.0,713.0,1019650.0,1322.0,182.0
2020-05-01,1376.0,296.0,211.0,169.0,813.0,1019842.0,1567.0,245.0
2020-05-02,1512.0,330.0,252.0,207.0,924.0,1019356.0,1847.0,280.0
2020-05-03,1779.0,392.0,312.0,237.0,1069.0,1017899.0,2149.0,302.0
2020-05-04,2115.0,487.0,384.0,307.0,1237.0,1017876.0,2523.0,374.0
2020-05-05,2513.0,530.0,429.0,372.0,1433.0,1017536.0,2938.0,415.0
2020-05-06,2982.0,621.0,494.0,405.0,1689.0,1015880.0,3440.0,502.0
2020-05-07,3410.0,757.0,547.0,467.0,1965.0,1014697.0,4056.0,616.0
2020-05-08,3940.0,927.0,679.0,587.0,2311.0,1013860.0,4783.0,727.0
2020-05-09,4671.0,1086.0,834.0,674.0,2689.0,1013304.0,5611.0,828.0
2020-05-10,5522.0,1212.0,997.0,792.0,3176.0,1012255.0,6577.0,966.0
2020-05-11,6408.0,1497.0,1146.0,908.0,3659.0,1010757.0,7723.0,1146.0
2020-05-12,7500.0,1605.0,1400.0,1091.0,4226.0,1008600.0,8982.0,1259.0
2020-05-13,8832.0,1897.0,1593.0,1260.0,4940.0,1005653.0,10461.0,1479.0
2020-05-14,10075.0,2159.0,1753.0,1427.0,5796.0,1002855.0,12157.0,1696.0
2020-05-15,11757.0,2662.0,2055.0,1621.0,6768.0,999395.0,14154.0,1997.0
2020-05-16,13562.0,3038.0,2423.0,1857.0,7749.0,995071.0,16494.0,2340.0
2020-05-17,16034.0,3558.0,2861.0,2237.0,9177.0,989991.0,19234.0,2740.0
2020-05-18,18514.0,4112.0,3354.0,2613.0,10698.0,984527.0,22390.0,3156.0
2020-05-19,21600.0,4792.0,3879.0,3057.0,12659.0,979342.0,26084.0,3694.0
2020-05-20,24873.0,5580.0,4480.0,3541.0,14804.0,970919.0,30386.0,4302.0
2020-05-21,28679.0,6389.0,5150.0,4107.0,17205.0,959865.0,35293.0,4907.0
2020-05-22,33320.0,7384.0,6012.0,4755.0,20198.0,950394.0,40966.0,5673.0
2020-05-23,38238.0,8514.0,6834.0,5624.0,23432.0,940157.0,47517.0,6551.0
2020-05-24,43682.0,9837.0,7834.0,6439.0,27326.0,928746.0,55049.0,7532.0
2020-05-25,50051.0,11306.0,9050.0,7345.0,31775.0,915822.0,63692.0,8643.0
2020-05-26,57092.0,13074.0,10673.0,8524.0,37180.0,898547.0,73684.0,9992.0
2020-05-27,65395.0,14821.0,12047.0,9842.0,42959.0,879871.0,84778.0,11094.0
2020-05-28,73666.0,16829.0,14027.0,11184.0,49780.0,860545.0,97655.0,12877.0
2020-05-29,83620.0,18954.0,15867.0,12992.0,57372.0,835707.0,112068.0,14413.0
2020-05-30,93475.0,21339.0,17951.0,14769.0,66275.0,811730.0,128382.0,16314.0
2020-05-31,104259.0,24454.0,20058.0,17070.0,76611.0,782802.0,146753.0,18371.0
2020-06-01,115507.0,26895.0,22751.0,19325.0,88089.0,752773.0,166839.0,20086.0
2020-06-02,126975.0,29950.0,25478.0,21704.0,101245.0,720343.0,189375.0,22536.0
2020-06-03,138228.0,32868.0,28518.0,23861.0,116419.0,686582.0,213761.0,24386.0
2020-06-04,149653.0,35822.0,31630.0,26726.0,131953.0,650397.0,240372.0,26611.0
2020-06-05,160872.0,39143.0,34699.0,29806.0,149524.0,612274.0,269330.0,28958.0
2020-06-06,170085.0,42084.0,37295.0,32729.0,169931.0,574205.0,300056.0,30726.0
2020-06-07,178193.0,44864.0,40303.0,35525.0,191730.0,534786.0,332561.0,32505.0
2020-06-08,185432.0,47107.0,42734.0,38389.0,216016.0,497427.0,366472.0,33911.0
2020-06-09,190562.0,48753.0,45413.0,41288.0,241514.0,459620.0,401448.0,34976.0
2020-06-10,193779.0,50733.0,47424.0,44055.0,267881.0,423496.0,437503.0,36055.0
2020-06-11,194549.0,51920.0,49303.0,46202.0,296647.0,388732.0,474186.0,36683.0
2020-06-12,193818.0,52745.0,50767.0,47632.0,326747.0,356000.0,511014.0,36828.0
2020-06-13,190410.0,52988.0,51600.0,49166.0,358383.0,325599.0,547428.0,36414.0
2020-06-14,186573.0,51966.0,51928.0,49910.0,390200.0,296925.0,582697.0,35269.0
2020-06-15,179750.0,51087.0,51504.0,51101.0,422712.0,271417.0,617443.0,34746.0
2020-06-16,172293.0,49326.0,50922.0,50936.0,455112.0,248203.0,650469.0,33026.0
2020-06-17,163798.0,47276.0,49625.0,50565.0,486205.0,227731.0,681894.0,31425.0
2020-06-18,154617.0,45626.0,47923.0,49751.0,517630.0,209629.0,711838.0,29944.0
2020-06-19,145318.0,43210.0,45754.0,48721.0,549296.0,193543.0,739979.0,28141.0
2020-06-20,135558.0,41013.0,43989.0,46753.0,581646.0,179712.0,766728.0,26749.0
2020-06-21,125330.0,38168.0,41596.0,44820.0,611170.0,167021.0,791495.0,24767.0
2020-06-22,115867.0,35661.0,39437.0,42624.0,638773.0,155514.0,814342.0,22847.0
2020-06-23,106458.0,33259.0,36652.0,40347.0,665094.0,145921.0,835654.0,21312.0
2020-06-24,97236.0,30807.0,34263.0,37951.0,689266.0,137358.0,855125.0,19471.0
2020-06-25,88689.0,28391.0,31775.0,35673.0,711979.0,129682.0,872913.0,17788.0
2020-06-26,80826.0,25786.0,29251.0,33119.0,734151.0,123360.0,888818.0,15905.0
2020-06-27,73390.0,23675.0,27049.0,30745.0,756341.0,118059.0,903521.0,14703.0
2020-06-28,66655.0,21373.0,24715.0,28241.0,774961.0,112901.0,916888.0,13367.0
2020-06-29,60623.0,19607.0,22496.0,26162.0,791396.0,108506.0,928974.0,12086.0
2020-06-30,54809.0,17749.0,20820.0,23999.0,807804.0,104599.0,939949.0,10975.0
2020-07-01,49232.0,15862.0,18717.0,21846.0,822378.0,101743.0,949839.0,9890.0
2020-07-02,44283.0,14452.0,17005.0,19967.0,834818.0,98576.0,958873.0,9034.0
2020-07-03,39611.0,13056.0,15403.0,17901.0,846886.0,96059.0,966925.0,8052.0
2020-07-04,35713.0,11733.0,14142.0,16211.0,856914.0,94011.0,974162.0,7237.0
2020-07-05,32184.0,10306.0,12789.0,14867.0,866796.0,91545.0,980528.0,6366.0
2020-07-06,28778.0,9437.0,11391.0,13283.0,876532.0,89618.0,986292.0,5764.0
