time,E,I1,I2,I3,R,S,cumI,diffI
2020-03-06,0.0,1.0,1.0,0.0,0.0,970063.0,0.0,0.0
2020-03-07,0.0,0.0,0.0,1.0,0.0,972014.0,0.0,0.0
2020-03-08,1.0,0.0,0.0,0.0,1.0,979828.0,0.0,0.0
2020-03-09,1.0,0.0,0.0,0.0,1.0,986656.0,0.0,0.0
2020-03-10,1.0,0.0,0.0,0.0,1.0,991609.0,0.0,0.0
2020-03-11,0.0,0.0,0.0,0.0,1.0,996006.0,0.0,0.0
2020-03-12,0.0,0.0,0.0,0.0,1.0,1000588.0,0.0,0.0
2020-03-13,0.0,0.0,0.0,0.0,1.0,1003356.0,0.0,0.0
2020-03-14,0.0,1.0,0.0,0.0,0.0,1005207.0,0.0,0.0
2020-03-15,1.0,1.0,2.0,0.0,0.0,1006875.0,1.0,1.0
2020-03-16,3.0,1.0,1.0,0.0,1.0,1008345.0,1.0,0.0
2020-03-17,6.0,1.0,2.0,0.0,1.0,1010520.0,3.0,2.0
2020-03-18,5.0,2.0,0.0,2.0,3.0,1009879.0,4.0,1.0
2020-03-19,5.0,2.0,2.0,1.0,3.0,1011466.0,5.0,1.0
2020-03-20,7.0,1.0,2.0,0.0,3.0,1012080.0,6.0,1.0
2020-03-21,6.0,3.0,0.0,2.0,5.0,1013529.0,7.0,1.0
2020-03-22,9.0,2.0,2.0,1.0,8.0,1014201.0,9.0,2.0
2020-03-23,6.0,2.0,2.0,1.0,9.0,1012988.0,12.0,3.0
2020-03-24,15.0,2.0,1.0,2.0,11.0,1014171.0,13.0,1.0
2020-03-25,21.0,3.0,1.0,1.0,12.0,1015191.0,15.0,2.0
2020-03-26,19.0,1.0,4.0,0.0,9.0,1014600.0,20.0,5.0
2020-03-27,21.0,7.0,1.0,3.0,8.0,1014812.0,25.0,5.0
2020-03-28,16.0,8.0,2.0,1.0,11.0,1015250.0,31.0,6.0
2020-03-29,21.0,2.0,5.0,3.0,8.0,1015959.0,34.0,3.0
2020-03-30,20.0,3.0,2.0,3.0,9.0,1015863.0,36.0,2.0
2020-03-31,27.0,6.0,5.0,5.0,14.0,1016300.0,42.0,6.0
2020-04-01,25.0,10.0,5.0,6.0,15.0,1016547.0,51.0,9.0
2020-04-02,36.0,10.0,9.0,5.0,20.0,1016390.0,56.0,5.0
2020-04-03,39.0,15.0,10.0,6.0,22.0,1016802.0,68.0,12.0
2020-04-04,65.0,13.0,11.0,11.0,25.0,1016614.0,73.0,5.0
2020-04-05,77.0,13.0,16.0,11.0,33.0,1017113.0,89.0,16.0
2020-04-06,74.0,18.0,9.0,13.0,35.0,1016625.0,103.0,14.0
2020-04-07,76.0,21.0,19.0,11.0,47.0,1017107.0,122.0,19.0
2020-04-08,85.0,25.0,17.0,16.0,46.0,1018849.0,142.0,20.0
2020-04-09,93.0,32.0,13.0,11.0,57.0,1017672.0,165.0,23.0
2020-04-10,102.0,27.0,22.0,16.0,61.0,1017950.0,182.0,17.0
2020-04-11,115.0,31.0,37.0,17.0,63.0,1019464.0,203.0,21.0
2020-04-12,148.0,19.0,38.0,27.0,80.0,1018935.0,219.0,16.0
2020-04-13,173.0,27.0,36.0,34.0,90.0,1018446.0,250.0,31.0
2020-04-14,185.0,36.0,30.0,40.0,120.0,1019636.0,277.0,27.0
2020-04-15,241.0,51.0,29.0,35.0,139.0,1020178.0,326.0,49.0
2020-04-16,305.0,46.0,47.0,46.0,153.0,1020906.0,362.0,36.0
2020-04-17,368.0,86.0,58.0,54.0,180.0,1020077.0,421.0,59.0
2020-04-18,425.0,98.0,62.0,66.0,228.0,1019044.0,495.0,74.0
2020-04-19,493.0,121.0,80.0,82.0,263.0,1019486.0,594.0,99.0
2020-04-20,572.0,136.0,91.0,85.0,315.0,1019593.0,691.0,97.0
2020-04-21,674.0,145.0,106.0,81.0,378.0,1018488.0,796.0,105.0
2020-04-22,785.0,143.0,159.0,100.0,434.0,1017125.0,913.0,117.0
2020-04-23,900.0,201.0,166.0,132.0,506.0,1017316.0,1063.0,150.0
2020-04-24,1051.0,250.0,210.0,148.0,583.0,1017037.0,1256.0,193.0
2020-04-25,1202.0,286.0,226.0,181.0,694.0,1018583.0,1476.0,220.0
2020-04-26,1394.0,303.0,241.0,206.0,840.0,1018618.0,1693.0,217.0
2020-04-27,1613.0,323.0,292.0,215.0,929.0,1017194.0,1939.0,246.0
2020-04-28,1860.0,427.0,355.0,264.0,1094.0,1016977.0,2287.0,348.0
2020-04-29,2252.0,460.0,426.0,309.0,1307.0,1016784.0,2643.0,356.0
2020-04-30,2670.0,559.0,462.0,379.0,1528.0,1016849.0,3073.0,430.0
2020-05-01,3134.0,655.0,548.0,413.0,1795.0,1015089.0,3614.0,541.0
2020-05-02,3630.0,806.0,664.0,475.0,2073.0,1013594.0,4259.0,645.0
2020-05-03,4227.0,940.0,722.0,572.0,2449.0,1013919.0,4988.0,729.0
2020-05-04,4922.0,1084.0,858.0,654.0,2845.0,1012201.0,5821.0,833.0
2020-05-05,5696.0,1282.0,1003.0,769.0,3236.0,1011579.0,6797.0,976.0
2020-05-06,6723.0,1480.0,1228.0,924.0,3765.0,1009059.0,7932.0,1135.0
2020-05-07,7841.0,1806.0,1437.0,1111.0,4455.0,1005592.0,9312.0,1380.0
2020-05-08,9199.0,2027.0,1612.0,1294.0,5178.0,1002484.0,10856.0,1544.0
2020-05-09,10639.0,2405.0,1832.0,1474.0,6081.0,1000070.0,12698.0,1842.0
2020-05-10,12314.0,2723.0,2107.0,1855.0,7131.0,997205.0,14801.0,2103.0
2020-05-11,14476.0,3134.0,2625.0,2112.0,8310.0,993487.0,17256.0,2455.0
2020-05-12,16703.0,3687.0,2966.0,2351.0,9707.0,988279.0,20111.0,2855.0
2020-05-13,19301.0,4167.0,3374.0,2708.0,11209.0,983372.0,23329.0,3218.0
2020-05-14,22351.0,4971.0,3954.0,3171.0,13122.0,976056.0,27159.0,3830.0
2020-05-15,25945.0,5862.0,4664.0,3627.0,15346.0,968278.0,31648.0,4489.0
2020-05-16,30074.0,6717.0,5431.0,4427.0,17872.0,960200.0,36860.0,5212.0
2020-05-17,34614.0,7819.0,6275.0,4989.0,20828.0,950608.0,42928.0,6068.0
2020-05-18,39666.0,8986.0,7232.0,5823.0,24287.0,940046.0,49786.0,6858.0
2020-05-19,45793.0,10285.0,8312.0,6834.0,28365.0,926866.0,57574.0,7788.0
2020-05-20,52230.0,11799.0,9594.0,7880.0,32947.0,911141.0,66817.0,9243.0
2020-05-21,59471.0,13340.0,10951.0,9030.0,38415.0,894035.0,76963.0,10146.0
2020-05-22,67523.0,15100.0,12590.0,10284.0,44156.0,876242.0,88623.0,11660.0
2020-05-23,76473.0,17432.0,14369.0,11743.0,51134.0,854616.0,101994.0,13371.0
2020-05-24,85815.0,19715.0,16438.0,13438.0,59340.0,830200.0,117159.0,15165.0
2020-05-25,95984.0,22267.0,18595.0,15406.0,68656.0,804739.0,134060.0,16901.0
2020-05-26,106651.0,25084.0,20840.0,17670.0,78946.0,776360.0,152884.0,18824.0
2020-05-27,118103.0,27747.0,23548.0,19689.0,91107.0,745682.0,173789.0,20905.0
2020-05-28,129464.0,30409.0,26467.0,22160.0,104522.0,711534.0,196629.0,22840.0
2020-05-29,141151.0,33670.0,29445.0,24833.0,119961.0,676918.0,221761.0,25132.0
2020-05-30,152026.0,36815.0,32270.0,27598.0,136101.0,640637.0,248953.0,27192.0
2020-05-31,162347.0,39609.0,35358.0,30449.0,154825.0,602496.0,278130.0,29177.0
2020-06-01,172140.0,42890.0,38134.0,33476.0,175696.0,564679.0,309436.0,31306.0
2020-06-02,180053.0,45630.0,40869.0,35969.0,198023.0,526356.0,342412.0,32976.0
2020-06-03,186408.0,47369.0,43489.0,38729.0,221569.0,488148.0,376537.0,34125.0
2020-06-04,191090.0,49578.0,45962.0,41402.0,248075.0,450836.0,411984.0,35447.0
2020-06-05,193412.0,51132.0,47984.0,44097.0,275150.0,415720.0,447925.0,35941.0
2020-06-06,193985.0,52163.0,49716.0,46277.0,304764.0,381280.0,484277.0,36352.0
2020-06-07,193080.0,52620.0,50526.0,48084.0,334490.0,348578.0,520771.0,36494.0
2020-06-08,189781.0,52506.0,51459.0,49214.0,365311.0,318547.0,556978.0,36207.0
2020-06-09,184708.0,52095.0,52052.0,50323.0,397702.0,290555.0,592170.0,35192.0
2020-06-10,177847.0,50872.0,51459.0,50881.0,429868.0,266222.0,626359.0,34189.0
2020-06-11,170766.0,49451.0,50548.0,51009.0,463002.0,243954.0,659181.0,32822.0
2020-06-12,161977.0,47658.0,49463.0,50134.0,495155.0,224150.0,690628.0,31447.0
2020-06-13,153239.0,45331.0,47510.0,49417.0,526580.0,205736.0,720415.0,29787.0
2020-06-14,143561.0,43336.0,45699.0,47992.0,556625.0,189568.0,748721.0,28306.0
2020-06-15,133231.0,40767.0,43787.0,46159.0,587704.0,175910.0,774886.0,26165.0
2020-06-16,123541.0,38056.0,41826.0,44144.0,617352.0,163824.0,799231.0,24345.0
2020-06-17,113932.0,35386.0,39121.0,42525.0,643763.0,153139.0,821897.0,22666.0
2020-06-18,104770.0,32691.0,36675.0,39956.0,669967.0,143641.0,842510.0,20613.0
2020-06-19,95864.0,30049.0,33965.0,37544.0,695374.0,135599.0,861516.0,19006.0
2020-06-20,87410.0,27659.0,31661.0,34984.0,718492.0,128528.0,879012.0,17496.0
2020-06-21,79644.0,25285.0,29162.0,32769.0,740061.0,122380.0,894888.0,15876.0
2020-06-22,72235.0,23048.0,26614.0,30341.0,760069.0,116973.0,909434.0,14546.0
2020-06-23,65635.0,20892.0,24194.0,27795.0,778608.0,112196.0,922465.0,13031.0
2020-06-24,58693.0,19044.0,22102.0,25595.0,795234.0,108176.0,934483.0,12018.0
2020-06-25,52988.0,17358.0,20279.0,23423.0,809904.0,104561.0,945122.0,10639.0
2020-06-26,47783.0,15619.0,18501.0,21434.0,824273.0,100957.0,954753.0,9631.0
2020-06-27,43130.0,14201.0,16613.0,19425.0,837500.0,97785.0,963364.0,8611.0
2020-06-28,38612.0,12803.0,15023.0,17643.0,848545.0,95579.0,971124.0,7760.0
2020-06-29,34417.0,11333.0,13559.0,16072.0,859303.0,93118.0,978133.0,7009.0
2020-06-30,30994.0,10246.0,12188.0,14167.0,869118.0,91288.0,984383.0,6250.0
2020-07-01,27931.0,9160.0,11168.0,13038.0,878177.0,89755.0,989950.0,5567.0
2020-07-02,24786.0,8067.0,9907.0,11778.0,884822.0,88348.0,994915.0,4965.0
2020-07-03,22286.0,7227.0,8648.0,10733.0,891880.0,87001.0,999298.0,4383.0
2020-07-04,20037.0,6668.0,7937.0,9450.0,897763.0,85631.0,1003442.0,4144.0
2020-07-05,17859.0,5891.0,7283.0,8450.0,904788.0,84622.0,1007095.0,3653.0
2020-07-06,15901.0,5274.0,6392.0,7757.0,910205.0,84028.0,1010341.0,3246.0
