time,E,I1,I2,I3,R,S,cumI,diffI
2020-03-06,0.0,3.0,0.0,0.0,0.0,969830.0,0.0,0.0
2020-03-07,1.0,0.0,3.0,0.0,0.0,972916.0,0.0,0.0
2020-03-08,0.0,0.0,1.0,0.0,0.0,980156.0,0.0,0.0
2020-03-09,0.0,0.0,0.0,1.0,0.0,986682.0,0.0,0.0
2020-03-10,0.0,0.0,0.0,0.0,0.0,992331.0,0.0,0.0
2020-03-11,0.0,0.0,0.0,0.0,0.0,996174.0,0.0,0.0
2020-03-12,0.0,0.0,0.0,0.0,0.0,999980.0,0.0,0.0
2020-03-13,0.0,0.0,0.0,0.0,0.0,1001988.0,0.0,0.0
2020-03-14,0.0,0.0,0.0,0.0,0.0,1004458.0,0.0,0.0
2020-03-15,0.0,0.0,0.0,0.0,0.0,1006578.0,0.0,0.0
2020-03-16,0.0,0.0,0.0,0.0,1.0,1007636.0,0.0,0.0
2020-03-17,0.0,0.0,0.0,0.0,1.0,1009910.0,0.0,0.0
2020-03-18,0.0,0.0,0.0,0.0,1.0,1011882.0,0.0,0.0
2020-03-19,0.0,0.0,0.0,0.0,1.0,1011871.0,0.0,0.0
2020-03-20,0.0,0.0,0.0,0.0,0.0,1013053.0,0.0,0.0
2020-03-21,1.0,0.0,0.0,0.0,0.0,1012533.0,0.0,0.0
2020-03-22,1.0,0.0,2.0,0.0,0.0,1012682.0,1.0,1.0
2020-03-23,3.0,1.0,1.0,2.0,1.0,1012959.0,1.0,0.0
2020-03-24,6.0,0.0,1.0,2.0,1.0,1012915.0,1.0,0.0
2020-03-25,6.0,0.0,0.0,3.0,0.0,1012894.0,1.0,0.0
2020-03-26,4.0,2.0,0.0,2.0,0.0,1014069.0,3.0,2.0
2020-03-27,4.0,4.0,2.0,1.0,1.0,1015189.0,6.0,3.0
2020-03-28,8.0,1.0,0.0,1.0,1.0,1014930.0,6.0,0.0
2020-03-29,7.0,2.0,0.0,1.0,2.0,1015938.0,7.0,1.0
2020-03-30,6.0,1.0,2.0,0.0,5.0,1015904.0,8.0,1.0
2020-03-31,11.0,0.0,2.0,1.0,5.0,1015481.0,10.0,2.0
2020-04-01,13.0,3.0,0.0,0.0,6.0,1016153.0,12.0,2.0
2020-04-02,21.0,4.0,3.0,0.0,8.0,1016250.0,16.0,4.0
2020-04-03,16.0,3.0,4.0,2.0,7.0,1016713.0,22.0,6.0
2020-04-04,18.0,4.0,5.0,3.0,8.0,1016983.0,25.0,3.0
2020-04-05,19.0,5.0,8.0,3.0,9.0,1015603.0,30.0,5.0
2020-04-06,26.0,4.0,5.0,5.0,14.0,1015350.0,33.0,3.0
2020-04-07,30.0,9.0,4.0,5.0,15.0,1016438.0,40.0,7.0
2020-04-08,28.0,5.0,4.0,7.0,13.0,1017205.0,44.0,4.0
2020-04-09,29.0,5.0,6.0,2.0,21.0,1017716.0,47.0,3.0
2020-04-10,37.0,8.0,3.0,5.0,28.0,1017587.0,52.0,5.0
2020-04-11,44.0,11.0,5.0,3.0,28.0,1017740.0,60.0,8.0
2020-04-12,51.0,7.0,5.0,3.0,28.0,1017834.0,65.0,5.0
2020-04-13,42.0,9.0,4.0,6.0,31.0,1017747.0,73.0,8.0
2020-04-14,46.0,12.0,9.0,8.0,32.0,1017986.0,82.0,9.0
2020-04-15,62.0,14.0,15.0,5.0,35.0,1019040.0,95.0,13.0
2020-04-16,64.0,18.0,10.0,10.0,45.0,1018873.0,109.0,14.0
2020-04-17,78.0,20.0,17.0,13.0,42.0,1018732.0,124.0,15.0
2020-04-18,92.0,12.0,18.0,15.0,57.0,1018786.0,131.0,7.0
2020-04-19,101.0,24.0,16.0,19.0,58.0,1020459.0,149.0,18.0
2020-04-20,112.0,32.0,28.0,18.0,74.0,1020403.0,174.0,25.0
2020-04-21,130.0,33.0,34.0,20.0,106.0,1021656.0,200.0,26.0
2020-04-22,144.0,36.0,25.0,32.0,105.0,1021739.0,216.0,16.0
2020-04-23,175.0,41.0,32.0,32.0,118.0,1022317.0,249.0,33.0
2020-04-24,232.0,47.0,40.0,35.0,137.0,1022189.0,281.0,32.0
2020-04-25,276.0,62.0,58.0,36.0,155.0,1021094.0,331.0,50.0
2020-04-26,319.0,75.0,58.0,34.0,194.0,1020301.0,388.0,57.0
2020-04-27,386.0,90.0,61.0,50.0,221.0,1020904.0,449.0,61.0
2020-04-28,457.0,95.0,80.0,55.0,242.0,1020985.0,522.0,73.0
2020-04-29,514.0,105.0,100.0,74.0,290.0,1021880.0,598.0,76.0
2020-04-30,542.0,153.0,109.0,101.0,331.0,1020999.0,719.0,121.0
2020-05-01,702.0,155.0,136.0,110.0,398.0,1021232.0,832.0,113.0
2020-05-02,842.0,167.0,142.0,109.0,455.0,1020444.0,949.0,117.0
2020-05-03,945.0,207.0,176.0,117.0,528.0,1021056.0,1117.0,168.0
2020-05-04,1131.0,247.0,197.0,146.0,612.0,1020159.0,1287.0,170.0
2020-05-05,1383.0,276.0,236.0,176.0,765.0,1019052.0,1488.0,201.0
2020-05-06,1580.0,314.0,241.0,233.0,883.0,1019469.0,1722.0,234.0
2020-05-07,1828.0,402.0,280.0,279.0,1019.0,1018715.0,2027.0,305.0
2020-05-08,2180.0,448.0,366.0,316.0,1205.0,1018238.0,2368.0,341.0
2020-05-09,2446.0,525.0,471.0,324.0,1416.0,1017625.0,2822.0,454.0
2020-05-10,2844.0,579.0,515.0,412.0,1582.0,1016910.0,3294.0,472.0
2020-05-11,3280.0,743.0,583.0,445.0,1882.0,1016728.0,3865.0,571.0
2020-05-12,3838.0,877.0,696.0,544.0,2230.0,1017636.0,4573.0,708.0
2020-05-13,4542.0,987.0,848.0,691.0,2609.0,1015520.0,5346.0,773.0
2020-05-14,5331.0,1135.0,947.0,788.0,3170.0,1013665.0,6222.0,876.0
2020-05-15,6275.0,1412.0,1074.0,907.0,3645.0,1011245.0,7309.0,1087.0
2020-05-16,7294.0,1574.0,1278.0,1013.0,4274.0,1007872.0,8520.0,1211.0
2020-05-17,8607.0,1882.0,1536.0,1259.0,5039.0,1004674.0,10018.0,1498.0
2020-05-18,9862.0,2278.0,1754.0,1476.0,5866.0,1002590.0,11828.0,1810.0
2020-05-19,11583.0,2498.0,2019.0,1704.0,6884.0,999212.0,13714.0,1886.0
2020-05-20,13191.0,2897.0,2315.0,1879.0,8053.0,996414.0,15993.0,2279.0
2020-05-21,15531.0,3334.0,2718.0,2203.0,9368.0,992558.0,18584.0,2591.0
2020-05-22,18134.0,3969.0,3171.0,2565.0,11048.0,985080.0,21645.0,3061.0
2020-05-23,20973.0,4679.0,3754.0,3012.0,12691.0,978983.0,25216.0,3571.0
2020-05-24,24453.0,5409.0,4289.0,3614.0,14667.0,971807.0,29310.0,4094.0
2020-05-25,28453.0,6116.0,5131.0,4129.0,17218.0,963951.0,34027.0,4717.0
2020-05-26,32743.0,7286.0,5897.0,4727.0,20038.0,954743.0,39656.0,5629.0
2020-05-27,37717.0,8373.0,6916.0,5503.0,23308.0,943430.0,46118.0,6462.0
2020-05-28,43217.0,9669.0,7829.0,6432.0,27147.0,930376.0,53678.0,7560.0
2020-05-29,49380.0,11149.0,9103.0,7396.0,31744.0,917531.0,62149.0,8471.0
2020-05-30,56404.0,12686.0,10588.0,8556.0,36746.0,900858.0,71908.0,9759.0
2020-05-31,64528.0,14516.0,11981.0,9899.0,42511.0,881066.0,82981.0,11073.0
2020-06-01,73320.0,16576.0,13867.0,11359.0,49258.0,860305.0,95694.0,12713.0
2020-06-02,82635.0,18874.0,15785.0,12950.0,56959.0,838458.0,110106.0,14412.0
2020-06-03,92407.0,21230.0,17808.0,14766.0,65905.0,812798.0,126206.0,16100.0
2020-06-04,103270.0,23994.0,20204.0,16785.0,76232.0,784397.0,144408.0,18202.0
2020-06-05,114355.0,26697.0,22623.0,19035.0,87558.0,753652.0,164415.0,20007.0
2020-06-06,125592.0,29688.0,25293.0,21503.0,100166.0,722283.0,186690.0,22275.0
2020-06-07,137283.0,32798.0,27868.0,24110.0,114403.0,687870.0,211037.0,24347.0
2020-06-08,148512.0,35675.0,31101.0,26680.0,131062.0,652397.0,237631.0,26594.0
2020-06-09,159921.0,39085.0,34303.0,29545.0,149194.0,614744.0,266513.0,28882.0
2020-06-10,169878.0,42180.0,36782.0,32598.0,169202.0,576870.0,297405.0,30892.0
2020-06-11,178209.0,44459.0,40097.0,35469.0,190707.0,538175.0,329489.0,32084.0
2020-06-12,184991.0,46882.0,42987.0,38345.0,213970.0,498938.0,363400.0,33911.0
2020-06-13,190196.0,48981.0,45417.0,40986.0,239333.0,461172.0,398653.0,35253.0
2020-06-14,193039.0,50652.0,47437.0,43775.0,266117.0,424643.0,434696.0,36043.0
2020-06-15,193934.0,51540.0,49215.0,45900.0,296144.0,390418.0,470831.0,36135.0
2020-06-16,193508.0,52299.0,50776.0,47763.0,325459.0,356685.0,507396.0,36565.0
2020-06-17,190531.0,52630.0,51330.0,49434.0,357116.0,326353.0,543761.0,36365.0
2020-06-18,186571.0,52291.0,51280.0,50407.0,388779.0,297500.0,579398.0,35637.0
2020-06-19,180323.0,51143.0,51329.0,50684.0,421280.0,271390.0,613963.0,34565.0
2020-06-20,172762.0,49753.0,50567.0,50600.0,454105.0,248290.0,647022.0,33059.0
2020-06-21,163756.0,47943.0,49781.0,50263.0,485704.0,227525.0,678877.0,31855.0
2020-06-22,154478.0,45856.0,48322.0,49486.0,519027.0,209523.0,709015.0,30138.0
2020-06-23,144687.0,43505.0,46163.0,48467.0,550835.0,193478.0,737391.0,28376.0
2020-06-24,135145.0,40755.0,44201.0,46725.0,580941.0,178458.0,763796.0,26405.0
2020-06-25,125250.0,38288.0,41816.0,44574.0,610495.0,165781.0,788558.0,24762.0
2020-06-26,115635.0,35684.0,39276.0,42438.0,638229.0,154983.0,811452.0,22894.0
2020-06-27,106522.0,33557.0,36584.0,40209.0,664979.0,145338.0,832738.0,21286.0
2020-06-28,97450.0,30734.0,34464.0,37671.0,690413.0,136074.0,852091.0,19353.0
2020-06-29,88708.0,28032.0,31898.0,35564.0,714221.0,128567.0,869788.0,17697.0
2020-06-30,80645.0,25633.0,29570.0,32741.0,736425.0,121793.0,885930.0,16142.0
2020-07-01,73099.0,23370.0,27165.0,30545.0,757031.0,116144.0,900419.0,14489.0
2020-07-02,66060.0,21145.0,24676.0,28346.0,776063.0,111764.0,913730.0,13311.0
2020-07-03,59458.0,19438.0,22327.0,25983.0,793865.0,107234.0,925622.0,11892.0
2020-07-04,53405.0,17307.0,20388.0,23725.0,810104.0,103457.0,936396.0,10774.0
2020-07-05,47816.0,15583.0,18426.0,21693.0,823578.0,100188.0,946046.0,9650.0
2020-07-06,42833.0,14135.0,16831.0,19715.0,837382.0,97315.0,954770.0,8724.0
