time,E,I1,I2,I3,R,S,cumI,diffI
2020-03-06,0.0,2.0,1.0,0.0,0.0,970326.0,0.0,0.0
2020-03-07,3.0,1.0,1.0,0.0,0.0,972592.0,0.0,0.0
2020-03-08,6.0,0.0,0.0,0.0,0.0,980406.0,0.0,0.0
2020-03-09,4.0,0.0,0.0,0.0,0.0,986788.0,0.0,0.0
2020-03-10,1.0,2.0,1.0,0.0,0.0,993230.0,3.0,3.0
2020-03-11,1.0,0.0,1.0,1.0,0.0,998416.0,3.0,0.0
2020-03-12,2.0,0.0,1.0,0.0,1.0,1001977.0,3.0,0.0
2020-03-13,3.0,0.0,1.0,0.0,0.0,1003749.0,3.0,0.0
2020-03-14,2.0,0.0,1.0,1.0,1.0,1004975.0,5.0,2.0
2020-03-15,2.0,0.0,1.0,0.0,1.0,1006538.0,5.0,0.0
2020-03-16,1.0,0.0,0.0,1.0,1.0,1008464.0,5.0,0.0
2020-03-17,2.0,0.0,0.0,1.0,2.0,1009773.0,5.0,0.0
2020-03-18,3.0,0.0,0.0,0.0,4.0,1010626.0,5.0,0.0
2020-03-19,2.0,0.0,1.0,1.0,4.0,1011638.0,6.0,1.0
2020-03-20,3.0,0.0,1.0,0.0,3.0,1011279.0,6.0,0.0
2020-03-21,2.0,1.0,0.0,1.0,2.0,1011617.0,7.0,1.0
2020-03-22,1.0,1.0,0.0,0.0,5.0,1012060.0,8.0,1.0
2020-03-23,3.0,1.0,0.0,1.0,4.0,1013289.0,8.0,0.0
2020-03-24,5.0,1.0,1.0,1.0,3.0,1012157.0,8.0,0.0
2020-03-25,6.0,4.0,0.0,1.0,5.0,1012653.0,10.0,2.0
2020-03-26,10.0,3.0,0.0,2.0,4.0,1013255.0,11.0,1.0
2020-03-27,9.0,3.0,3.0,1.0,1.0,1013686.0,14.0,3.0
2020-03-28,9.0,0.0,5.0,2.0,5.0,1014548.0,15.0,1.0
2020-03-29,11.0,2.0,6.0,4.0,6.0,1014770.0,17.0,2.0
2020-03-30,14.0,4.0,4.0,5.0,8.0,1013720.0,20.0,3.0
2020-03-31,21.0,7.0,3.0,4.0,13.0,1012681.0,23.0,3.0
2020-04-01,21.0,7.0,5.0,3.0,13.0,1012323.0,29.0,6.0
2020-04-02,34.0,6.0,3.0,5.0,19.0,1014050.0,36.0,7.0
2020-04-03,32.0,11.0,2.0,3.0,20.0,1014701.0,42.0,6.0
2020-04-04,35.0,7.0,8.0,5.0,22.0,1015164.0,49.0,7.0
2020-04-05,49.0,10.0,10.0,2.0,28.0,1015202.0,56.0,7.0
2020-04-06,61.0,9.0,9.0,7.0,32.0,1016841.0,60.0,4.0
2020-04-07,67.0,10.0,7.0,7.0,48.0,1016447.0,69.0,9.0
2020-04-08,84.0,11.0,10.0,8.0,44.0,1017043.0,81.0,12.0
2020-04-09,79.0,15.0,15.0,11.0,55.0,1018015.0,97.0,16.0
2020-04-10,107.0,18.0,18.0,14.0,65.0,1016952.0,111.0,14.0
2020-04-11,122.0,25.0,23.0,18.0,72.0,1017244.0,134.0,23.0
2020-04-12,153.0,26.0,25.0,21.0,83.0,1017583.0,158.0,24.0
2020-04-13,159.0,37.0,31.0,20.0,87.0,1018771.0,183.0,25.0
2020-04-14,176.0,54.0,38.0,26.0,111.0,1018990.0,216.0,33.0
2020-04-15,230.0,44.0,47.0,35.0,139.0,1018077.0,247.0,31.0
2020-04-16,259.0,58.0,49.0,40.0,153.0,1017295.0,292.0,45.0
2020-04-17,323.0,64.0,48.0,48.0,177.0,1018035.0,337.0,45.0
2020-04-18,362.0,65.0,73.0,51.0,229.0,1018200.0,395.0,58.0
2020-04-19,480.0,84.0,88.0,60.0,272.0,1017666.0,463.0,68.0
2020-04-20,521.0,102.0,85.0,70.0,314.0,1018334.0,539.0,76.0
2020-04-21,600.0,113.0,122.0,70.0,344.0,1017748.0,625.0,86.0
2020-04-22,671.0,153.0,111.0,89.0,419.0,1018336.0,755.0,130.0
2020-04-23,791.0,161.0,125.0,111.0,468.0,1018153.0,881.0,126.0
2020-04-24,893.0,202.0,145.0,113.0,549.0,1017467.0,1045.0,164.0
2020-04-25,1094.0,246.0,197.0,140.0,645.0,1017918.0,1234.0,189.0
2020-04-26,1270.0,274.0,244.0,158.0,748.0,1019008.0,1451.0,217.0
2020-04-27,1627.0,391.0,279.0,247.0,853.0,1019554.0,1752.0,301.0
2020-04-28,1933.0,423.0,350.0,271.0,1018.0,1018990.0,2092.0,340.0
2020-04-29,2284.0,488.0,355.0,332.0,1207.0,1017568.0,2483.0,391.0
2020-04-30,2611.0,550.0,430.0,336.0,1457.0,1017055.0,2911.0,428.0
2020-05-01,2926.0,672.0,487.0,377.0,1660.0,1015590.0,3413.0,502.0
2020-05-02,3357.0,713.0,594.0,511.0,1919.0,1015046.0,3978.0,565.0
2020-05-03,3907.0,836.0,718.0,529.0,2209.0,1013291.0,4633.0,655.0
2020-05-04,4618.0,1018.0,820.0,669.0,2562.0,1012709.0,5372.0,739.0
2020-05-05,5311.0,1170.0,954.0,751.0,3068.0,1012126.0,6242.0,870.0
2020-05-06,6166.0,1402.0,1070.0,870.0,3568.0,1010226.0,7316.0,1074.0
2020-05-07,7268.0,1627.0,1265.0,1029.0,4098.0,1007611.0,8548.0,1232.0
2020-05-08,8516.0,1908.0,1498.0,1202.0,4818.0,1005644.0,10111.0,1563.0
2020-05-09,9716.0,2174.0,1758.0,1393.0,5611.0,1004207.0,11785.0,1674.0
2020-05-10,11368.0,2518.0,2008.0,1598.0,6577.0,1002348.0,13689.0,1904.0
2020-05-11,13414.0,2930.0,2292.0,1903.0,7765.0,998310.0,15891.0,2202.0
2020-05-12,15576.0,3466.0,2706.0,2109.0,8986.0,991914.0,18545.0,2654.0
2020-05-13,18197.0,4077.0,3252.0,2530.0,10388.0,986108.0,21641.0,3096.0
2020-05-14,20935.0,4639.0,3756.0,2965.0,12313.0,978773.0,25281.0,3640.0
2020-05-15,24263.0,5314.0,4387.0,3492.0,14352.0,972164.0,29351.0,4070.0
2020-05-16,27937.0,6282.0,4949.0,3994.0,16736.0,964100.0,34133.0,4782.0
2020-05-17,32366.0,7204.0,5775.0,4733.0,19394.0,956171.0,39557.0,5424.0
2020-05-18,36945.0,8245.0,6690.0,5270.0,22622.0,944363.0,45822.0,6265.0
2020-05-19,42575.0,9514.0,7720.0,6063.0,26477.0,931186.0,53187.0,7365.0
2020-05-20,48898.0,10848.0,8991.0,7200.0,30554.0,917462.0,61512.0,8325.0
2020-05-21,55675.0,12484.0,10151.0,8311.0,35497.0,900295.0,71120.0,9608.0
2020-05-22,63501.0,14431.0,11685.0,9617.0,41446.0,882468.0,82223.0,11103.0
2020-05-23,71935.0,16509.0,13415.0,11067.0,48198.0,862808.0,94781.0,12558.0
2020-05-24,81146.0,18784.0,15138.0,12568.0,55795.0,841378.0,108979.0,14198.0
2020-05-25,91037.0,21002.0,17595.0,14329.0,64337.0,817491.0,124869.0,15890.0
2020-05-26,101923.0,23481.0,19740.0,16521.0,74542.0,789413.0,142686.0,17817.0
2020-05-27,112429.0,26373.0,22109.0,18801.0,85753.0,760127.0,162567.0,19881.0
2020-05-28,124283.0,29431.0,24737.0,20941.0,98661.0,728450.0,184432.0,21865.0
2020-05-29,135436.0,32559.0,27605.0,23324.0,112616.0,694420.0,208549.0,24117.0
2020-05-30,146482.0,35408.0,30724.0,25882.0,128409.0,659429.0,234672.0,26123.0
2020-05-31,157626.0,38178.0,33626.0,29060.0,145990.0,622120.0,262806.0,28134.0
2020-06-01,167115.0,40995.0,36355.0,31910.0,165019.0,582642.0,293026.0,30220.0
2020-06-02,175733.0,43749.0,39259.0,34577.0,186782.0,545467.0,324798.0,31772.0
2020-06-03,183067.0,46307.0,41766.0,37720.0,210065.0,507430.0,358331.0,33533.0
2020-06-04,187553.0,48857.0,44622.0,40206.0,235054.0,469498.0,393510.0,35179.0
2020-06-05,191934.0,50175.0,46549.0,43033.0,261658.0,432180.0,428873.0,35363.0
2020-06-06,193364.0,50888.0,48495.0,45208.0,289901.0,396720.0,464992.0,36119.0
2020-06-07,192968.0,52026.0,49976.0,47021.0,320494.0,363882.0,501470.0,36478.0
2020-06-08,190824.0,52590.0,50681.0,48638.0,350445.0,333261.0,537529.0,36059.0
2020-06-09,186874.0,51825.0,51186.0,49784.0,381403.0,305099.0,573005.0,35476.0
2020-06-10,180445.0,50876.0,51328.0,50449.0,413937.0,279079.0,607699.0,34694.0
2020-06-11,173280.0,49390.0,51121.0,50893.0,445925.0,254987.0,640957.0,33258.0
2020-06-12,164850.0,47965.0,50162.0,50273.0,478567.0,234245.0,673312.0,32355.0
2020-06-13,156304.0,45957.0,48343.0,49684.0,510615.0,215017.0,703625.0,30313.0
2020-06-14,147080.0,43922.0,46228.0,48782.0,541977.0,197938.0,732228.0,28603.0
2020-06-15,136913.0,41612.0,44400.0,46548.0,572804.0,183194.0,759152.0,26924.0
2020-06-16,127602.0,39169.0,42064.0,45063.0,602089.0,170401.0,784214.0,25062.0
2020-06-17,117932.0,36304.0,40273.0,43324.0,630216.0,158706.0,807525.0,23311.0
2020-06-18,108416.0,33772.0,37372.0,41097.0,657481.0,148689.0,828845.0,21320.0
2020-06-19,99459.0,31109.0,35043.0,38324.0,683062.0,139778.0,848630.0,19785.0
2020-06-20,90849.0,28380.0,32396.0,36049.0,707183.0,132558.0,866610.0,17980.0
2020-06-21,83032.0,26019.0,29910.0,33569.0,729965.0,125661.0,883060.0,16450.0
2020-06-22,75071.0,23879.0,27652.0,31503.0,750685.0,119728.0,898076.0,15016.0
2020-06-23,68044.0,21865.0,25154.0,28987.0,770221.0,114329.0,911729.0,13653.0
2020-06-24,61723.0,19828.0,22980.0,26566.0,786896.0,109807.0,924086.0,12357.0
2020-06-25,55822.0,18047.0,20929.0,24190.0,802960.0,105981.0,935322.0,11236.0
2020-06-26,50659.0,16170.0,18864.0,22117.0,817845.0,102580.0,945368.0,10046.0
2020-06-27,45360.0,14739.0,17170.0,20089.0,830646.0,99647.0,954357.0,8989.0
2020-06-28,40666.0,13261.0,15701.0,18186.0,842308.0,96918.0,962545.0,8188.0
2020-06-29,36425.0,11971.0,13938.0,16678.0,853955.0,94194.0,969873.0,7328.0
2020-06-30,32780.0,10730.0,12828.0,15067.0,864483.0,92451.0,976458.0,6585.0
2020-07-01,29398.0,9449.0,11475.0,13796.0,875330.0,90638.0,982275.0,5817.0
2020-07-02,26284.0,8671.0,10319.0,12417.0,882139.0,88946.0,987690.0,5415.0
2020-07-03,23521.0,7722.0,9285.0,11173.0,889107.0,87525.0,992350.0,4660.0
2020-07-04,20812.0,6967.0,8379.0,9987.0,894575.0,86402.0,996650.0,4300.0
2020-07-05,18649.0,6267.0,7523.0,8859.0,901070.0,85381.0,1000475.0,3825.0
2020-07-06,16543.0,5474.0,6718.0,8147.0,906515.0,84597.0,1003751.0,3276.0
