time,E,I1,I2,I3,R,S,cumI,diffI
2020-03-06,0.0,3.0,0.0,0.0,0.0,969885.0,0.0,0.0
2020-03-07,0.0,2.0,1.0,0.0,0.0,972351.0,0.0,0.0
2020-03-08,1.0,0.0,0.0,1.0,1.0,979047.0,0.0,0.0
2020-03-09,1.0,0.0,0.0,1.0,1.0,986477.0,0.0,0.0
2020-03-10,2.0,0.0,0.0,1.0,1.0,991875.0,0.0,0.0
2020-03-11,2.0,0.0,0.0,0.0,1.0,995235.0,0.0,0.0
2020-03-12,1.0,1.0,0.0,0.0,1.0,1001286.0,1.0,1.0
2020-03-13,1.0,0.0,0.0,0.0,2.0,1002599.0,1.0,0.0
2020-03-14,0.0,0.0,0.0,0.0,2.0,1004890.0,1.0,0.0
2020-03-15,0.0,0.0,0.0,0.0,1.0,1007197.0,1.0,0.0
2020-03-16,0.0,0.0,1.0,0.0,2.0,1008784.0,1.0,0.0
2020-03-17,0.0,0.0,0.0,0.0,2.0,1009223.0,1.0,0.0
2020-03-18,1.0,0.0,0.0,0.0,1.0,1010839.0,1.0,0.0
2020-03-19,2.0,0.0,0.0,0.0,1.0,1011566.0,1.0,0.0
2020-03-20,4.0,1.0,0.0,0.0,1.0,1012143.0,2.0,1.0
2020-03-21,5.0,1.0,1.0,0.0,1.0,1012550.0,3.0,1.0
2020-03-22,7.0,5.0,0.0,0.0,0.0,1012300.0,7.0,4.0
2020-03-23,7.0,2.0,2.0,1.0,0.0,1013780.0,9.0,2.0
2020-03-24,8.0,2.0,3.0,2.0,0.0,1015026.0,11.0,2.0
2020-03-25,8.0,2.0,2.0,2.0,1.0,1015807.0,12.0,1.0
2020-03-26,8.0,4.0,1.0,1.0,1.0,1015366.0,15.0,3.0
2020-03-27,8.0,2.0,1.0,1.0,1.0,1015088.0,15.0,0.0
2020-03-28,9.0,2.0,3.0,3.0,3.0,1015935.0,18.0,3.0
2020-03-29,12.0,2.0,3.0,1.0,5.0,1016010.0,18.0,0.0
2020-03-30,16.0,4.0,3.0,2.0,7.0,1017013.0,21.0,3.0
2020-03-31,19.0,5.0,2.0,0.0,7.0,1016065.0,24.0,3.0
2020-04-01,14.0,6.0,7.0,2.0,6.0,1015718.0,30.0,6.0
2020-04-02,22.0,2.0,5.0,1.0,9.0,1016277.0,33.0,3.0
2020-04-03,21.0,5.0,4.0,2.0,15.0,1017086.0,37.0,4.0
2020-04-04,23.0,7.0,5.0,1.0,17.0,1016705.0,44.0,7.0
2020-04-05,27.0,8.0,6.0,1.0,15.0,1015993.0,50.0,6.0
2020-04-06,35.0,7.0,8.0,2.0,15.0,1015357.0,57.0,7.0
2020-04-07,33.0,7.0,3.0,5.0,19.0,1016846.0,59.0,2.0
2020-04-08,45.0,8.0,9.0,2.0,25.0,1017299.0,67.0,8.0
2020-04-09,48.0,14.0,6.0,11.0,30.0,1018005.0,80.0,13.0
2020-04-10,59.0,16.0,13.0,11.0,35.0,1018227.0,94.0,14.0
2020-04-11,84.0,18.0,13.0,11.0,54.0,1018267.0,105.0,11.0
2020-04-12,95.0,23.0,22.0,18.0,67.0,1017193.0,123.0,18.0
2020-04-13,114.0,24.0,28.0,16.0,79.0,1016958.0,138.0,15.0
2020-04-14,141.0,25.0,24.0,22.0,85.0,1017206.0,161.0,23.0
2020-04-15,181.0,40.0,30.0,27.0,97.0,1018148.0,201.0,40.0
2020-04-16,189.0,43.0,39.0,20.0,116.0,1017983.0,229.0,28.0
2020-04-17,228.0,45.0,58.0,31.0,122.0,1018253.0,268.0,39.0
2020-04-18,281.0,52.0,56.0,36.0,177.0,1017833.0,312.0,44.0
2020-04-19,323.0,74.0,59.0,45.0,196.0,1016940.0,373.0,61.0
2020-04-20,355.0,95.0,60.0,54.0,222.0,1018087.0,439.0,66.0
2020-04-21,444.0,104.0,89.0,65.0,255.0,1018383.0,527.0,88.0
2020-04-22,547.0,127.0,94.0,85.0,322.0,1019879.0,619.0,92.0
2020-04-23,639.0,133.0,110.0,102.0,384.0,1019790.0,713.0,94.0
2020-04-24,737.0,160.0,129.0,94.0,450.0,1019326.0,842.0,129.0
2020-04-25,837.0,189.0,159.0,110.0,515.0,1018945.0,989.0,147.0
2020-04-26,928.0,227.0,164.0,125.0,594.0,1019055.0,1153.0,164.0
2020-04-27,1144.0,259.0,187.0,160.0,695.0,1017557.0,1333.0,180.0
2020-04-28,1368.0,274.0,229.0,182.0,814.0,1018033.0,1540.0,207.0
2020-04-29,1517.0,363.0,272.0,212.0,902.0,1017477.0,1825.0,285.0
2020-04-30,1840.0,388.0,322.0,250.0,1075.0,1016687.0,2102.0,277.0
2020-05-01,2142.0,445.0,393.0,302.0,1238.0,1017766.0,2466.0,364.0
2020-05-02,2490.0,551.0,438.0,360.0,1503.0,1017570.0,2915.0,449.0
2020-05-03,3013.0,621.0,528.0,387.0,1706.0,1018049.0,3371.0,456.0
2020-05-04,3466.0,742.0,608.0,453.0,1987.0,1017276.0,3940.0,569.0
2020-05-05,4080.0,857.0,700.0,521.0,2339.0,1015273.0,4627.0,687.0
2020-05-06,4728.0,1037.0,868.0,628.0,2684.0,1014696.0,5454.0,827.0
2020-05-07,5563.0,1208.0,1005.0,770.0,3190.0,1013369.0,6383.0,929.0
2020-05-08,6444.0,1315.0,1153.0,920.0,3719.0,1010002.0,7428.0,1045.0
2020-05-09,7500.0,1675.0,1305.0,1081.0,4311.0,1008437.0,8743.0,1315.0
2020-05-10,8798.0,1929.0,1580.0,1246.0,5021.0,1006129.0,10236.0,1493.0
2020-05-11,10288.0,2287.0,1770.0,1434.0,5937.0,1003138.0,11950.0,1714.0
2020-05-12,12253.0,2600.0,2126.0,1745.0,6876.0,998551.0,14027.0,2077.0
2020-05-13,14151.0,3029.0,2418.0,2074.0,8099.0,994862.0,16404.0,2377.0
2020-05-14,16313.0,3690.0,2923.0,2343.0,9506.0,990205.0,19261.0,2857.0
2020-05-15,19008.0,4196.0,3444.0,2783.0,11209.0,984872.0,22480.0,3219.0
2020-05-16,22218.0,4912.0,3995.0,3148.0,13091.0,978143.0,26251.0,3771.0
2020-05-17,25867.0,5693.0,4612.0,3664.0,15319.0,970935.0,30644.0,4393.0
2020-05-18,29929.0,6561.0,5380.0,4335.0,17745.0,960415.0,35777.0,5133.0
2020-05-19,34178.0,7712.0,6186.0,5074.0,20751.0,951300.0,41733.0,5956.0
2020-05-20,39555.0,8848.0,7147.0,5922.0,24236.0,938749.0,48467.0,6734.0
2020-05-21,45554.0,10081.0,8124.0,6879.0,28377.0,927147.0,56243.0,7776.0
2020-05-22,52075.0,11530.0,9417.0,7686.0,33192.0,911659.0,65071.0,8828.0
2020-05-23,59504.0,13344.0,10876.0,8872.0,38244.0,894919.0,75221.0,10150.0
2020-05-24,67740.0,15168.0,12661.0,10122.0,44514.0,875235.0,86866.0,11645.0
2020-05-25,76780.0,17378.0,14251.0,11834.0,51277.0,854075.0,100091.0,13225.0
2020-05-26,86438.0,19752.0,16258.0,13682.0,59312.0,830176.0,115091.0,15000.0
2020-05-27,96969.0,22231.0,18568.0,15738.0,68711.0,803792.0,132013.0,16922.0
2020-05-28,107219.0,25204.0,20973.0,17477.0,79268.0,776713.0,151142.0,19129.0
2020-05-29,119181.0,28104.0,23611.0,19804.0,91305.0,744818.0,172122.0,20980.0
2020-05-30,130374.0,30847.0,26431.0,22189.0,105164.0,710801.0,195016.0,22894.0
2020-05-31,141562.0,33781.0,29180.0,25006.0,120309.0,675999.0,220194.0,25178.0
2020-06-01,152389.0,36931.0,32497.0,27711.0,136847.0,639212.0,247583.0,27389.0
2020-06-02,163213.0,40126.0,35356.0,30637.0,156002.0,600859.0,276908.0,29325.0
2020-06-03,172398.0,42702.0,38267.0,33524.0,176170.0,562234.0,308083.0,31175.0
2020-06-04,179605.0,45479.0,40934.0,36287.0,198494.0,523062.0,341000.0,32917.0
2020-06-05,185891.0,47814.0,43331.0,39468.0,222947.0,485663.0,375059.0,34059.0
2020-06-06,191250.0,49578.0,46173.0,41894.0,249006.0,448360.0,410252.0,35193.0
2020-06-07,194282.0,51153.0,48117.0,44518.0,277071.0,412760.0,446449.0,36197.0
2020-06-08,194386.0,52319.0,49618.0,46421.0,306237.0,377884.0,482909.0,36460.0
2020-06-09,192869.0,52354.0,51139.0,48268.0,336309.0,345430.0,519259.0,36350.0
2020-06-10,190006.0,52116.0,51546.0,49569.0,367687.0,315212.0,555117.0,35858.0
2020-06-11,184533.0,51748.0,51717.0,50451.0,400613.0,287373.0,590238.0,35121.0
2020-06-12,177274.0,50540.0,51435.0,50730.0,433055.0,263101.0,624302.0,34064.0
2020-06-13,169140.0,49209.0,50574.0,51058.0,466402.0,241337.0,657364.0,33062.0
2020-06-14,160942.0,46961.0,49415.0,50589.0,499380.0,221107.0,688424.0,31060.0
2020-06-15,151688.0,45171.0,47667.0,49830.0,530540.0,202739.0,718163.0,29739.0
2020-06-16,142178.0,42814.0,45774.0,47854.0,562599.0,187348.0,745847.0,27684.0
2020-06-17,132323.0,40136.0,43379.0,46419.0,593542.0,173242.0,771801.0,25954.0
2020-06-18,122163.0,37607.0,40905.0,44210.0,622085.0,161195.0,796028.0,24227.0
2020-06-19,111989.0,34938.0,38488.0,42080.0,649351.0,150588.0,818283.0,22255.0
2020-06-20,103359.0,32237.0,35794.0,39691.0,675777.0,140929.0,838837.0,20554.0
2020-06-21,94413.0,29961.0,33108.0,37300.0,701036.0,133479.0,857669.0,18832.0
2020-06-22,85604.0,27563.0,30760.0,34597.0,724001.0,126371.0,874930.0,17261.0
2020-06-23,77753.0,25048.0,28636.0,31948.0,744228.0,120526.0,890558.0,15628.0
2020-06-24,70368.0,22721.0,26265.0,29618.0,764035.0,114745.0,904709.0,14151.0
2020-06-25,64063.0,20495.0,23910.0,27449.0,781938.0,110098.0,917402.0,12693.0
2020-06-26,58107.0,18720.0,22020.0,25131.0,798244.0,106040.0,928975.0,11573.0
2020-06-27,52232.0,16957.0,19903.0,23059.0,813833.0,102978.0,939551.0,10576.0
2020-06-28,46817.0,15255.0,18061.0,20904.0,828151.0,99292.0,948899.0,9348.0
2020-06-29,41805.0,13700.0,16165.0,19211.0,841084.0,96344.0,957386.0,8487.0
2020-06-30,37456.0,12438.0,14507.0,17550.0,853331.0,94202.0,964982.0,7596.0
2020-07-01,33559.0,11037.0,13217.0,15728.0,864115.0,91927.0,971724.0,6742.0
2020-07-02,30050.0,9744.0,11873.0,14069.0,872330.0,90133.0,977639.0,5915.0
2020-07-03,26721.0,8937.0,10452.0,12742.0,879906.0,88739.0,983044.0,5405.0
2020-07-04,23793.0,8066.0,9333.0,11392.0,888190.0,86939.0,987897.0,4853.0
2020-07-05,21160.0,7132.0,8509.0,10140.0,895512.0,85849.0,992181.0,4284.0
2020-07-06,19003.0,6240.0,7494.0,9019.0,902170.0,84991.0,995982.0,3801.0
