time,E,I1,I2,I3,R,S,cumI,diffI
2020-03-06,0.0,3.0,0.0,0.0,0.0,970056.0,0.0,0.0
2020-03-07,1.0,2.0,0.0,0.0,0.0,973103.0,0.0,0.0
2020-03-08,1.0,1.0,0.0,0.0,0.0,979593.0,0.0,0.0
2020-03-09,3.0,0.0,1.0,0.0,0.0,986146.0,0.0,0.0
2020-03-10,2.0,0.0,0.0,1.0,0.0,991123.0,0.0,0.0
2020-03-11,2.0,0.0,0.0,0.0,0.0,997442.0,0.0,0.0
2020-03-12,2.0,0.0,0.0,0.0,0.0,1001845.0,0.0,0.0
2020-03-13,0.0,1.0,0.0,0.0,0.0,1005603.0,1.0,1.0
2020-03-14,2.0,0.0,0.0,1.0,0.0,1006968.0,1.0,0.0
2020-03-15,2.0,1.0,0.0,0.0,1.0,1008425.0,2.0,1.0
2020-03-16,2.0,0.0,0.0,0.0,0.0,1008553.0,2.0,0.0
2020-03-17,2.0,0.0,0.0,0.0,0.0,1009320.0,2.0,0.0
2020-03-18,2.0,2.0,0.0,0.0,1.0,1010006.0,4.0,2.0
2020-03-19,2.0,1.0,1.0,0.0,0.0,1010605.0,5.0,1.0
2020-03-20,0.0,0.0,0.0,0.0,1.0,1011732.0,5.0,0.0
2020-03-21,1.0,0.0,0.0,0.0,0.0,1011880.0,5.0,0.0
2020-03-22,0.0,1.0,0.0,0.0,0.0,1012506.0,6.0,1.0
2020-03-23,1.0,0.0,0.0,0.0,2.0,1012667.0,6.0,0.0
2020-03-24,2.0,0.0,0.0,0.0,2.0,1013556.0,6.0,0.0
2020-03-25,3.0,0.0,0.0,0.0,3.0,1014646.0,6.0,0.0
2020-03-26,3.0,1.0,1.0,0.0,4.0,1014859.0,7.0,1.0
2020-03-27,3.0,1.0,2.0,0.0,5.0,1014703.0,8.0,1.0
2020-03-28,4.0,2.0,0.0,2.0,4.0,1014125.0,9.0,1.0
2020-03-29,4.0,1.0,0.0,0.0,4.0,1015714.0,9.0,0.0
2020-03-30,7.0,0.0,1.0,0.0,4.0,1016373.0,9.0,0.0
2020-03-31,6.0,3.0,0.0,0.0,10.0,1016166.0,10.0,1.0
2020-04-01,8.0,3.0,0.0,1.0,9.0,1017340.0,11.0,1.0
2020-04-02,6.0,2.0,2.0,1.0,6.0,1017018.0,13.0,2.0
2020-04-03,9.0,1.0,1.0,3.0,6.0,1017112.0,13.0,0.0
2020-04-04,8.0,1.0,2.0,1.0,8.0,1016535.0,16.0,3.0
2020-04-05,16.0,2.0,2.0,1.0,8.0,1018214.0,17.0,1.0
2020-04-06,17.0,3.0,3.0,3.0,7.0,1018582.0,20.0,3.0
2020-04-07,18.0,5.0,1.0,2.0,10.0,1018300.0,23.0,3.0
2020-04-08,14.0,5.0,5.0,3.0,11.0,1018162.0,28.0,5.0
2020-04-09,18.0,5.0,8.0,7.0,6.0,1017400.0,33.0,5.0
2020-04-10,28.0,10.0,6.0,3.0,12.0,1016632.0,38.0,5.0
2020-04-11,42.0,7.0,5.0,7.0,13.0,1017030.0,42.0,4.0
2020-04-12,40.0,6.0,2.0,7.0,16.0,1017900.0,45.0,3.0
2020-04-13,54.0,8.0,6.0,6.0,23.0,1018867.0,53.0,8.0
2020-04-14,47.0,8.0,7.0,5.0,28.0,1019256.0,62.0,9.0
2020-04-15,45.0,6.0,8.0,10.0,37.0,1019753.0,68.0,6.0
2020-04-16,48.0,9.0,5.0,8.0,39.0,1018894.0,79.0,11.0
2020-04-17,51.0,12.0,3.0,7.0,39.0,1019535.0,88.0,9.0
2020-04-18,54.0,16.0,12.0,8.0,36.0,1018932.0,102.0,14.0
2020-04-19,85.0,21.0,11.0,7.0,42.0,1019174.0,114.0,12.0
2020-04-20,94.0,20.0,15.0,12.0,45.0,1019484.0,133.0,19.0
2020-04-21,115.0,28.0,22.0,13.0,58.0,1020337.0,158.0,25.0
2020-04-22,116.0,25.0,31.0,24.0,64.0,1020245.0,180.0,22.0
2020-04-23,156.0,24.0,27.0,31.0,84.0,1020215.0,203.0,23.0
2020-04-24,203.0,35.0,26.0,32.0,98.0,1021229.0,231.0,28.0
2020-04-25,229.0,38.0,40.0,30.0,116.0,1020167.0,261.0,30.0
2020-04-26,277.0,43.0,53.0,43.0,119.0,1020444.0,303.0,42.0
2020-04-27,311.0,58.0,56.0,39.0,132.0,1020477.0,358.0,55.0
2020-04-28,337.0,74.0,54.0,52.0,165.0,1019869.0,417.0,59.0
2020-04-29,378.0,91.0,57.0,58.0,210.0,1020475.0,482.0,65.0
2020-04-30,441.0,90.0,89.0,64.0,232.0,1020826.0,553.0,71.0
2020-05-01,525.0,106.0,83.0,83.0,292.0,1021271.0,638.0,85.0
2020-05-02,597.0,118.0,109.0,73.0,323.0,1020451.0,724.0,86.0
2020-05-03,723.0,166.0,141.0,82.0,413.0,1020689.0,862.0,138.0
2020-05-04,822.0,205.0,153.0,112.0,474.0,1019625.0,1018.0,156.0
2020-05-05,983.0,206.0,178.0,127.0,525.0,1020074.0,1183.0,165.0
2020-05-06,1081.0,248.0,195.0,183.0,615.0,1018188.0,1382.0,199.0
2020-05-07,1277.0,283.0,233.0,178.0,757.0,1019145.0,1598.0,216.0
2020-05-08,1573.0,332.0,288.0,197.0,903.0,1019583.0,1875.0,277.0
2020-05-09,1830.0,389.0,297.0,266.0,1042.0,1018805.0,2190.0,315.0
2020-05-10,2187.0,476.0,391.0,266.0,1189.0,1019039.0,2577.0,387.0
2020-05-11,2526.0,549.0,440.0,360.0,1389.0,1019188.0,3009.0,432.0
2020-05-12,3067.0,657.0,520.0,425.0,1651.0,1017849.0,3487.0,478.0
2020-05-13,3481.0,800.0,573.0,496.0,1971.0,1016601.0,4095.0,608.0
2020-05-14,4190.0,814.0,704.0,577.0,2316.0,1015453.0,4732.0,637.0
2020-05-15,4844.0,1010.0,805.0,675.0,2727.0,1012863.0,5529.0,797.0
2020-05-16,5511.0,1227.0,909.0,794.0,3199.0,1012207.0,6529.0,1000.0
2020-05-17,6518.0,1435.0,1148.0,903.0,3684.0,1010883.0,7627.0,1098.0
2020-05-18,7600.0,1610.0,1382.0,1028.0,4328.0,1008682.0,8901.0,1274.0
2020-05-19,8852.0,1955.0,1545.0,1272.0,5092.0,1004105.0,10429.0,1528.0
2020-05-20,10304.0,2274.0,1879.0,1479.0,5949.0,1001286.0,12179.0,1750.0
2020-05-21,12082.0,2684.0,2116.0,1737.0,7028.0,999106.0,14259.0,2080.0
2020-05-22,14048.0,3174.0,2517.0,2028.0,8282.0,994385.0,16692.0,2433.0
2020-05-23,16479.0,3696.0,2970.0,2432.0,9669.0,989528.0,19447.0,2755.0
2020-05-24,19048.0,4288.0,3457.0,2794.0,11383.0,984837.0,22784.0,3337.0
2020-05-25,22138.0,5094.0,3921.0,3217.0,13196.0,978478.0,26686.0,3902.0
2020-05-26,25692.0,5638.0,4657.0,3742.0,15415.0,970108.0,31040.0,4354.0
2020-05-27,29692.0,6548.0,5204.0,4373.0,17901.0,961499.0,36071.0,5031.0
2020-05-28,34304.0,7830.0,6112.0,4956.0,20888.0,952479.0,42098.0,6027.0
2020-05-29,39429.0,8938.0,7234.0,5889.0,24255.0,939769.0,48874.0,6776.0
2020-05-30,45577.0,10110.0,8320.0,6712.0,28380.0,926651.0,56553.0,7679.0
2020-05-31,52157.0,11521.0,9514.0,7867.0,33017.0,911694.0,65402.0,8849.0
2020-06-01,59648.0,13440.0,11037.0,8989.0,38692.0,894796.0,75779.0,10377.0
2020-06-02,67652.0,15486.0,12724.0,10372.0,44816.0,875620.0,87672.0,11893.0
2020-06-03,76529.0,17630.0,14397.0,11924.0,51954.0,853991.0,101016.0,13344.0
2020-06-04,86296.0,19798.0,16545.0,13638.0,60043.0,829167.0,116096.0,15080.0
2020-06-05,96913.0,22346.0,18514.0,15747.0,69664.0,802652.0,132863.0,16767.0
2020-06-06,108171.0,25085.0,20979.0,17660.0,80204.0,774396.0,151794.0,18931.0
2020-06-07,119405.0,27888.0,23843.0,19789.0,92569.0,744384.0,172843.0,21049.0
2020-06-08,131004.0,31120.0,26377.0,22346.0,106001.0,710271.0,195965.0,23122.0
2020-06-09,142283.0,34232.0,29490.0,25003.0,121379.0,674457.0,221410.0,25445.0
2020-06-10,153856.0,37327.0,32234.0,28166.0,138049.0,637964.0,248767.0,27357.0
2020-06-11,164188.0,40460.0,35366.0,30949.0,157069.0,598662.0,278457.0,29690.0
2020-06-12,173490.0,43159.0,38675.0,33690.0,178156.0,560497.0,309898.0,31441.0
2020-06-13,181472.0,45589.0,41083.0,36653.0,201205.0,521838.0,342677.0,32779.0
2020-06-14,187968.0,48301.0,44148.0,39401.0,225760.0,483193.0,377334.0,34657.0
2020-06-15,191820.0,50384.0,46265.0,42045.0,252471.0,446257.0,412919.0,35585.0
2020-06-16,194320.0,51594.0,48126.0,44689.0,280495.0,408733.0,449287.0,36368.0
2020-06-17,194196.0,52182.0,49874.0,46874.0,309364.0,374900.0,485857.0,36570.0
2020-06-18,192450.0,52586.0,50808.0,48342.0,340056.0,342667.0,522363.0,36506.0
2020-06-19,188974.0,52167.0,51477.0,49786.0,371319.0,313345.0,558072.0,35709.0
2020-06-20,183781.0,51161.0,51401.0,50747.0,405132.0,286133.0,592972.0,34900.0
2020-06-21,177324.0,50537.0,50896.0,50804.0,437977.0,261306.0,626872.0,33900.0
2020-06-22,169055.0,49059.0,50287.0,50818.0,469789.0,239299.0,659702.0,32830.0
2020-06-23,160412.0,47049.0,48896.0,50090.0,502096.0,218975.0,690947.0,31245.0
2020-06-24,150601.0,44775.0,47735.0,49269.0,534919.0,201236.0,720478.0,29531.0
2020-06-25,140498.0,42451.0,45401.0,47803.0,566987.0,185147.0,748218.0,27740.0
2020-06-26,130363.0,39468.0,43292.0,46031.0,596701.0,172434.0,773858.0,25640.0
2020-06-27,120700.0,36933.0,40785.0,43944.0,626403.0,160305.0,797617.0,23759.0
2020-06-28,111070.0,34376.0,38140.0,41860.0,654177.0,150090.0,819538.0,21921.0
2020-06-29,101945.0,31788.0,35848.0,39272.0,680078.0,140832.0,839804.0,20266.0
2020-06-30,93232.0,29500.0,33372.0,36890.0,703428.0,132519.0,858415.0,18611.0
2020-07-01,84272.0,27051.0,31066.0,34273.0,725495.0,125972.0,875465.0,17050.0
2020-07-02,76838.0,24403.0,28288.0,31961.0,747264.0,119807.0,890693.0,15228.0
2020-07-03,69442.0,22223.0,25778.0,29671.0,766833.0,114069.0,904815.0,14122.0
2020-07-04,62648.0,20257.0,23423.0,27083.0,785600.0,109679.0,917393.0,12578.0
2020-07-05,56828.0,18152.0,21266.0,24593.0,802188.0,105686.0,928566.0,11173.0
2020-07-06,51608.0,16360.0,19340.0,22689.0,816558.0,101725.0,938878.0,10312.0
