time,E,I1,I2,I3,R,S,cumI,diffI
2020-03-06,1.0,3.0,0.0,0.0,0.0,969881.0,0.0,0.0
2020-03-07,0.0,1.0,2.0,0.0,0.0,972166.0,0.0,0.0
2020-03-08,1.0,0.0,0.0,1.0,0.0,979500.0,0.0,0.0
2020-03-09,2.0,0.0,0.0,1.0,0.0,987004.0,0.0,0.0
2020-03-10,3.0,0.0,2.0,0.0,1.0,993286.0,1.0,1.0
2020-03-11,4.0,1.0,1.0,1.0,1.0,998103.0,2.0,1.0
2020-03-12,2.0,0.0,2.0,0.0,1.0,1001305.0,2.0,0.0
2020-03-13,3.0,1.0,1.0,1.0,0.0,1003319.0,3.0,1.0
2020-03-14,6.0,0.0,1.0,1.0,0.0,1007162.0,3.0,0.0
2020-03-15,4.0,0.0,2.0,0.0,1.0,1007258.0,4.0,1.0
2020-03-16,3.0,0.0,0.0,1.0,2.0,1008752.0,5.0,1.0
2020-03-17,2.0,0.0,0.0,0.0,2.0,1010902.0,5.0,0.0
2020-03-18,1.0,0.0,0.0,0.0,2.0,1011999.0,5.0,0.0
2020-03-19,3.0,1.0,0.0,1.0,4.0,1012279.0,5.0,0.0
2020-03-20,4.0,1.0,0.0,1.0,3.0,1012318.0,5.0,0.0
2020-03-21,7.0,2.0,0.0,0.0,5.0,1013722.0,6.0,1.0
2020-03-22,7.0,5.0,1.0,2.0,3.0,1014031.0,10.0,4.0
2020-03-23,11.0,1.0,1.0,3.0,4.0,1014313.0,11.0,1.0
2020-03-24,14.0,0.0,3.0,1.0,5.0,1014618.0,12.0,1.0
2020-03-25,10.0,3.0,1.0,4.0,6.0,1015036.0,15.0,3.0
2020-03-26,16.0,6.0,4.0,1.0,8.0,1015390.0,17.0,2.0
2020-03-27,20.0,6.0,5.0,4.0,7.0,1015026.0,22.0,5.0
2020-03-28,27.0,5.0,7.0,3.0,7.0,1014721.0,24.0,2.0
2020-03-29,31.0,4.0,5.0,5.0,9.0,1014205.0,27.0,3.0
2020-03-30,36.0,13.0,2.0,6.0,16.0,1014069.0,35.0,8.0
2020-03-31,47.0,15.0,5.0,7.0,13.0,1014671.0,45.0,10.0
2020-04-01,50.0,12.0,7.0,8.0,16.0,1014491.0,55.0,10.0
2020-04-02,55.0,7.0,9.0,13.0,23.0,1014362.0,62.0,7.0
2020-04-03,53.0,12.0,4.0,12.0,34.0,1014962.0,70.0,8.0
2020-04-04,70.0,12.0,5.0,12.0,35.0,1015708.0,76.0,6.0
2020-04-05,88.0,23.0,8.0,11.0,40.0,1015280.0,92.0,16.0
2020-04-06,85.0,17.0,22.0,9.0,36.0,1015390.0,111.0,19.0
2020-04-07,110.0,20.0,18.0,14.0,49.0,1016499.0,127.0,16.0
2020-04-08,122.0,19.0,18.0,15.0,64.0,1018236.0,143.0,16.0
2020-04-09,131.0,16.0,22.0,12.0,69.0,1018026.0,164.0,21.0
2020-04-10,142.0,25.0,31.0,24.0,64.0,1019009.0,189.0,25.0
2020-04-11,166.0,29.0,28.0,22.0,91.0,1019699.0,213.0,24.0
2020-04-12,176.0,42.0,27.0,23.0,111.0,1019219.0,247.0,34.0
2020-04-13,192.0,44.0,38.0,31.0,131.0,1018384.0,281.0,34.0
2020-04-14,242.0,50.0,48.0,30.0,147.0,1017113.0,308.0,27.0
2020-04-15,284.0,70.0,37.0,39.0,168.0,1018091.0,355.0,47.0
2020-04-16,344.0,69.0,67.0,36.0,194.0,1018774.0,412.0,57.0
2020-04-17,388.0,93.0,64.0,56.0,226.0,1019232.0,472.0,60.0
2020-04-18,429.0,100.0,83.0,71.0,263.0,1019664.0,545.0,73.0
2020-04-19,525.0,106.0,91.0,77.0,330.0,1018449.0,619.0,74.0
2020-04-20,631.0,113.0,108.0,79.0,359.0,1018158.0,706.0,87.0
2020-04-21,689.0,167.0,113.0,113.0,427.0,1019608.0,852.0,146.0
2020-04-22,807.0,178.0,138.0,108.0,484.0,1018957.0,982.0,130.0
2020-04-23,972.0,198.0,173.0,130.0,548.0,1018661.0,1128.0,146.0
2020-04-24,1145.0,271.0,188.0,158.0,622.0,1018378.0,1307.0,179.0
2020-04-25,1320.0,311.0,241.0,191.0,738.0,1019713.0,1556.0,249.0
2020-04-26,1559.0,369.0,266.0,211.0,884.0,1019096.0,1818.0,262.0
2020-04-27,1853.0,423.0,318.0,239.0,1036.0,1018704.0,2136.0,318.0
2020-04-28,2153.0,483.0,392.0,309.0,1198.0,1017288.0,2503.0,367.0
2020-04-29,2498.0,529.0,422.0,355.0,1375.0,1014187.0,2894.0,391.0
2020-04-30,2833.0,631.0,477.0,382.0,1583.0,1013620.0,3378.0,484.0
2020-05-01,3337.0,760.0,590.0,424.0,1864.0,1013435.0,3917.0,539.0
2020-05-02,3930.0,853.0,690.0,541.0,2192.0,1012594.0,4554.0,637.0
2020-05-03,4642.0,1017.0,771.0,613.0,2616.0,1011441.0,5347.0,793.0
2020-05-04,5354.0,1194.0,991.0,748.0,3090.0,1010504.0,6289.0,942.0
2020-05-05,6296.0,1316.0,1186.0,896.0,3608.0,1008533.0,7321.0,1032.0
2020-05-06,7410.0,1600.0,1325.0,1056.0,4222.0,1006156.0,8566.0,1245.0
2020-05-07,8624.0,1863.0,1564.0,1214.0,4969.0,1004631.0,10048.0,1482.0
2020-05-08,10135.0,2119.0,1785.0,1436.0,5772.0,1002675.0,11723.0,1675.0
2020-05-09,11738.0,2532.0,2035.0,1673.0,6737.0,998306.0,13719.0,1996.0
2020-05-10,13596.0,2991.0,2379.0,1870.0,7763.0,994458.0,15983.0,2264.0
2020-05-11,15557.0,3479.0,2771.0,2191.0,9083.0,988951.0,18667.0,2684.0
2020-05-12,18216.0,3988.0,3210.0,2572.0,10679.0,983597.0,21686.0,3019.0
2020-05-13,21022.0,4629.0,3691.0,3021.0,12519.0,978129.0,25265.0,3579.0
2020-05-14,24418.0,5447.0,4268.0,3487.0,14677.0,970385.0,29465.0,4200.0
2020-05-15,28359.0,6327.0,5077.0,4099.0,17018.0,962796.0,34312.0,4847.0
2020-05-16,32777.0,7246.0,5959.0,4766.0,19820.0,953506.0,39927.0,5615.0
2020-05-17,37922.0,8398.0,6713.0,5595.0,23083.0,942535.0,46433.0,6506.0
2020-05-18,43230.0,9713.0,7868.0,6415.0,26754.0,929303.0,53951.0,7518.0
2020-05-19,49491.0,11274.0,9075.0,7314.0,31156.0,915779.0,62431.0,8480.0
2020-05-20,56734.0,12817.0,10444.0,8374.0,36509.0,898643.0,72160.0,9729.0
2020-05-21,64418.0,14577.0,11828.0,9710.0,41958.0,880577.0,83304.0,11144.0
2020-05-22,72575.0,16698.0,13682.0,11042.0,48533.0,860428.0,95947.0,12643.0
2020-05-23,82280.0,18712.0,15719.0,12772.0,56346.0,836994.0,110094.0,14147.0
2020-05-24,92549.0,21158.0,17973.0,14610.0,65005.0,812670.0,126188.0,16094.0
2020-05-25,103548.0,23869.0,20251.0,16868.0,75040.0,785394.0,144148.0,17960.0
2020-05-26,114430.0,26701.0,22773.0,19082.0,86584.0,755067.0,164413.0,20265.0
2020-05-27,125506.0,29711.0,25409.0,21237.0,99971.0,723338.0,186788.0,22375.0
2020-05-28,136713.0,32732.0,28172.0,23942.0,114932.0,689031.0,211220.0,24432.0
2020-05-29,148356.0,35984.0,30983.0,26761.0,130698.0,653637.0,237653.0,26433.0
2020-05-30,160075.0,38803.0,34455.0,29729.0,149135.0,615621.0,266322.0,28669.0
2020-05-31,170010.0,41578.0,37462.0,32595.0,169357.0,577128.0,296930.0,30608.0
2020-06-01,178505.0,44466.0,39864.0,35654.0,191914.0,537926.0,329403.0,32473.0
2020-06-02,185550.0,46858.0,42632.0,38075.0,215015.0,499873.0,363313.0,33910.0
2020-06-03,190147.0,48988.0,45042.0,40728.0,240346.0,461691.0,398297.0,34984.0
2020-06-04,193019.0,50952.0,47227.0,43583.0,267622.0,424718.0,434166.0,35869.0
2020-06-05,194181.0,51632.0,48963.0,45977.0,296318.0,389178.0,470063.0,35897.0
2020-06-06,193311.0,52371.0,50124.0,47834.0,325909.0,356586.0,506506.0,36443.0
2020-06-07,189903.0,52450.0,51026.0,48927.0,357107.0,326482.0,542488.0,35982.0
2020-06-08,185392.0,51966.0,51467.0,50133.0,389226.0,297810.0,577603.0,35115.0
2020-06-09,178892.0,51272.0,51210.0,50660.0,422258.0,271981.0,612286.0,34683.0
2020-06-10,172119.0,49329.0,50657.0,50592.0,455169.0,248787.0,645363.0,33077.0
2020-06-11,163542.0,47807.0,49839.0,50560.0,488618.0,227451.0,677293.0,31930.0
2020-06-12,153716.0,45677.0,48195.0,49794.0,520547.0,208594.0,707369.0,30076.0
2020-06-13,144244.0,43015.0,45997.0,48749.0,550624.0,192741.0,735454.0,28085.0
2020-06-14,134589.0,40574.0,44067.0,46791.0,581429.0,178761.0,761864.0,26410.0
2020-06-15,125127.0,38158.0,41752.0,44701.0,610623.0,165393.0,786465.0,24601.0
2020-06-16,115128.0,35517.0,39243.0,42444.0,638691.0,154168.0,809502.0,23037.0
2020-06-17,106186.0,32986.0,36732.0,40114.0,665358.0,144406.0,830481.0,20979.0
2020-06-18,96731.0,30416.0,34416.0,37630.0,690630.0,136271.0,849789.0,19308.0
2020-06-19,88183.0,28041.0,31941.0,35357.0,713702.0,129026.0,867592.0,17803.0
2020-06-20,80471.0,25489.0,29361.0,32854.0,735855.0,122647.0,883455.0,15863.0
2020-06-21,72781.0,23153.0,26895.0,30415.0,756146.0,117269.0,898024.0,14569.0
2020-06-22,65791.0,21317.0,24508.0,28212.0,775962.0,112148.0,911348.0,13324.0
2020-06-23,59227.0,19285.0,22631.0,25827.0,792614.0,107893.0,923278.0,11930.0
2020-06-24,53284.0,17331.0,20340.0,23556.0,809123.0,103904.0,934014.0,10736.0
2020-06-25,48024.0,15768.0,18541.0,21620.0,824107.0,100032.0,943739.0,9725.0
2020-06-26,43398.0,14179.0,16702.0,19532.0,837133.0,97113.0,952454.0,8715.0
2020-06-27,39105.0,12579.0,15087.0,17740.0,849231.0,94611.0,960246.0,7792.0
2020-06-28,35025.0,11179.0,13617.0,16015.0,859465.0,92549.0,967236.0,6990.0
2020-06-29,31509.0,10271.0,12098.0,14357.0,868873.0,90614.0,973508.0,6272.0
2020-06-30,27973.0,9175.0,11012.0,13050.0,877532.0,89206.0,979178.0,5670.0
2020-07-01,24965.0,8142.0,9831.0,11662.0,884945.0,87724.0,984106.0,4928.0
2020-07-02,22382.0,7186.0,8834.0,10544.0,892615.0,86349.0,988488.0,4382.0
2020-07-03,20128.0,6528.0,7948.0,9520.0,899750.0,85518.0,992551.0,4063.0
2020-07-04,17748.0,5826.0,7108.0,8449.0,904304.0,84711.0,996085.0,3534.0
2020-07-05,15726.0,5211.0,6345.0,7749.0,909715.0,83572.0,999302.0,3217.0
2020-07-06,14083.0,4698.0,5560.0,6797.0,913791.0,83013.0,1002141.0,2839.0
