time,E,I1,I2,I3,R,S,cumI,diffI
2020-03-06,1.0,1.0,0.0,0.0,0.0,970461.0,0.0,0.0
2020-03-07,1.0,0.0,0.0,0.0,0.0,973818.0,0.0,0.0
2020-03-08,1.0,0.0,0.0,0.0,0.0,981148.0,0.0,0.0
2020-03-09,2.0,0.0,0.0,0.0,0.0,987314.0,0.0,0.0
2020-03-10,2.0,0.0,0.0,0.0,0.0,991934.0,0.0,0.0
2020-03-11,1.0,0.0,0.0,0.0,0.0,996348.0,0.0,0.0
2020-03-12,0.0,0.0,0.0,0.0,0.0,999533.0,0.0,0.0
2020-03-13,0.0,0.0,0.0,0.0,0.0,1002625.0,0.0,0.0
2020-03-14,0.0,0.0,0.0,0.0,0.0,1005462.0,0.0,0.0
2020-03-15,0.0,0.0,0.0,0.0,1.0,1006169.0,0.0,0.0
2020-03-16,0.0,0.0,0.0,0.0,2.0,1006674.0,0.0,0.0
2020-03-17,0.0,0.0,0.0,0.0,2.0,1009758.0,0.0,0.0
2020-03-18,0.0,0.0,1.0,0.0,2.0,1010972.0,0.0,0.0
2020-03-19,0.0,1.0,1.0,1.0,0.0,1010794.0,1.0,1.0
2020-03-20,1.0,0.0,1.0,2.0,0.0,1011985.0,1.0,0.0
2020-03-21,3.0,1.0,0.0,0.0,3.0,1012868.0,2.0,1.0
2020-03-22,4.0,1.0,0.0,0.0,3.0,1013279.0,3.0,1.0
2020-03-23,4.0,1.0,2.0,0.0,4.0,1013713.0,4.0,1.0
2020-03-24,4.0,1.0,0.0,0.0,5.0,1014001.0,5.0,1.0
2020-03-25,3.0,1.0,0.0,0.0,4.0,1013625.0,6.0,1.0
2020-03-26,5.0,0.0,0.0,2.0,1.0,1014037.0,6.0,0.0
2020-03-27,4.0,1.0,1.0,1.0,5.0,1013156.0,8.0,2.0
2020-03-28,5.0,2.0,2.0,0.0,5.0,1013021.0,11.0,3.0
2020-03-29,4.0,1.0,0.0,2.0,4.0,1015618.0,12.0,1.0
2020-03-30,9.0,0.0,2.0,1.0,3.0,1015921.0,13.0,1.0
2020-03-31,14.0,2.0,3.0,2.0,2.0,1014484.0,15.0,2.0
2020-04-01,11.0,4.0,3.0,2.0,6.0,1015272.0,18.0,3.0
2020-04-02,9.0,1.0,2.0,1.0,13.0,1016714.0,20.0,2.0
2020-04-03,11.0,3.0,2.0,2.0,9.0,1017993.0,22.0,2.0
2020-04-04,17.0,4.0,3.0,2.0,11.0,1018143.0,28.0,6.0
2020-04-05,24.0,5.0,3.0,4.0,10.0,1016956.0,32.0,4.0
2020-04-06,29.0,7.0,5.0,4.0,20.0,1016538.0,37.0,5.0
2020-04-07,27.0,13.0,7.0,5.0,18.0,1017277.0,46.0,9.0
2020-04-08,38.0,10.0,11.0,6.0,19.0,1017217.0,53.0,7.0
2020-04-09,44.0,7.0,8.0,13.0,26.0,1017643.0,57.0,4.0
2020-04-10,50.0,13.0,8.0,8.0,29.0,1017906.0,68.0,11.0
2020-04-11,55.0,13.0,9.0,7.0,34.0,1018941.0,78.0,10.0
2020-04-12,59.0,16.0,7.0,11.0,40.0,1018636.0,92.0,14.0
2020-04-13,64.0,13.0,15.0,8.0,56.0,1019392.0,105.0,13.0
2020-04-14,90.0,19.0,13.0,14.0,57.0,1020237.0,118.0,13.0
2020-04-15,101.0,23.0,19.0,17.0,55.0,1020285.0,137.0,19.0
2020-04-16,102.0,18.0,20.0,17.0,75.0,1019274.0,157.0,20.0
2020-04-17,132.0,25.0,29.0,19.0,80.0,1021147.0,176.0,19.0
2020-04-18,177.0,36.0,31.0,27.0,103.0,1019305.0,207.0,31.0
2020-04-19,190.0,39.0,50.0,23.0,112.0,1020502.0,242.0,35.0
2020-04-20,247.0,43.0,53.0,40.0,136.0,1019809.0,281.0,39.0
2020-04-21,265.0,61.0,45.0,44.0,178.0,1019572.0,329.0,48.0
2020-04-22,332.0,70.0,44.0,49.0,200.0,1020327.0,378.0,49.0
2020-04-23,366.0,83.0,54.0,60.0,214.0,1019855.0,439.0,61.0
2020-04-24,461.0,114.0,86.0,52.0,247.0,1019246.0,527.0,88.0
2020-04-25,496.0,131.0,103.0,65.0,283.0,1019673.0,632.0,105.0
2020-04-26,611.0,141.0,125.0,92.0,333.0,1019598.0,731.0,99.0
2020-04-27,750.0,159.0,115.0,120.0,428.0,1020537.0,849.0,118.0
2020-04-28,875.0,177.0,141.0,132.0,508.0,1020908.0,982.0,133.0
2020-04-29,1057.0,206.0,162.0,160.0,603.0,1020635.0,1149.0,167.0
2020-04-30,1190.0,261.0,209.0,154.0,713.0,1021764.0,1350.0,201.0
2020-05-01,1373.0,304.0,228.0,210.0,784.0,1020584.0,1571.0,221.0
2020-05-02,1629.0,351.0,265.0,229.0,932.0,1019680.0,1839.0,268.0
2020-05-03,1910.0,437.0,296.0,279.0,1087.0,1019219.0,2182.0,343.0
2020-05-04,2176.0,522.0,382.0,307.0,1304.0,1018510.0,2583.0,401.0
2020-05-05,2634.0,587.0,466.0,391.0,1450.0,1017533.0,3004.0,421.0
2020-05-06,3066.0,619.0,578.0,412.0,1743.0,1015614.0,3481.0,477.0
2020-05-07,3520.0,812.0,607.0,472.0,2041.0,1016095.0,4134.0,653.0
2020-05-08,4130.0,900.0,751.0,563.0,2459.0,1014702.0,4817.0,683.0
2020-05-09,4976.0,1073.0,861.0,679.0,2893.0,1013842.0,5663.0,846.0
2020-05-10,5761.0,1218.0,1028.0,792.0,3286.0,1012342.0,6606.0,943.0
2020-05-11,6750.0,1483.0,1203.0,952.0,3828.0,1008512.0,7762.0,1156.0
2020-05-12,7907.0,1718.0,1385.0,1141.0,4510.0,1006978.0,9090.0,1328.0
2020-05-13,9243.0,2072.0,1555.0,1327.0,5314.0,1004254.0,10687.0,1597.0
2020-05-14,10668.0,2412.0,1823.0,1539.0,6231.0,1000636.0,12558.0,1871.0
2020-05-15,12494.0,2816.0,2154.0,1737.0,7274.0,997417.0,14767.0,2209.0
2020-05-16,14809.0,3339.0,2617.0,1964.0,8607.0,993205.0,17302.0,2535.0
2020-05-17,17402.0,3735.0,3021.0,2385.0,9937.0,987424.0,20232.0,2930.0
2020-05-18,19914.0,4378.0,3471.0,2756.0,11667.0,981223.0,23644.0,3412.0
2020-05-19,23235.0,5149.0,4094.0,3271.0,13695.0,975725.0,27608.0,3964.0
2020-05-20,27001.0,6064.0,4866.0,3889.0,16023.0,967610.0,32214.0,4606.0
2020-05-21,31533.0,7014.0,5602.0,4631.0,18682.0,957837.0,37682.0,5468.0
2020-05-22,36068.0,8097.0,6481.0,5299.0,22054.0,946103.0,43882.0,6200.0
2020-05-23,41685.0,9343.0,7552.0,6175.0,25898.0,932673.0,51107.0,7225.0
2020-05-24,47922.0,10842.0,8733.0,7136.0,29836.0,918272.0,59468.0,8361.0
2020-05-25,55215.0,12596.0,10052.0,8167.0,34958.0,903391.0,68987.0,9519.0
2020-05-26,62742.0,14126.0,11766.0,9551.0,40615.0,886469.0,79870.0,10883.0
2020-05-27,70929.0,16246.0,13341.0,10883.0,47334.0,866929.0,92277.0,12407.0
2020-05-28,80280.0,18290.0,15236.0,12758.0,54826.0,844384.0,106201.0,13924.0
2020-05-29,90598.0,20772.0,17341.0,14323.0,63459.0,819668.0,121895.0,15694.0
2020-05-30,101468.0,23490.0,19700.0,16285.0,73267.0,790264.0,139569.0,17674.0
2020-05-31,112439.0,26161.0,22128.0,18528.0,84513.0,760304.0,159226.0,19657.0
2020-06-01,124059.0,28945.0,24962.0,20841.0,97440.0,727951.0,181114.0,21888.0
2020-06-02,135557.0,32083.0,27567.0,23594.0,112171.0,693715.0,204979.0,23865.0
2020-06-03,146747.0,35085.0,30568.0,26142.0,128077.0,658639.0,231018.0,26039.0
2020-06-04,157769.0,38346.0,33740.0,29088.0,145798.0,622047.0,259178.0,28160.0
2020-06-05,167813.0,41184.0,36884.0,31832.0,165503.0,582457.0,289378.0,30200.0
2020-06-06,176688.0,44185.0,39307.0,35268.0,186962.0,543718.0,321463.0,32085.0
2020-06-07,184217.0,46246.0,42274.0,37829.0,211034.0,505362.0,355018.0,33555.0
2020-06-08,189249.0,48803.0,45076.0,40503.0,236557.0,465858.0,390216.0,35198.0
2020-06-09,192514.0,50462.0,47044.0,43106.0,262973.0,428465.0,425858.0,35642.0
2020-06-10,194246.0,51340.0,48853.0,45646.0,291585.0,392944.0,462011.0,36153.0
2020-06-11,194620.0,52271.0,50452.0,47159.0,322360.0,359897.0,498153.0,36142.0
2020-06-12,191036.0,52483.0,51536.0,48991.0,353687.0,328472.0,534395.0,36242.0
2020-06-13,186434.0,52162.0,51715.0,50569.0,385363.0,300022.0,570156.0,35761.0
2020-06-14,180794.0,51140.0,51356.0,51364.0,419557.0,273454.0,604885.0,34729.0
2020-06-15,173537.0,49910.0,50368.0,51037.0,453512.0,249533.0,638200.0,33315.0
2020-06-16,164935.0,48110.0,49839.0,50740.0,484824.0,228423.0,670187.0,31987.0
2020-06-17,155884.0,45810.0,48273.0,49863.0,517785.0,210217.0,700357.0,30170.0
2020-06-18,145457.0,43533.0,46555.0,48361.0,549682.0,193518.0,729105.0,28748.0
2020-06-19,135431.0,41178.0,44263.0,46874.0,581363.0,177911.0,755934.0,26829.0
2020-06-20,125606.0,38600.0,41893.0,44947.0,610087.0,165513.0,780781.0,24847.0
2020-06-21,115945.0,35627.0,39682.0,42844.0,638635.0,154071.0,803639.0,22858.0
2020-06-22,106729.0,32964.0,36855.0,40714.0,666154.0,144009.0,824584.0,20945.0
2020-06-23,97586.0,30408.0,34275.0,37904.0,692622.0,135380.0,843954.0,19370.0
2020-06-24,89039.0,27811.0,31865.0,35488.0,715555.0,128446.0,861583.0,17629.0
2020-06-25,80823.0,25625.0,29217.0,33303.0,736812.0,121993.0,877828.0,16245.0
2020-06-26,73284.0,23539.0,26692.0,30814.0,757197.0,116336.0,892702.0,14874.0
2020-06-27,65892.0,21127.0,24484.0,28131.0,776249.0,111360.0,905831.0,13129.0
2020-06-28,59298.0,19146.0,22333.0,25640.0,794626.0,106846.0,917504.0,11673.0
2020-06-29,53138.0,17354.0,20520.0,23635.0,810486.0,103110.0,928231.0,10727.0
2020-06-30,47830.0,15549.0,18493.0,21429.0,824908.0,100015.0,937830.0,9599.0
2020-07-01,42904.0,14123.0,16543.0,19433.0,838078.0,96971.0,946557.0,8727.0
2020-07-02,38585.0,12619.0,14776.0,17811.0,850139.0,94633.0,954326.0,7769.0
2020-07-03,34719.0,11361.0,13280.0,15825.0,862053.0,92562.0,961295.0,6969.0
2020-07-04,30870.0,10118.0,12066.0,14398.0,871258.0,90922.0,967574.0,6279.0
2020-07-05,27521.0,9125.0,11050.0,12784.0,879454.0,89221.0,973187.0,5613.0
2020-07-06,24531.0,8083.0,9989.0,11609.0,886268.0,87437.0,978174.0,4987.0
