time,E,I1,I2,I3,R,S,cumI,diffI
2020-03-06,0.0,3.0,0.0,0.0,0.0,969527.0,0.0,0.0
2020-03-07,3.0,1.0,1.0,0.0,0.0,972253.0,0.0,0.0
2020-03-08,3.0,0.0,0.0,1.0,1.0,978943.0,0.0,0.0
2020-03-09,3.0,0.0,0.0,1.0,1.0,985515.0,0.0,0.0
2020-03-10,2.0,1.0,0.0,0.0,1.0,990233.0,1.0,1.0
2020-03-11,0.0,0.0,0.0,0.0,0.0,996803.0,1.0,0.0
2020-03-12,1.0,0.0,0.0,0.0,0.0,999482.0,1.0,0.0
2020-03-13,2.0,0.0,0.0,0.0,0.0,1003208.0,1.0,0.0
2020-03-14,3.0,0.0,0.0,0.0,1.0,1005276.0,1.0,0.0
2020-03-15,3.0,1.0,0.0,0.0,1.0,1006793.0,2.0,1.0
2020-03-16,3.0,1.0,1.0,0.0,1.0,1008301.0,3.0,1.0
2020-03-17,2.0,1.0,1.0,1.0,1.0,1008091.0,4.0,1.0
2020-03-18,4.0,1.0,1.0,0.0,2.0,1009635.0,4.0,0.0
2020-03-19,2.0,2.0,0.0,0.0,1.0,1010391.0,6.0,2.0
2020-03-20,3.0,2.0,3.0,0.0,0.0,1011696.0,7.0,1.0
2020-03-21,6.0,2.0,5.0,1.0,0.0,1012809.0,10.0,3.0
2020-03-22,6.0,3.0,0.0,1.0,1.0,1012929.0,10.0,0.0
2020-03-23,7.0,5.0,1.0,1.0,2.0,1013310.0,15.0,5.0
2020-03-24,10.0,3.0,2.0,1.0,3.0,1014119.0,17.0,2.0
2020-03-25,10.0,3.0,2.0,2.0,2.0,1014630.0,19.0,2.0
2020-03-26,13.0,5.0,1.0,1.0,3.0,1014056.0,20.0,1.0
2020-03-27,15.0,7.0,3.0,3.0,3.0,1014626.0,24.0,4.0
2020-03-28,19.0,11.0,5.0,3.0,3.0,1014246.0,29.0,5.0
2020-03-29,30.0,10.0,5.0,3.0,7.0,1015194.0,33.0,4.0
2020-03-30,34.0,8.0,4.0,1.0,9.0,1015810.0,40.0,7.0
2020-03-31,36.0,9.0,5.0,2.0,14.0,1015111.0,44.0,4.0
2020-04-01,33.0,7.0,7.0,2.0,16.0,1015255.0,51.0,7.0
2020-04-02,34.0,3.0,9.0,5.0,17.0,1015737.0,52.0,1.0
2020-04-03,44.0,10.0,8.0,6.0,23.0,1015877.0,61.0,9.0
2020-04-04,57.0,13.0,12.0,11.0,26.0,1016358.0,70.0,9.0
2020-04-05,56.0,17.0,10.0,13.0,31.0,1016863.0,82.0,12.0
2020-04-06,70.0,24.0,11.0,13.0,39.0,1017469.0,97.0,15.0
2020-04-07,74.0,19.0,22.0,12.0,54.0,1017559.0,111.0,14.0
2020-04-08,96.0,23.0,18.0,14.0,60.0,1016953.0,131.0,20.0
2020-04-09,112.0,31.0,15.0,20.0,68.0,1017707.0,154.0,23.0
2020-04-10,139.0,32.0,25.0,21.0,79.0,1018665.0,177.0,23.0
2020-04-11,170.0,34.0,27.0,26.0,95.0,1018301.0,201.0,24.0
2020-04-12,201.0,43.0,30.0,35.0,107.0,1017287.0,243.0,42.0
2020-04-13,229.0,44.0,45.0,35.0,123.0,1016450.0,281.0,38.0
2020-04-14,254.0,44.0,46.0,37.0,127.0,1017259.0,323.0,42.0
2020-04-15,279.0,65.0,49.0,40.0,165.0,1017252.0,375.0,52.0
2020-04-16,326.0,73.0,58.0,45.0,195.0,1018424.0,434.0,59.0
2020-04-17,388.0,78.0,76.0,51.0,229.0,1018071.0,486.0,52.0
2020-04-18,410.0,104.0,67.0,67.0,246.0,1018747.0,576.0,90.0
2020-04-19,505.0,106.0,105.0,74.0,293.0,1019731.0,670.0,94.0
2020-04-20,604.0,140.0,107.0,95.0,341.0,1020128.0,786.0,116.0
2020-04-21,702.0,166.0,123.0,102.0,391.0,1019481.0,908.0,122.0
2020-04-22,847.0,172.0,143.0,101.0,472.0,1019154.0,1037.0,129.0
2020-04-23,939.0,214.0,155.0,140.0,512.0,1017714.0,1220.0,183.0
2020-04-24,1079.0,260.0,202.0,141.0,596.0,1019016.0,1410.0,190.0
2020-04-25,1270.0,267.0,216.0,199.0,687.0,1017931.0,1609.0,199.0
2020-04-26,1452.0,304.0,260.0,191.0,786.0,1018153.0,1845.0,236.0
2020-04-27,1705.0,349.0,278.0,220.0,950.0,1018461.0,2115.0,270.0
2020-04-28,1979.0,475.0,331.0,275.0,1086.0,1016789.0,2495.0,380.0
2020-04-29,2318.0,490.0,419.0,319.0,1229.0,1015584.0,2847.0,352.0
2020-04-30,2758.0,594.0,507.0,370.0,1451.0,1015060.0,3296.0,449.0
2020-05-01,3152.0,737.0,603.0,468.0,1685.0,1014187.0,3901.0,605.0
2020-05-02,3790.0,831.0,686.0,526.0,2058.0,1012907.0,4494.0,593.0
2020-05-03,4447.0,979.0,785.0,615.0,2459.0,1012196.0,5252.0,758.0
2020-05-04,5099.0,1156.0,951.0,717.0,2782.0,1011444.0,6179.0,927.0
2020-05-05,5781.0,1358.0,1049.0,771.0,3301.0,1010056.0,7193.0,1014.0
2020-05-06,6882.0,1537.0,1223.0,940.0,3840.0,1009412.0,8314.0,1121.0
2020-05-07,7951.0,1749.0,1459.0,1075.0,4476.0,1006841.0,9744.0,1430.0
2020-05-08,9130.0,1984.0,1622.0,1272.0,5362.0,1004902.0,11296.0,1552.0
2020-05-09,10589.0,2318.0,1772.0,1495.0,6167.0,1002822.0,13050.0,1754.0
2020-05-10,12395.0,2758.0,2159.0,1740.0,7219.0,997732.0,15199.0,2149.0
2020-05-11,14330.0,3164.0,2528.0,2033.0,8469.0,993953.0,17599.0,2400.0
2020-05-12,16817.0,3592.0,3038.0,2293.0,9951.0,988938.0,20375.0,2776.0
2020-05-13,19329.0,4287.0,3397.0,2760.0,11576.0,983120.0,23709.0,3334.0
2020-05-14,22486.0,5025.0,4045.0,3142.0,13403.0,977123.0,27610.0,3901.0
2020-05-15,26082.0,5759.0,4769.0,3748.0,15510.0,969224.0,31967.0,4357.0
2020-05-16,30416.0,6692.0,5433.0,4439.0,18034.0,961242.0,37199.0,5232.0
2020-05-17,34879.0,7846.0,6268.0,5180.0,21189.0,949887.0,43236.0,6037.0
2020-05-18,40192.0,8863.0,7269.0,5856.0,24788.0,937618.0,50076.0,6840.0
2020-05-19,46194.0,10349.0,8351.0,6761.0,28765.0,926015.0,57849.0,7773.0
2020-05-20,52630.0,11914.0,9657.0,7664.0,33226.0,910879.0,66934.0,9085.0
2020-05-21,60102.0,13618.0,11161.0,8936.0,38716.0,892829.0,77328.0,10394.0
2020-05-22,68199.0,15590.0,12644.0,10471.0,44799.0,873936.0,89053.0,11725.0
2020-05-23,77142.0,17582.0,14482.0,11799.0,51888.0,852860.0,102416.0,13363.0
2020-05-24,86588.0,19911.0,16310.0,13671.0,59873.0,828879.0,117704.0,15288.0
2020-05-25,96865.0,22280.0,18459.0,15398.0,69308.0,803233.0,134598.0,16894.0
2020-05-26,107432.0,25309.0,20899.0,17393.0,79622.0,774631.0,153592.0,18994.0
2020-05-27,118735.0,27927.0,23779.0,19723.0,91771.0,743563.0,174471.0,20879.0
2020-05-28,130271.0,30981.0,26392.0,22050.0,105465.0,710081.0,197520.0,23049.0
2020-05-29,141644.0,34377.0,29262.0,24583.0,120619.0,675578.0,222864.0,25344.0
2020-05-30,153051.0,37177.0,32491.0,27530.0,136789.0,638464.0,250300.0,27436.0
2020-05-31,163397.0,40422.0,35189.0,30969.0,155286.0,601173.0,279939.0,29639.0
2020-06-01,172288.0,43136.0,37996.0,33684.0,176089.0,562904.0,311214.0,31275.0
2020-06-02,179960.0,45184.0,41082.0,35951.0,198843.0,525290.0,343786.0,32572.0
2020-06-03,186394.0,47376.0,43640.0,39166.0,222445.0,486693.0,377706.0,33920.0
2020-06-04,190299.0,49355.0,45911.0,41279.0,248703.0,449978.0,412984.0,35278.0
2020-06-05,192930.0,50816.0,47530.0,43717.0,276470.0,414082.0,448854.0,35870.0
2020-06-06,193588.0,51988.0,49124.0,46031.0,305218.0,380009.0,485427.0,36573.0
2020-06-07,192927.0,52395.0,50649.0,47718.0,334494.0,346903.0,521586.0,36159.0
2020-06-08,189666.0,52246.0,51256.0,49078.0,366365.0,317393.0,557268.0,35682.0
2020-06-09,184531.0,51715.0,51635.0,50128.0,398229.0,290082.0,592622.0,35354.0
2020-06-10,178285.0,50457.0,51381.0,50805.0,430003.0,265255.0,626639.0,34017.0
2020-06-11,170729.0,49366.0,50273.0,50616.0,463338.0,242650.0,659621.0,32982.0
2020-06-12,161784.0,47413.0,49245.0,50133.0,496030.0,222349.0,691297.0,31676.0
2020-06-13,152085.0,45216.0,47772.0,49220.0,527482.0,204573.0,721277.0,29980.0
2020-06-14,142366.0,42677.0,45684.0,47909.0,558974.0,189142.0,749042.0,27765.0
2020-06-15,132570.0,40309.0,43492.0,46370.0,589410.0,175318.0,775358.0,26316.0
2020-06-16,122792.0,37448.0,41399.0,44070.0,618828.0,163350.0,799711.0,24353.0
2020-06-17,113240.0,34772.0,38862.0,42097.0,645520.0,152999.0,821939.0,22228.0
2020-06-18,103983.0,32389.0,35807.0,39965.0,671039.0,143958.0,842414.0,20475.0
2020-06-19,94652.0,30002.0,33456.0,36952.0,696409.0,135733.0,861486.0,19072.0
2020-06-20,86110.0,27370.0,30966.0,34597.0,719365.0,128882.0,878701.0,17215.0
2020-06-21,78540.0,25001.0,28617.0,32246.0,740777.0,122600.0,894418.0,15717.0
2020-06-22,71399.0,22878.0,26054.0,29977.0,760302.0,117139.0,908432.0,14014.0
2020-06-23,64354.0,20854.0,24289.0,27524.0,778719.0,111949.0,921531.0,13099.0
2020-06-24,58382.0,19083.0,21942.0,25259.0,795416.0,108020.0,933175.0,11644.0
2020-06-25,52618.0,17066.0,20005.0,23449.0,810896.0,104434.0,943703.0,10528.0
2020-06-26,47634.0,15298.0,18246.0,21125.0,825203.0,100831.0,953075.0,9372.0
2020-06-27,42957.0,13947.0,16306.0,19154.0,837060.0,98283.0,961747.0,8672.0
2020-06-28,38498.0,12500.0,14869.0,17575.0,848269.0,95519.0,969514.0,7767.0
2020-06-29,34606.0,11525.0,13580.0,15875.0,858567.0,93379.0,976680.0,7166.0
2020-06-30,30833.0,10164.0,12346.0,14478.0,868036.0,91465.0,982956.0,6276.0
2020-07-01,27786.0,9047.0,11025.0,13067.0,876625.0,89757.0,988511.0,5555.0
2020-07-02,24948.0,8141.0,9760.0,11632.0,884604.0,88772.0,993619.0,5108.0
2020-07-03,22185.0,7341.0,8901.0,10601.0,892775.0,87263.0,998190.0,4571.0
2020-07-04,19885.0,6474.0,7986.0,9587.0,899356.0,85861.0,1002151.0,3961.0
2020-07-05,17798.0,5714.0,7117.0,8507.0,904399.0,84819.0,1005654.0,3503.0
2020-07-06,15701.0,5293.0,6244.0,7561.0,909781.0,84360.0,1008906.0,3252.0
