time,E,I1,I2,I3,R,S,cumI,diffI
2020-03-06,2.0,2.0,0.0,0.0,0.0,969274.0,0.0,0.0
2020-03-07,3.0,1.0,1.0,0.0,0.0,971590.0,0.0,0.0
2020-03-08,1.0,1.0,2.0,0.0,0.0,980016.0,2.0,2.0
2020-03-09,3.0,0.0,2.0,0.0,0.0,986325.0,3.0,1.0
2020-03-10,4.0,0.0,0.0,2.0,0.0,991731.0,3.0,0.0
2020-03-11,4.0,1.0,0.0,1.0,1.0,996187.0,4.0,1.0
2020-03-12,4.0,0.0,0.0,1.0,2.0,1000796.0,4.0,0.0
2020-03-13,4.0,1.0,0.0,0.0,2.0,1003018.0,4.0,0.0
2020-03-14,5.0,0.0,0.0,0.0,1.0,1006297.0,4.0,0.0
2020-03-15,4.0,1.0,0.0,0.0,1.0,1009238.0,5.0,1.0
2020-03-16,5.0,0.0,1.0,0.0,1.0,1009522.0,5.0,0.0
2020-03-17,5.0,1.0,0.0,0.0,1.0,1009949.0,6.0,1.0
2020-03-18,7.0,1.0,1.0,1.0,3.0,1010856.0,7.0,1.0
2020-03-19,7.0,1.0,3.0,0.0,4.0,1010896.0,9.0,2.0
2020-03-20,4.0,1.0,3.0,1.0,4.0,1011176.0,11.0,2.0
2020-03-21,7.0,1.0,1.0,1.0,3.0,1011233.0,11.0,0.0
2020-03-22,5.0,0.0,2.0,0.0,5.0,1012211.0,11.0,0.0
2020-03-23,7.0,1.0,1.0,1.0,6.0,1014015.0,11.0,0.0
2020-03-24,9.0,2.0,1.0,1.0,6.0,1015071.0,13.0,2.0
2020-03-25,8.0,1.0,1.0,1.0,6.0,1015239.0,14.0,1.0
2020-03-26,11.0,2.0,1.0,2.0,10.0,1015967.0,17.0,3.0
2020-03-27,16.0,3.0,2.0,3.0,11.0,1016728.0,19.0,2.0
2020-03-28,23.0,2.0,2.0,3.0,12.0,1016416.0,20.0,1.0
2020-03-29,25.0,5.0,4.0,2.0,11.0,1017090.0,26.0,6.0
2020-03-30,31.0,12.0,1.0,5.0,7.0,1016606.0,33.0,7.0
2020-03-31,38.0,13.0,9.0,7.0,13.0,1016974.0,41.0,8.0
2020-04-01,57.0,12.0,13.0,11.0,18.0,1015494.0,48.0,7.0
2020-04-02,66.0,13.0,20.0,12.0,20.0,1015849.0,64.0,16.0
2020-04-03,82.0,16.0,16.0,13.0,32.0,1016055.0,76.0,12.0
2020-04-04,66.0,18.0,16.0,18.0,49.0,1015706.0,92.0,16.0
2020-04-05,90.0,18.0,17.0,13.0,63.0,1016521.0,105.0,13.0
2020-04-06,119.0,26.0,20.0,14.0,59.0,1016059.0,124.0,19.0
2020-04-07,123.0,24.0,27.0,14.0,77.0,1016360.0,143.0,19.0
2020-04-08,150.0,26.0,22.0,22.0,91.0,1016297.0,168.0,25.0
2020-04-09,186.0,46.0,26.0,18.0,87.0,1016265.0,203.0,35.0
2020-04-10,200.0,52.0,30.0,15.0,109.0,1017509.0,243.0,40.0
2020-04-11,217.0,58.0,44.0,23.0,116.0,1017833.0,291.0,48.0
2020-04-12,257.0,61.0,48.0,38.0,130.0,1017343.0,324.0,33.0
2020-04-13,288.0,82.0,49.0,41.0,156.0,1018932.0,392.0,68.0
2020-04-14,359.0,76.0,67.0,42.0,185.0,1017290.0,447.0,55.0
2020-04-15,402.0,98.0,60.0,63.0,226.0,1018997.0,524.0,77.0
2020-04-16,474.0,117.0,84.0,63.0,264.0,1018469.0,616.0,92.0
2020-04-17,560.0,127.0,94.0,77.0,310.0,1018159.0,708.0,92.0
2020-04-18,655.0,142.0,108.0,86.0,369.0,1019004.0,816.0,108.0
2020-04-19,710.0,170.0,129.0,96.0,429.0,1019110.0,942.0,126.0
2020-04-20,850.0,195.0,154.0,126.0,517.0,1017496.0,1090.0,148.0
2020-04-21,1023.0,223.0,188.0,145.0,615.0,1017404.0,1252.0,162.0
2020-04-22,1223.0,267.0,207.0,167.0,739.0,1016414.0,1449.0,197.0
2020-04-23,1473.0,325.0,237.0,212.0,844.0,1017743.0,1710.0,261.0
2020-04-24,1681.0,329.0,308.0,237.0,954.0,1017439.0,1977.0,267.0
2020-04-25,1928.0,424.0,301.0,232.0,1079.0,1017757.0,2303.0,326.0
2020-04-26,2215.0,495.0,379.0,310.0,1262.0,1016772.0,2691.0,388.0
2020-04-27,2576.0,597.0,447.0,352.0,1504.0,1015701.0,3124.0,433.0
2020-04-28,3034.0,683.0,549.0,423.0,1692.0,1016295.0,3638.0,514.0
2020-04-29,3536.0,808.0,624.0,528.0,1981.0,1014566.0,4247.0,609.0
2020-04-30,4176.0,892.0,754.0,625.0,2349.0,1014005.0,4952.0,705.0
2020-05-01,4915.0,1092.0,840.0,725.0,2816.0,1013577.0,5830.0,878.0
2020-05-02,5769.0,1258.0,1011.0,800.0,3299.0,1010669.0,6812.0,982.0
2020-05-03,6640.0,1445.0,1161.0,902.0,3881.0,1008353.0,7917.0,1105.0
2020-05-04,7857.0,1677.0,1377.0,1124.0,4517.0,1006525.0,9239.0,1322.0
2020-05-05,9173.0,1997.0,1597.0,1292.0,5284.0,1002751.0,10788.0,1549.0
2020-05-06,10604.0,2299.0,1926.0,1507.0,6131.0,1000625.0,12606.0,1818.0
2020-05-07,12336.0,2837.0,2172.0,1822.0,7090.0,997320.0,14795.0,2189.0
2020-05-08,14404.0,3227.0,2573.0,1978.0,8284.0,992189.0,17212.0,2417.0
2020-05-09,16747.0,3749.0,2934.0,2423.0,9576.0,987256.0,20044.0,2832.0
2020-05-10,19357.0,4283.0,3469.0,2802.0,11140.0,981947.0,23353.0,3309.0
2020-05-11,22248.0,5040.0,3987.0,3199.0,13022.0,975032.0,27297.0,3944.0
2020-05-12,25965.0,5788.0,4711.0,3703.0,15216.0,968108.0,31705.0,4408.0
2020-05-13,29574.0,6689.0,5411.0,4430.0,17841.0,958655.0,36894.0,5189.0
2020-05-14,34410.0,7475.0,6323.0,4986.0,20859.0,949255.0,42663.0,5769.0
2020-05-15,39525.0,8835.0,7193.0,5882.0,24118.0,938599.0,49429.0,6766.0
2020-05-16,45429.0,10226.0,8277.0,6744.0,27997.0,925995.0,57199.0,7770.0
2020-05-17,51908.0,11837.0,9831.0,7710.0,32801.0,911134.0,66288.0,9089.0
2020-05-18,59496.0,13352.0,11229.0,9009.0,37969.0,894420.0,76556.0,10268.0
2020-05-19,67448.0,15020.0,12548.0,10197.0,44218.0,874902.0,88012.0,11456.0
2020-05-20,75905.0,17468.0,14077.0,11647.0,51189.0,854837.0,101341.0,13329.0
2020-05-21,85271.0,19722.0,16146.0,13327.0,58870.0,831730.0,116323.0,14982.0
2020-05-22,95320.0,22040.0,18354.0,15356.0,68305.0,806314.0,132945.0,16622.0
2020-05-23,106198.0,24475.0,20778.0,17099.0,78487.0,779222.0,151228.0,18283.0
2020-05-24,117689.0,27468.0,23282.0,19551.0,90293.0,747944.0,171743.0,20515.0
2020-05-25,128859.0,30199.0,26304.0,21799.0,103425.0,714187.0,194415.0,22672.0
2020-05-26,139766.0,33508.0,29265.0,24436.0,118452.0,679724.0,219508.0,25093.0
2020-05-27,150922.0,36291.0,31810.0,27359.0,135121.0,644155.0,246254.0,26746.0
2020-05-28,161267.0,39267.0,34702.0,30069.0,153141.0,606788.0,275171.0,28917.0
2020-05-29,171311.0,42374.0,37526.0,32930.0,173347.0,567340.0,306111.0,30940.0
2020-05-30,179235.0,45047.0,40581.0,35922.0,195666.0,529798.0,338981.0,32870.0
2020-05-31,185365.0,47025.0,43288.0,38774.0,218996.0,491468.0,372980.0,33999.0
2020-06-01,189600.0,49113.0,45640.0,41638.0,245281.0,454557.0,408140.0,35160.0
2020-06-02,192654.0,50731.0,47276.0,44207.0,272646.0,418211.0,443873.0,35733.0
2020-06-03,194397.0,51630.0,49326.0,46445.0,301236.0,383397.0,480052.0,36179.0
2020-06-04,192727.0,52218.0,50110.0,48368.0,331489.0,352064.0,516589.0,36537.0
2020-06-05,189159.0,52477.0,51120.0,49237.0,362309.0,322869.0,552682.0,36093.0
2020-06-06,184689.0,51685.0,51279.0,50243.0,393601.0,294787.0,587999.0,35317.0
2020-06-07,178541.0,50370.0,51217.0,50587.0,425719.0,269895.0,622002.0,34003.0
2020-06-08,170957.0,49014.0,50496.0,50761.0,458852.0,247002.0,654997.0,32995.0
2020-06-09,162445.0,47477.0,49245.0,50128.0,490499.0,227403.0,686577.0,31580.0
2020-06-10,153411.0,45044.0,47590.0,49222.0,522274.0,209108.0,716448.0,29871.0
2020-06-11,144182.0,42700.0,45769.0,47820.0,553325.0,193006.0,744321.0,27873.0
2020-06-12,134161.0,40532.0,43709.0,46331.0,583541.0,179159.0,770796.0,26475.0
2020-06-13,124465.0,38286.0,41243.0,44438.0,611612.0,166572.0,795381.0,24585.0
2020-06-14,114958.0,35530.0,39106.0,42313.0,639120.0,155393.0,818256.0,22875.0
2020-06-15,105865.0,32645.0,36646.0,40053.0,665412.0,145744.0,839148.0,20892.0
2020-06-16,97366.0,30413.0,34074.0,37702.0,689175.0,137829.0,858549.0,19401.0
2020-06-17,88976.0,27995.0,31668.0,35125.0,712563.0,130845.0,876125.0,17576.0
2020-06-18,80846.0,25707.0,29258.0,32825.0,734449.0,125017.0,892300.0,16175.0
2020-06-19,73317.0,23230.0,26853.0,30471.0,754025.0,119559.0,906854.0,14554.0
2020-06-20,66278.0,21214.0,24622.0,28184.0,772141.0,114555.0,920094.0,13240.0
2020-06-21,59857.0,19121.0,22550.0,25969.0,789520.0,110230.0,932051.0,11957.0
2020-06-22,54241.0,17542.0,20551.0,23767.0,805158.0,106321.0,942854.0,10803.0
2020-06-23,49046.0,15931.0,18702.0,21744.0,819976.0,103259.0,952730.0,9876.0
2020-06-24,44335.0,14469.0,17087.0,20052.0,832390.0,99965.0,961697.0,8967.0
2020-06-25,39660.0,13027.0,15401.0,18182.0,845136.0,97501.0,969790.0,8093.0
2020-06-26,35638.0,11651.0,13886.0,16334.0,856934.0,95234.0,976953.0,7163.0
2020-06-27,31880.0,10542.0,12555.0,14980.0,865868.0,92963.0,983394.0,6441.0
2020-06-28,28867.0,9380.0,11339.0,13527.0,874232.0,91744.0,989093.0,5699.0
2020-06-29,25829.0,8470.0,10103.0,12226.0,883176.0,90111.0,994283.0,5190.0
2020-06-30,23115.0,7521.0,9147.0,10933.0,891551.0,88712.0,998966.0,4683.0
2020-07-01,20829.0,6881.0,8076.0,9819.0,897879.0,87618.0,1003087.0,4121.0
2020-07-02,18691.0,5999.0,7523.0,8855.0,902910.0,86561.0,1006782.0,3695.0
2020-07-03,16740.0,5423.0,6725.0,7934.0,908217.0,85766.0,1010114.0,3332.0
2020-07-04,14916.0,4937.0,5955.0,7181.0,913723.0,84543.0,1013146.0,3032.0
2020-07-05,13224.0,4398.0,5345.0,6454.0,916934.0,83649.0,1015851.0,2705.0
2020-07-06,11783.0,3923.0,4704.0,5907.0,921162.0,82999.0,1018193.0,2342.0
