time,E,I1,I2,I3,R,S,cumI,diffI
2020-03-06,0.0,2.0,0.0,0.0,0.0,970314.0,0.0,0.0
2020-03-07,0.0,1.0,0.0,0.0,0.0,973122.0,0.0,0.0
2020-03-08,0.0,1.0,0.0,0.0,0.0,979815.0,0.0,0.0
2020-03-09,1.0,1.0,0.0,0.0,0.0,986175.0,0.0,0.0
2020-03-10,1.0,0.0,0.0,0.0,0.0,992885.0,0.0,0.0
2020-03-11,1.0,0.0,0.0,0.0,0.0,997571.0,0.0,0.0
2020-03-12,0.0,0.0,1.0,0.0,0.0,1001291.0,0.0,0.0
2020-03-13,1.0,1.0,0.0,1.0,0.0,1002974.0,0.0,0.0
2020-03-14,2.0,1.0,0.0,1.0,1.0,1005035.0,1.0,1.0
2020-03-15,2.0,0.0,1.0,1.0,1.0,1006033.0,1.0,0.0
2020-03-16,4.0,1.0,1.0,2.0,0.0,1007559.0,2.0,1.0
2020-03-17,3.0,1.0,1.0,0.0,2.0,1010031.0,2.0,0.0
2020-03-18,5.0,0.0,1.0,1.0,1.0,1010305.0,2.0,0.0
2020-03-19,9.0,1.0,1.0,1.0,1.0,1012369.0,3.0,1.0
2020-03-20,9.0,1.0,1.0,2.0,2.0,1012479.0,4.0,1.0
2020-03-21,12.0,2.0,2.0,1.0,2.0,1012896.0,6.0,2.0
2020-03-22,14.0,4.0,1.0,0.0,4.0,1013348.0,8.0,2.0
2020-03-23,14.0,2.0,3.0,1.0,5.0,1013419.0,9.0,1.0
2020-03-24,17.0,6.0,1.0,1.0,6.0,1014034.0,14.0,5.0
2020-03-25,20.0,5.0,4.0,0.0,7.0,1013077.0,18.0,4.0
2020-03-26,21.0,4.0,4.0,5.0,9.0,1014744.0,21.0,3.0
2020-03-27,19.0,2.0,6.0,3.0,10.0,1016220.0,23.0,2.0
2020-03-28,22.0,9.0,4.0,1.0,11.0,1017601.0,28.0,5.0
2020-03-29,30.0,7.0,6.0,2.0,11.0,1017171.0,33.0,5.0
2020-03-30,38.0,10.0,12.0,2.0,14.0,1017120.0,40.0,7.0
2020-03-31,44.0,8.0,8.0,3.0,20.0,1016565.0,43.0,3.0
2020-04-01,56.0,10.0,14.0,6.0,16.0,1016176.0,53.0,10.0
2020-04-02,64.0,12.0,16.0,5.0,22.0,1016328.0,65.0,12.0
2020-04-03,95.0,13.0,15.0,14.0,38.0,1017463.0,77.0,12.0
2020-04-04,81.0,20.0,12.0,18.0,45.0,1017851.0,95.0,18.0
2020-04-05,97.0,22.0,14.0,13.0,49.0,1015897.0,110.0,15.0
2020-04-06,105.0,23.0,22.0,15.0,54.0,1016691.0,130.0,20.0
2020-04-07,121.0,29.0,21.0,11.0,70.0,1016768.0,148.0,18.0
2020-04-08,127.0,30.0,27.0,11.0,77.0,1018356.0,175.0,27.0
2020-04-09,148.0,39.0,28.0,26.0,94.0,1016760.0,205.0,30.0
2020-04-10,169.0,55.0,24.0,24.0,114.0,1017135.0,239.0,34.0
2020-04-11,217.0,57.0,36.0,38.0,128.0,1017395.0,277.0,38.0
2020-04-12,251.0,60.0,44.0,42.0,156.0,1018427.0,311.0,34.0
2020-04-13,302.0,67.0,54.0,63.0,207.0,1019293.0,368.0,57.0
2020-04-14,381.0,77.0,87.0,58.0,225.0,1019015.0,438.0,70.0
2020-04-15,446.0,83.0,87.0,74.0,271.0,1019222.0,500.0,62.0
2020-04-16,518.0,103.0,82.0,59.0,334.0,1019930.0,596.0,96.0
2020-04-17,566.0,101.0,107.0,76.0,352.0,1020149.0,679.0,83.0
2020-04-18,651.0,147.0,112.0,74.0,387.0,1019835.0,817.0,138.0
2020-04-19,790.0,161.0,145.0,102.0,430.0,1018863.0,940.0,123.0
2020-04-20,871.0,190.0,152.0,128.0,516.0,1020049.0,1094.0,154.0
2020-04-21,986.0,203.0,197.0,145.0,601.0,1017998.0,1257.0,163.0
2020-04-22,1199.0,240.0,200.0,176.0,703.0,1018265.0,1437.0,180.0
2020-04-23,1384.0,309.0,229.0,199.0,796.0,1018222.0,1661.0,224.0
2020-04-24,1621.0,356.0,280.0,222.0,950.0,1017914.0,1942.0,281.0
2020-04-25,1910.0,424.0,326.0,252.0,1123.0,1017250.0,2267.0,325.0
2020-04-26,2236.0,518.0,382.0,306.0,1283.0,1017486.0,2667.0,400.0
2020-04-27,2683.0,562.0,476.0,379.0,1520.0,1017224.0,3083.0,416.0
2020-04-28,3106.0,639.0,541.0,431.0,1786.0,1015867.0,3593.0,510.0
2020-04-29,3597.0,786.0,622.0,531.0,2122.0,1014123.0,4218.0,625.0
2020-04-30,4186.0,973.0,691.0,633.0,2457.0,1013749.0,4945.0,727.0
2020-05-01,4934.0,1103.0,853.0,685.0,2868.0,1012703.0,5748.0,803.0
2020-05-02,5742.0,1266.0,1000.0,786.0,3264.0,1010695.0,6745.0,997.0
2020-05-03,6630.0,1451.0,1211.0,941.0,3901.0,1010059.0,7870.0,1125.0
2020-05-04,7694.0,1678.0,1399.0,1076.0,4507.0,1006639.0,9219.0,1349.0
2020-05-05,8978.0,1945.0,1609.0,1342.0,5214.0,1003639.0,10751.0,1532.0
2020-05-06,10594.0,2281.0,1816.0,1569.0,6073.0,1001578.0,12511.0,1760.0
2020-05-07,12332.0,2635.0,2173.0,1792.0,7181.0,998361.0,14547.0,2036.0
2020-05-08,14286.0,3106.0,2512.0,2110.0,8257.0,994199.0,16986.0,2439.0
2020-05-09,16590.0,3649.0,2960.0,2399.0,9702.0,987966.0,19858.0,2872.0
2020-05-10,19010.0,4266.0,3323.0,2728.0,11324.0,983383.0,23142.0,3284.0
2020-05-11,22122.0,4959.0,4053.0,3108.0,13136.0,975967.0,26993.0,3851.0
2020-05-12,25622.0,5743.0,4599.0,3648.0,15273.0,968580.0,31348.0,4355.0
2020-05-13,29463.0,6606.0,5368.0,4254.0,17926.0,959999.0,36439.0,5091.0
2020-05-14,34135.0,7713.0,6117.0,4977.0,20759.0,948585.0,42387.0,5948.0
2020-05-15,39237.0,8751.0,7172.0,5838.0,24269.0,938535.0,49185.0,6798.0
2020-05-16,45209.0,10034.0,8305.0,6622.0,28320.0,925668.0,56974.0,7789.0
2020-05-17,51627.0,11547.0,9438.0,7751.0,32710.0,911218.0,65832.0,8858.0
2020-05-18,58957.0,13373.0,10986.0,8806.0,38002.0,893960.0,76025.0,10193.0
2020-05-19,66911.0,15188.0,12440.0,10220.0,44189.0,875289.0,87762.0,11737.0
2020-05-20,75583.0,17286.0,14250.0,11561.0,51462.0,854461.0,100827.0,13065.0
2020-05-21,85107.0,19301.0,16365.0,13554.0,59281.0,830415.0,115600.0,14773.0
2020-05-22,95209.0,21621.0,18304.0,15354.0,68315.0,805688.0,132098.0,16498.0
2020-05-23,105783.0,24496.0,20461.0,17409.0,78260.0,778601.0,150521.0,18423.0
2020-05-24,116880.0,27406.0,23069.0,19573.0,90279.0,748421.0,170868.0,20347.0
2020-05-25,128287.0,30185.0,26027.0,21873.0,103182.0,717286.0,193643.0,22775.0
2020-05-26,140066.0,33608.0,28738.0,24291.0,117884.0,682117.0,218519.0,24876.0
2020-05-27,150970.0,36640.0,31832.0,27324.0,134125.0,645976.0,245734.0,27215.0
2020-05-28,161539.0,39571.0,34760.0,30295.0,153048.0,607504.0,274660.0,28926.0
2020-05-29,170964.0,42282.0,37542.0,33198.0,172893.0,569165.0,305480.0,30820.0
2020-05-30,178653.0,44806.0,40482.0,35866.0,194853.0,531172.0,338061.0,32581.0
2020-05-31,184861.0,47373.0,43031.0,38694.0,218392.0,493416.0,372250.0,34189.0
2020-06-01,190511.0,49222.0,45226.0,41159.0,244864.0,455807.0,407366.0,35116.0
2020-06-02,193096.0,50738.0,47227.0,43971.0,272103.0,419281.0,443449.0,36083.0
2020-06-03,193784.0,51785.0,48764.0,46238.0,300635.0,385405.0,479445.0,35996.0
2020-06-04,192060.0,52239.0,50071.0,48278.0,330210.0,353468.0,515817.0,36372.0
2020-06-05,189826.0,52370.0,51086.0,49239.0,361141.0,323079.0,551519.0,35702.0
2020-06-06,184685.0,51607.0,51522.0,49879.0,393008.0,295890.0,586591.0,35072.0
2020-06-07,178407.0,50621.0,51133.0,50581.0,424617.0,270126.0,620712.0,34121.0
2020-06-08,170906.0,48995.0,50293.0,50890.0,457928.0,247288.0,653456.0,32744.0
2020-06-09,162800.0,47128.0,49258.0,50211.0,489781.0,226664.0,684994.0,31538.0
2020-06-10,153624.0,45509.0,47765.0,49273.0,521316.0,209208.0,715065.0,30071.0
2020-06-11,144069.0,42793.0,45574.0,48165.0,553657.0,192918.0,742930.0,27865.0
2020-06-12,133928.0,40605.0,43823.0,46533.0,583450.0,178528.0,769534.0,26604.0
2020-06-13,124440.0,37997.0,41308.0,44804.0,613005.0,165954.0,793992.0,24458.0
2020-06-14,115082.0,35057.0,38947.0,42697.0,640051.0,154502.0,816474.0,22482.0
2020-06-15,105615.0,32684.0,36877.0,40165.0,665691.0,145257.0,837390.0,20916.0
2020-06-16,96549.0,30091.0,34605.0,37834.0,690228.0,137190.0,856651.0,19261.0
2020-06-17,88251.0,27858.0,31456.0,35542.0,714757.0,129898.0,874213.0,17562.0
2020-06-18,80420.0,25503.0,29046.0,32727.0,736549.0,123450.0,890394.0,16181.0
2020-06-19,72835.0,23429.0,26865.0,30319.0,755995.0,117701.0,905121.0,14727.0
2020-06-20,65781.0,20991.0,24631.0,28136.0,774519.0,113024.0,918207.0,13086.0
2020-06-21,59259.0,19375.0,22462.0,25815.0,792179.0,108372.0,930257.0,12050.0
2020-06-22,53842.0,17623.0,20473.0,23714.0,806649.0,104663.0,941104.0,10847.0
2020-06-23,48373.0,16016.0,18591.0,21783.0,821340.0,101696.0,950924.0,9820.0
2020-06-24,43473.0,14261.0,16851.0,19772.0,833444.0,98823.0,959625.0,8701.0
2020-06-25,39174.0,12858.0,15253.0,17964.0,845829.0,95651.0,967522.0,7897.0
2020-06-26,35100.0,11486.0,13851.0,16380.0,856246.0,93042.0,974585.0,7063.0
2020-06-27,31483.0,10472.0,12447.0,14735.0,866836.0,91293.0,980979.0,6394.0
2020-06-28,28441.0,9481.0,11187.0,13101.0,876324.0,90045.0,986695.0,5716.0
2020-06-29,25303.0,8382.0,10186.0,11832.0,883890.0,88472.0,991702.0,5007.0
2020-06-30,22439.0,7513.0,9072.0,10798.0,891501.0,86888.0,996312.0,4610.0
2020-07-01,20258.0,6683.0,7994.0,9678.0,898355.0,85711.0,1000396.0,4084.0
2020-07-02,17948.0,6052.0,7166.0,8731.0,902531.0,84759.0,1004081.0,3685.0
2020-07-03,16098.0,5296.0,6440.0,7847.0,907620.0,84053.0,1007342.0,3261.0
2020-07-04,14287.0,4790.0,5682.0,7103.0,912715.0,83380.0,1010176.0,2834.0
2020-07-05,12745.0,4216.0,5190.0,6362.0,916351.0,82999.0,1012784.0,2608.0
2020-07-06,11350.0,3918.0,4680.0,5583.0,920296.0,82319.0,1015142.0,2358.0
