time,E,I1,I2,I3,R,S,cumI,diffI
2020-03-06,2.0,2.0,0.0,0.0,0.0,970506.0,0.0,0.0
2020-03-07,1.0,1.0,1.0,0.0,0.0,973292.0,1.0,1.0
2020-03-08,1.0,1.0,1.0,0.0,0.0,978116.0,2.0,1.0
2020-03-09,3.0,1.0,0.0,1.0,0.0,985289.0,2.0,0.0
2020-03-10,4.0,0.0,0.0,1.0,0.0,992060.0,2.0,0.0
2020-03-11,3.0,0.0,1.0,0.0,1.0,996104.0,3.0,1.0
2020-03-12,2.0,1.0,0.0,1.0,1.0,1001329.0,4.0,1.0
2020-03-13,0.0,1.0,1.0,0.0,1.0,1003367.0,4.0,0.0
2020-03-14,1.0,1.0,0.0,1.0,2.0,1005302.0,4.0,0.0
2020-03-15,2.0,0.0,0.0,1.0,3.0,1006310.0,4.0,0.0
2020-03-16,2.0,2.0,0.0,0.0,2.0,1007195.0,5.0,1.0
2020-03-17,6.0,0.0,1.0,0.0,3.0,1009593.0,5.0,0.0
2020-03-18,10.0,0.0,2.0,0.0,5.0,1009849.0,6.0,1.0
2020-03-19,8.0,0.0,2.0,2.0,5.0,1011130.0,7.0,1.0
2020-03-20,8.0,1.0,2.0,1.0,6.0,1012283.0,9.0,2.0
2020-03-21,11.0,0.0,3.0,1.0,6.0,1011800.0,10.0,1.0
2020-03-22,6.0,2.0,3.0,1.0,6.0,1012769.0,14.0,4.0
2020-03-23,11.0,3.0,1.0,2.0,6.0,1013190.0,16.0,2.0
2020-03-24,13.0,3.0,1.0,0.0,7.0,1014159.0,17.0,1.0
2020-03-25,17.0,2.0,5.0,2.0,6.0,1013954.0,20.0,3.0
2020-03-26,16.0,3.0,3.0,2.0,8.0,1015401.0,24.0,4.0
2020-03-27,17.0,4.0,6.0,1.0,14.0,1015688.0,27.0,3.0
2020-03-28,18.0,4.0,6.0,0.0,15.0,1014438.0,27.0,0.0
2020-03-29,22.0,3.0,2.0,6.0,16.0,1015189.0,29.0,2.0
2020-03-30,33.0,3.0,6.0,9.0,17.0,1014903.0,33.0,4.0
2020-03-31,38.0,5.0,9.0,8.0,18.0,1015310.0,40.0,7.0
2020-04-01,49.0,13.0,7.0,5.0,24.0,1015604.0,51.0,11.0
2020-04-02,55.0,9.0,10.0,8.0,21.0,1015890.0,55.0,4.0
2020-04-03,62.0,17.0,10.0,9.0,28.0,1016956.0,67.0,12.0
2020-04-04,68.0,20.0,11.0,8.0,36.0,1017329.0,78.0,11.0
2020-04-05,79.0,20.0,11.0,7.0,44.0,1016187.0,87.0,9.0
2020-04-06,93.0,23.0,11.0,16.0,46.0,1016893.0,106.0,19.0
2020-04-07,97.0,26.0,14.0,15.0,54.0,1016379.0,122.0,16.0
2020-04-08,106.0,28.0,15.0,20.0,66.0,1015413.0,144.0,22.0
2020-04-09,124.0,29.0,23.0,21.0,73.0,1015979.0,166.0,22.0
2020-04-10,163.0,32.0,18.0,29.0,76.0,1016837.0,190.0,24.0
2020-04-11,190.0,33.0,28.0,16.0,98.0,1015898.0,218.0,28.0
2020-04-12,214.0,41.0,38.0,23.0,103.0,1017123.0,254.0,36.0
2020-04-13,239.0,53.0,43.0,35.0,140.0,1017739.0,297.0,43.0
2020-04-14,278.0,58.0,40.0,39.0,147.0,1017440.0,338.0,41.0
2020-04-15,315.0,83.0,46.0,45.0,173.0,1017942.0,400.0,62.0
2020-04-16,356.0,68.0,55.0,70.0,213.0,1018829.0,459.0,59.0
2020-04-17,417.0,98.0,72.0,55.0,237.0,1017891.0,533.0,74.0
2020-04-18,508.0,107.0,79.0,65.0,296.0,1017016.0,612.0,79.0
2020-04-19,587.0,136.0,109.0,71.0,336.0,1017604.0,717.0,105.0
2020-04-20,696.0,156.0,121.0,92.0,386.0,1017089.0,831.0,114.0
2020-04-21,771.0,160.0,158.0,117.0,452.0,1018297.0,955.0,124.0
2020-04-22,896.0,198.0,150.0,145.0,526.0,1018775.0,1121.0,166.0
2020-04-23,1042.0,232.0,175.0,130.0,615.0,1019406.0,1306.0,185.0
2020-04-24,1272.0,294.0,216.0,152.0,714.0,1018963.0,1507.0,201.0
2020-04-25,1491.0,335.0,254.0,190.0,856.0,1017067.0,1763.0,256.0
2020-04-26,1754.0,386.0,308.0,248.0,1026.0,1016316.0,2054.0,291.0
2020-04-27,2096.0,463.0,372.0,302.0,1199.0,1016225.0,2410.0,356.0
2020-04-28,2521.0,542.0,423.0,369.0,1428.0,1017086.0,2818.0,408.0
2020-04-29,2936.0,645.0,488.0,410.0,1646.0,1016881.0,3307.0,489.0
2020-04-30,3368.0,735.0,589.0,477.0,1919.0,1016483.0,3889.0,582.0
2020-05-01,3929.0,910.0,703.0,568.0,2259.0,1015537.0,4627.0,738.0
2020-05-02,4666.0,992.0,772.0,660.0,2639.0,1014397.0,5419.0,792.0
2020-05-03,5331.0,1157.0,917.0,707.0,3059.0,1012683.0,6321.0,902.0
2020-05-04,6260.0,1412.0,1061.0,886.0,3570.0,1008140.0,7398.0,1077.0
2020-05-05,7289.0,1636.0,1231.0,1019.0,4146.0,1004610.0,8657.0,1259.0
2020-05-06,8520.0,1899.0,1515.0,1122.0,4933.0,1002758.0,10110.0,1453.0
2020-05-07,10023.0,2205.0,1770.0,1383.0,5711.0,1000951.0,11801.0,1691.0
2020-05-08,11648.0,2606.0,2070.0,1570.0,6714.0,997577.0,13786.0,1985.0
2020-05-09,13465.0,2956.0,2370.0,1924.0,7786.0,993817.0,16026.0,2240.0
2020-05-10,15488.0,3375.0,2769.0,2243.0,8952.0,989763.0,18679.0,2653.0
2020-05-11,18007.0,3935.0,3281.0,2616.0,10577.0,984550.0,21750.0,3071.0
2020-05-12,21190.0,4573.0,3705.0,3101.0,12487.0,977984.0,25257.0,3507.0
2020-05-13,24561.0,5308.0,4350.0,3542.0,14378.0,970987.0,29406.0,4149.0
2020-05-14,28145.0,6313.0,5001.0,4087.0,16713.0,962785.0,34260.0,4854.0
2020-05-15,32575.0,7119.0,5849.0,4641.0,19572.0,954949.0,39727.0,5467.0
2020-05-16,37207.0,8356.0,6720.0,5510.0,22733.0,944387.0,46196.0,6469.0
2020-05-17,42816.0,9679.0,7959.0,6175.0,26723.0,932526.0,53723.0,7527.0
2020-05-18,49261.0,11002.0,9077.0,7108.0,30786.0,917779.0,62146.0,8423.0
2020-05-19,56093.0,12580.0,10384.0,8310.0,36019.0,902308.0,71765.0,9619.0
2020-05-20,63956.0,14538.0,11679.0,9749.0,41905.0,883933.0,82748.0,10983.0
2020-05-21,72384.0,16459.0,13655.0,11197.0,48322.0,864075.0,95286.0,12538.0
2020-05-22,81569.0,18831.0,15528.0,12849.0,55714.0,841114.0,109664.0,14378.0
2020-05-23,91871.0,21092.0,17535.0,14519.0,64609.0,816011.0,125557.0,15893.0
2020-05-24,102063.0,23817.0,19745.0,16345.0,74261.0,788072.0,143351.0,17794.0
2020-05-25,112759.0,26511.0,22403.0,18347.0,85367.0,759452.0,163447.0,20096.0
2020-05-26,124054.0,29461.0,25362.0,21021.0,97890.0,727393.0,185426.0,21979.0
2020-05-27,135468.0,32586.0,27748.0,23633.0,111966.0,694503.0,209795.0,24369.0
2020-05-28,146433.0,35711.0,30497.0,26260.0,128050.0,658629.0,236178.0,26383.0
2020-05-29,157563.0,38514.0,33486.0,29035.0,145735.0,622120.0,264455.0,28277.0
2020-05-30,167273.0,41661.0,35960.0,32064.0,165277.0,584304.0,294593.0,30138.0
2020-05-31,175564.0,44591.0,38954.0,34782.0,186546.0,545936.0,326757.0,32164.0
2020-06-01,183296.0,46653.0,42273.0,37454.0,209453.0,506485.0,360130.0,33373.0
2020-06-02,188814.0,48304.0,45144.0,40314.0,234400.0,469588.0,394591.0,34461.0
2020-06-03,192527.0,49859.0,46925.0,43294.0,261435.0,432023.0,430163.0,35572.0
2020-06-04,193867.0,51024.0,48620.0,45234.0,289301.0,397145.0,466359.0,36196.0
2020-06-05,192879.0,51916.0,49626.0,46789.0,319127.0,364691.0,502758.0,36399.0
2020-06-06,190091.0,52534.0,50602.0,48609.0,349682.0,333895.0,539133.0,36375.0
2020-06-07,186419.0,51782.0,51374.0,49344.0,381962.0,305386.0,574371.0,35238.0
2020-06-08,180725.0,51017.0,51315.0,50302.0,413489.0,279799.0,609020.0,34649.0
2020-06-09,173922.0,49698.0,50735.0,50706.0,445305.0,255666.0,642457.0,33437.0
2020-06-10,165713.0,48300.0,49728.0,50261.0,478268.0,234630.0,674720.0,32263.0
2020-06-11,156822.0,46108.0,48603.0,49539.0,509938.0,216249.0,705153.0,30433.0
2020-06-12,147603.0,43655.0,46675.0,48442.0,541253.0,199290.0,733690.0,28537.0
2020-06-13,137990.0,41421.0,44656.0,46894.0,571754.0,184324.0,760609.0,26919.0
2020-06-14,128063.0,39010.0,42322.0,45121.0,601299.0,171881.0,785943.0,25334.0
2020-06-15,118782.0,36023.0,39885.0,43244.0,628415.0,160277.0,808980.0,23037.0
2020-06-16,108960.0,33562.0,37472.0,40767.0,655468.0,150395.0,830784.0,21804.0
2020-06-17,100409.0,31329.0,35147.0,38515.0,681340.0,141114.0,850674.0,19890.0
2020-06-18,91575.0,28951.0,32357.0,36298.0,704951.0,133694.0,868946.0,18272.0
2020-06-19,83570.0,26314.0,29989.0,33602.0,727061.0,126792.0,885531.0,16585.0
2020-06-20,75746.0,24203.0,27585.0,31303.0,748446.0,120286.0,900782.0,15251.0
2020-06-21,68711.0,22124.0,25385.0,28810.0,768002.0,115595.0,914449.0,13667.0
2020-06-22,62171.0,20165.0,23436.0,26589.0,784705.0,110954.0,926944.0,12495.0
2020-06-23,56469.0,18149.0,21412.0,24462.0,799616.0,106783.0,938301.0,11357.0
2020-06-24,51088.0,16420.0,19532.0,22391.0,813981.0,103198.0,948485.0,10184.0
2020-06-25,45759.0,14959.0,17653.0,20755.0,828382.0,100434.0,957731.0,9246.0
2020-06-26,41220.0,13455.0,16028.0,18788.0,840018.0,97784.0,966004.0,8273.0
2020-06-27,36924.0,12185.0,14501.0,16837.0,851693.0,95784.0,973427.0,7423.0
2020-06-28,33371.0,10876.0,13122.0,15480.0,863014.0,93936.0,980019.0,6592.0
2020-06-29,29869.0,9745.0,11784.0,13878.0,871909.0,92139.0,985977.0,5958.0
2020-06-30,26704.0,9004.0,10573.0,12654.0,879873.0,90397.0,991500.0,5523.0
2020-07-01,23886.0,8064.0,9532.0,11509.0,886558.0,88589.0,996332.0,4832.0
2020-07-02,21509.0,7083.0,8592.0,10339.0,892744.0,87490.0,1000615.0,4283.0
2020-07-03,19116.0,6452.0,7742.0,9318.0,898478.0,86553.0,1004606.0,3991.0
2020-07-04,17164.0,5611.0,6841.0,8148.0,904315.0,85429.0,1008021.0,3415.0
2020-07-05,15342.0,5053.0,6096.0,7552.0,910274.0,84291.0,1011089.0,3068.0
2020-07-06,13550.0,4542.0,5651.0,6618.0,914569.0,83754.0,1013911.0,2822.0
