time,E,I1,I2,I3,R,S,cumI,diffI
2020-03-06,0.0,2.0,0.0,0.0,0.0,969947.0,0.0,0.0
2020-03-07,0.0,0.0,0.0,0.0,0.0,970745.0,0.0,0.0
2020-03-08,0.0,0.0,0.0,0.0,0.0,979047.0,0.0,0.0
2020-03-09,0.0,0.0,0.0,0.0,0.0,986474.0,0.0,0.0
2020-03-10,0.0,0.0,0.0,0.0,0.0,992015.0,0.0,0.0
2020-03-11,0.0,1.0,0.0,0.0,0.0,996988.0,0.0,0.0
2020-03-12,1.0,0.0,1.0,0.0,0.0,1001037.0,0.0,0.0
2020-03-13,2.0,0.0,0.0,0.0,0.0,1003555.0,0.0,0.0
2020-03-14,2.0,0.0,0.0,0.0,1.0,1005174.0,0.0,0.0
2020-03-15,2.0,0.0,0.0,0.0,1.0,1008056.0,0.0,0.0
2020-03-16,1.0,0.0,0.0,0.0,2.0,1008840.0,1.0,1.0
2020-03-17,0.0,0.0,1.0,0.0,2.0,1009379.0,2.0,1.0
2020-03-18,2.0,0.0,0.0,0.0,2.0,1010529.0,2.0,0.0
2020-03-19,2.0,0.0,0.0,0.0,1.0,1010918.0,2.0,0.0
2020-03-20,1.0,0.0,1.0,0.0,2.0,1012435.0,3.0,1.0
2020-03-21,2.0,0.0,0.0,0.0,1.0,1012598.0,3.0,0.0
2020-03-22,2.0,0.0,0.0,0.0,2.0,1012652.0,3.0,0.0
2020-03-23,2.0,3.0,0.0,0.0,1.0,1012840.0,4.0,1.0
2020-03-24,4.0,3.0,0.0,0.0,1.0,1014053.0,4.0,0.0
2020-03-25,6.0,2.0,2.0,0.0,3.0,1014037.0,4.0,0.0
2020-03-26,8.0,2.0,1.0,0.0,4.0,1013846.0,5.0,1.0
2020-03-27,8.0,0.0,1.0,1.0,4.0,1014064.0,6.0,1.0
2020-03-28,8.0,3.0,0.0,1.0,6.0,1016097.0,9.0,3.0
2020-03-29,10.0,1.0,2.0,1.0,9.0,1015525.0,10.0,1.0
2020-03-30,10.0,0.0,2.0,3.0,7.0,1016499.0,12.0,2.0
2020-03-31,12.0,1.0,2.0,2.0,11.0,1015439.0,14.0,2.0
2020-04-01,10.0,4.0,2.0,2.0,7.0,1017057.0,16.0,2.0
2020-04-02,17.0,5.0,3.0,1.0,9.0,1016696.0,19.0,3.0
2020-04-03,15.0,6.0,0.0,2.0,9.0,1016250.0,23.0,4.0
2020-04-04,23.0,4.0,4.0,2.0,11.0,1016572.0,25.0,2.0
2020-04-05,24.0,9.0,3.0,3.0,11.0,1017901.0,32.0,7.0
2020-04-06,24.0,7.0,6.0,7.0,13.0,1018090.0,36.0,4.0
2020-04-07,32.0,5.0,6.0,6.0,13.0,1018875.0,42.0,6.0
2020-04-08,33.0,9.0,7.0,4.0,14.0,1018637.0,50.0,8.0
2020-04-09,46.0,6.0,7.0,7.0,24.0,1019260.0,55.0,5.0
2020-04-10,45.0,13.0,9.0,5.0,34.0,1018952.0,69.0,14.0
2020-04-11,58.0,13.0,17.0,7.0,38.0,1019954.0,79.0,10.0
2020-04-12,66.0,10.0,19.0,10.0,44.0,1019731.0,89.0,10.0
2020-04-13,90.0,11.0,12.0,14.0,53.0,1017703.0,98.0,9.0
2020-04-14,97.0,16.0,17.0,9.0,67.0,1018612.0,112.0,14.0
2020-04-15,127.0,14.0,21.0,13.0,64.0,1018887.0,125.0,13.0
2020-04-16,130.0,20.0,29.0,12.0,80.0,1019204.0,147.0,22.0
2020-04-17,160.0,35.0,26.0,20.0,89.0,1018352.0,177.0,30.0
2020-04-18,185.0,33.0,37.0,28.0,99.0,1019209.0,203.0,26.0
2020-04-19,206.0,34.0,41.0,28.0,125.0,1019076.0,232.0,29.0
2020-04-20,229.0,43.0,34.0,34.0,140.0,1017972.0,264.0,32.0
2020-04-21,257.0,56.0,39.0,43.0,157.0,1018354.0,311.0,47.0
2020-04-22,305.0,70.0,46.0,42.0,192.0,1018567.0,361.0,50.0
2020-04-23,355.0,85.0,61.0,51.0,220.0,1018213.0,418.0,57.0
2020-04-24,432.0,91.0,68.0,59.0,262.0,1019070.0,495.0,77.0
2020-04-25,506.0,111.0,73.0,78.0,298.0,1020520.0,592.0,97.0
2020-04-26,627.0,139.0,88.0,96.0,365.0,1020951.0,699.0,107.0
2020-04-27,724.0,161.0,136.0,105.0,401.0,1020061.0,839.0,140.0
2020-04-28,865.0,187.0,147.0,108.0,463.0,1019707.0,985.0,146.0
2020-04-29,1005.0,201.0,161.0,114.0,554.0,1018506.0,1135.0,150.0
2020-04-30,1118.0,276.0,193.0,153.0,627.0,1019341.0,1352.0,217.0
2020-05-01,1345.0,324.0,233.0,195.0,726.0,1020101.0,1591.0,239.0
2020-05-02,1558.0,353.0,312.0,213.0,853.0,1019062.0,1849.0,258.0
2020-05-03,1865.0,427.0,357.0,253.0,1026.0,1020292.0,2179.0,330.0
2020-05-04,2220.0,457.0,376.0,334.0,1258.0,1019282.0,2526.0,347.0
2020-05-05,2585.0,614.0,431.0,364.0,1539.0,1018847.0,3012.0,486.0
2020-05-06,2953.0,674.0,559.0,445.0,1774.0,1018365.0,3546.0,534.0
2020-05-07,3527.0,758.0,671.0,530.0,2023.0,1018873.0,4136.0,590.0
2020-05-08,4170.0,919.0,754.0,593.0,2315.0,1016831.0,4872.0,736.0
2020-05-09,5014.0,1071.0,867.0,701.0,2755.0,1015111.0,5669.0,797.0
2020-05-10,5854.0,1232.0,1047.0,807.0,3245.0,1011734.0,6674.0,1005.0
2020-05-11,6752.0,1467.0,1184.0,968.0,3780.0,1008794.0,7816.0,1142.0
2020-05-12,7754.0,1676.0,1393.0,1128.0,4373.0,1006725.0,9147.0,1331.0
2020-05-13,9062.0,1974.0,1634.0,1245.0,5286.0,1006117.0,10690.0,1543.0
2020-05-14,10594.0,2321.0,1868.0,1458.0,6115.0,1002721.0,12476.0,1786.0
2020-05-15,12272.0,2739.0,2120.0,1684.0,7176.0,999960.0,14588.0,2112.0
2020-05-16,14320.0,3152.0,2620.0,1960.0,8400.0,995063.0,17055.0,2467.0
2020-05-17,16613.0,3649.0,2937.0,2418.0,9687.0,989714.0,19873.0,2818.0
2020-05-18,19573.0,4207.0,3513.0,2725.0,11460.0,983666.0,23115.0,3242.0
2020-05-19,22713.0,4873.0,4012.0,3230.0,13457.0,976610.0,26894.0,3779.0
2020-05-20,25978.0,5847.0,4578.0,3792.0,15728.0,968595.0,31449.0,4555.0
2020-05-21,30294.0,6663.0,5384.0,4396.0,18329.0,959268.0,36564.0,5115.0
2020-05-22,35075.0,7673.0,6310.0,5119.0,21376.0,948607.0,42442.0,5878.0
2020-05-23,40639.0,9020.0,7279.0,5872.0,24747.0,937806.0,49347.0,6905.0
2020-05-24,46545.0,10371.0,8313.0,6855.0,28990.0,923788.0,57213.0,7866.0
2020-05-25,53232.0,12001.0,9926.0,7823.0,33870.0,908105.0,66373.0,9160.0
2020-05-26,61129.0,13656.0,11480.0,9221.0,39509.0,890168.0,76948.0,10575.0
2020-05-27,69357.0,15850.0,12860.0,10662.0,45958.0,870534.0,88985.0,12037.0
2020-05-28,78342.0,18075.0,14835.0,12269.0,53329.0,848408.0,102693.0,13708.0
2020-05-29,88643.0,20284.0,17028.0,13841.0,62020.0,823602.0,117906.0,15213.0
2020-05-30,99295.0,23099.0,19124.0,15916.0,71463.0,797362.0,135266.0,17360.0
2020-05-31,110186.0,25905.0,21443.0,18142.0,82279.0,767302.0,154650.0,19384.0
2020-06-01,121482.0,28586.0,24214.0,20353.0,95085.0,734943.0,175965.0,21315.0
2020-06-02,133288.0,31762.0,27175.0,22882.0,108930.0,700916.0,199436.0,23471.0
2020-06-03,144396.0,34831.0,30351.0,25650.0,125256.0,664330.0,225452.0,26016.0
2020-06-04,155654.0,37439.0,33109.0,28587.0,143243.0,627618.0,253114.0,27662.0
2020-06-05,166005.0,40651.0,36050.0,31412.0,163039.0,588563.0,283018.0,29904.0
2020-06-06,174797.0,43552.0,38934.0,34226.0,183534.0,550391.0,314952.0,31934.0
2020-06-07,182395.0,46265.0,41573.0,37266.0,206828.0,511625.0,348187.0,33235.0
2020-06-08,187717.0,48302.0,44502.0,39887.0,232463.0,473154.0,383041.0,34854.0
2020-06-09,191296.0,49885.0,46681.0,42470.0,259830.0,436204.0,418270.0,35229.0
2020-06-10,193671.0,51488.0,48836.0,45130.0,288034.0,400046.0,454566.0,36296.0
2020-06-11,193192.0,51853.0,50140.0,47184.0,317695.0,365961.0,490585.0,36019.0
2020-06-12,191419.0,51979.0,51377.0,48597.0,349780.0,333831.0,527003.0,36418.0
2020-06-13,186644.0,51994.0,51478.0,49996.0,381571.0,305038.0,562723.0,35720.0
2020-06-14,181456.0,50815.0,51488.0,50861.0,414066.0,278029.0,597512.0,34789.0
2020-06-15,174256.0,49871.0,50776.0,50994.0,447244.0,254461.0,630940.0,33428.0
2020-06-16,166078.0,48303.0,49839.0,50458.0,479798.0,232906.0,663116.0,32176.0
2020-06-17,156883.0,46288.0,48529.0,49486.0,513935.0,213151.0,693688.0,30572.0
2020-06-18,147009.0,43752.0,46789.0,48691.0,546140.0,196594.0,722419.0,28731.0
2020-06-19,137256.0,41506.0,44660.0,46964.0,577195.0,181588.0,749164.0,26745.0
2020-06-20,127163.0,38773.0,42237.0,44941.0,607251.0,167966.0,774329.0,25165.0
2020-06-21,117266.0,36097.0,39839.0,42829.0,635370.0,156661.0,797463.0,23134.0
2020-06-22,107680.0,33221.0,37262.0,40785.0,662708.0,146286.0,818667.0,21204.0
2020-06-23,98463.0,30726.0,34492.0,38156.0,688938.0,137235.0,838177.0,19510.0
2020-06-24,89902.0,28103.0,31987.0,35746.0,711546.0,129660.0,855964.0,17787.0
2020-06-25,81437.0,25716.0,29405.0,33417.0,734504.0,123025.0,872228.0,16264.0
2020-06-26,73670.0,23605.0,27105.0,30607.0,755726.0,117409.0,887004.0,14776.0
2020-06-27,66477.0,21527.0,24522.0,28254.0,774491.0,112182.0,900405.0,13401.0
2020-06-28,59775.0,19519.0,22640.0,25631.0,792984.0,107498.0,912561.0,12156.0
2020-06-29,53909.0,17392.0,20638.0,23604.0,808176.0,103611.0,923386.0,10825.0
2020-06-30,48277.0,15886.0,18551.0,21502.0,822293.0,100840.0,933122.0,9736.0
2020-07-01,43438.0,14343.0,16657.0,19565.0,836610.0,97588.0,941796.0,8674.0
2020-07-02,38721.0,12844.0,15145.0,17845.0,846338.0,94772.0,949697.0,7901.0
2020-07-03,34682.0,11283.0,13689.0,16088.0,860167.0,92604.0,956633.0,6936.0
2020-07-04,30731.0,10199.0,12329.0,14555.0,870788.0,90603.0,962856.0,6223.0
2020-07-05,27844.0,9053.0,10996.0,13025.0,879636.0,88723.0,968254.0,5398.0
2020-07-06,24665.0,8169.0,9858.0,11715.0,887139.0,87541.0,973266.0,5012.0
