time,E,I1,I2,I3,R,S,cumI,diffI
2020-03-06,0.0,2.0,0.0,0.0,0.0,969930.0,0.0,0.0
2020-03-07,1.0,1.0,0.0,0.0,0.0,973262.0,0.0,0.0
2020-03-08,0.0,0.0,0.0,0.0,0.0,981251.0,0.0,0.0
2020-03-09,0.0,0.0,0.0,0.0,0.0,987253.0,0.0,0.0
2020-03-10,0.0,0.0,0.0,0.0,0.0,992741.0,0.0,0.0
2020-03-11,0.0,0.0,0.0,0.0,1.0,996337.0,0.0,0.0
2020-03-12,0.0,0.0,0.0,0.0,0.0,999922.0,0.0,0.0
2020-03-13,0.0,0.0,0.0,0.0,0.0,1002131.0,0.0,0.0
2020-03-14,1.0,0.0,0.0,0.0,1.0,1005890.0,0.0,0.0
2020-03-15,1.0,0.0,0.0,0.0,1.0,1007249.0,0.0,0.0
2020-03-16,1.0,0.0,0.0,0.0,0.0,1008448.0,0.0,0.0
2020-03-17,0.0,0.0,0.0,0.0,1.0,1010074.0,0.0,0.0
2020-03-18,2.0,0.0,0.0,0.0,2.0,1011550.0,0.0,0.0
2020-03-19,1.0,1.0,0.0,0.0,2.0,1011812.0,1.0,1.0
2020-03-20,4.0,0.0,0.0,1.0,2.0,1012413.0,1.0,0.0
2020-03-21,3.0,3.0,0.0,0.0,2.0,1013201.0,3.0,2.0
2020-03-22,11.0,2.0,2.0,0.0,2.0,1014096.0,4.0,1.0
2020-03-23,13.0,1.0,2.0,1.0,3.0,1014310.0,5.0,1.0
2020-03-24,14.0,2.0,0.0,0.0,3.0,1014897.0,6.0,1.0
2020-03-25,12.0,3.0,1.0,0.0,4.0,1015588.0,9.0,3.0
2020-03-26,14.0,1.0,2.0,3.0,6.0,1016288.0,10.0,1.0
2020-03-27,19.0,5.0,3.0,2.0,7.0,1015411.0,17.0,7.0
2020-03-28,24.0,7.0,2.0,3.0,11.0,1014388.0,22.0,5.0
2020-03-29,21.0,5.0,5.0,3.0,12.0,1014572.0,25.0,3.0
2020-03-30,28.0,4.0,6.0,3.0,11.0,1015849.0,28.0,3.0
2020-03-31,34.0,8.0,3.0,6.0,14.0,1017954.0,35.0,7.0
2020-04-01,26.0,8.0,4.0,3.0,22.0,1018824.0,42.0,7.0
2020-04-02,30.0,6.0,6.0,2.0,22.0,1018317.0,44.0,2.0
2020-04-03,45.0,4.0,9.0,5.0,32.0,1017768.0,47.0,3.0
2020-04-04,60.0,15.0,5.0,5.0,37.0,1018222.0,61.0,14.0
2020-04-05,65.0,9.0,13.0,9.0,43.0,1018601.0,72.0,11.0
2020-04-06,72.0,19.0,12.0,9.0,60.0,1018271.0,85.0,13.0
2020-04-07,90.0,24.0,14.0,15.0,57.0,1017622.0,103.0,18.0
2020-04-08,112.0,19.0,11.0,18.0,73.0,1018027.0,117.0,14.0
2020-04-09,143.0,24.0,13.0,23.0,86.0,1017800.0,144.0,27.0
2020-04-10,175.0,32.0,21.0,27.0,93.0,1017893.0,168.0,24.0
2020-04-11,205.0,55.0,30.0,27.0,110.0,1019583.0,215.0,47.0
2020-04-12,256.0,49.0,44.0,28.0,125.0,1020749.0,252.0,37.0
2020-04-13,274.0,63.0,47.0,48.0,144.0,1019596.0,301.0,49.0
2020-04-14,332.0,78.0,45.0,46.0,184.0,1019839.0,362.0,61.0
2020-04-15,420.0,67.0,69.0,55.0,225.0,1018570.0,421.0,59.0
2020-04-16,502.0,85.0,73.0,67.0,225.0,1017847.0,502.0,81.0
2020-04-17,593.0,115.0,92.0,77.0,274.0,1018453.0,592.0,90.0
2020-04-18,687.0,140.0,130.0,83.0,343.0,1019161.0,721.0,129.0
2020-04-19,772.0,182.0,142.0,94.0,414.0,1021451.0,862.0,141.0
2020-04-20,976.0,212.0,174.0,135.0,489.0,1019819.0,1042.0,180.0
2020-04-21,1156.0,281.0,204.0,159.0,568.0,1018512.0,1244.0,202.0
2020-04-22,1398.0,321.0,252.0,186.0,679.0,1019045.0,1472.0,228.0
2020-04-23,1667.0,348.0,303.0,208.0,821.0,1017739.0,1745.0,273.0
2020-04-24,2031.0,439.0,390.0,272.0,964.0,1017504.0,2099.0,354.0
2020-04-25,2483.0,515.0,422.0,323.0,1202.0,1017000.0,2500.0,401.0
2020-04-26,2935.0,624.0,442.0,399.0,1425.0,1015849.0,2987.0,487.0
2020-04-27,3400.0,723.0,559.0,442.0,1681.0,1014899.0,3557.0,570.0
2020-04-28,3988.0,879.0,693.0,535.0,2021.0,1014001.0,4263.0,706.0
2020-04-29,4808.0,1054.0,839.0,661.0,2436.0,1012543.0,5094.0,831.0
2020-04-30,5661.0,1269.0,966.0,788.0,2901.0,1010400.0,6098.0,1004.0
2020-05-01,6730.0,1495.0,1119.0,902.0,3474.0,1009325.0,7238.0,1140.0
2020-05-02,7952.0,1750.0,1264.0,1034.0,4036.0,1006011.0,8552.0,1314.0
2020-05-03,9420.0,2097.0,1585.0,1252.0,4705.0,1003626.0,10170.0,1618.0
2020-05-04,11230.0,2397.0,1924.0,1531.0,5582.0,999786.0,12076.0,1906.0
2020-05-05,13326.0,2838.0,2187.0,1744.0,6683.0,995227.0,14230.0,2154.0
2020-05-06,15498.0,3308.0,2656.0,2039.0,7801.0,991545.0,16774.0,2544.0
2020-05-07,18426.0,4055.0,3088.0,2460.0,9306.0,985515.0,19941.0,3167.0
2020-05-08,21716.0,4578.0,3771.0,2905.0,11051.0,979333.0,23516.0,3575.0
2020-05-09,25350.0,5561.0,4442.0,3407.0,13034.0,972011.0,27890.0,4374.0
2020-05-10,30091.0,6427.0,5300.0,4178.0,15229.0,962424.0,32993.0,5103.0
2020-05-11,35423.0,7700.0,6058.0,4890.0,17999.0,951309.0,39020.0,6027.0
2020-05-12,41297.0,8958.0,7043.0,5713.0,21488.0,938713.0,46018.0,6998.0
2020-05-13,48435.0,10503.0,8500.0,6676.0,25374.0,924121.0,54200.0,8182.0
2020-05-14,55762.0,12312.0,9831.0,7944.0,30051.0,908153.0,63774.0,9574.0
2020-05-15,64484.0,14111.0,11690.0,9307.0,35446.0,889149.0,74817.0,11043.0
2020-05-16,74353.0,16691.0,13266.0,10852.0,41864.0,866802.0,87594.0,12777.0
2020-05-17,85609.0,19123.0,15691.0,12363.0,49459.0,841562.0,102356.0,14762.0
2020-05-18,96990.0,22014.0,18038.0,14266.0,57909.0,813173.0,119374.0,17018.0
2020-05-19,109789.0,25313.0,20488.0,16700.0,67963.0,784467.0,138528.0,19154.0
2020-05-20,123354.0,28365.0,23601.0,19248.0,79776.0,751346.0,159929.0,21401.0
2020-05-21,137144.0,31993.0,26793.0,21803.0,92954.0,715193.0,184111.0,24182.0
2020-05-22,150696.0,35540.0,30061.0,24991.0,108188.0,675904.0,210809.0,26698.0
2020-05-23,164651.0,38823.0,33494.0,28480.0,124834.0,635779.0,239885.0,29076.0
2020-05-24,177566.0,42689.0,37105.0,31791.0,143879.0,593115.0,271613.0,31728.0
2020-05-25,189522.0,46067.0,40649.0,35292.0,165375.0,549077.0,305540.0,33927.0
2020-05-26,199220.0,49382.0,44120.0,38979.0,189132.0,505273.0,341866.0,36326.0
2020-05-27,206881.0,52649.0,47720.0,42254.0,215216.0,461588.0,380040.0,38174.0
2020-05-28,211950.0,54875.0,50411.0,45458.0,242732.0,419539.0,419268.0,39228.0
2020-05-29,214672.0,56432.0,52607.0,48711.0,272782.0,380439.0,459183.0,39915.0
2020-05-30,215211.0,57179.0,54596.0,51326.0,305190.0,343520.0,499005.0,39822.0
2020-05-31,212485.0,57975.0,55893.0,53087.0,338036.0,308484.0,539137.0,40132.0
2020-06-01,207798.0,57680.0,56950.0,54488.0,372529.0,276859.0,578903.0,39766.0
2020-06-02,201156.0,56548.0,56675.0,55655.0,408784.0,248428.0,617025.0,38122.0
2020-06-03,191354.0,55223.0,55916.0,56043.0,444704.0,223274.0,654079.0,37054.0
2020-06-04,181030.0,53165.0,54769.0,55798.0,480175.0,201102.0,689334.0,35255.0
2020-06-05,170308.0,50628.0,53389.0,54891.0,516278.0,181453.0,722595.0,33261.0
2020-06-06,158546.0,47514.0,51362.0,53193.0,552782.0,165373.0,753666.0,31071.0
2020-06-07,146355.0,44829.0,48840.0,51831.0,586470.0,150504.0,782680.0,29014.0
2020-06-08,134563.0,41695.0,45828.0,49493.0,617924.0,137868.0,809294.0,26614.0
2020-06-09,123146.0,38556.0,42894.0,47379.0,648278.0,126992.0,833798.0,24504.0
2020-06-10,112492.0,35658.0,39923.0,43970.0,676944.0,117744.0,856321.0,22523.0
2020-06-11,102188.0,32770.0,36914.0,41249.0,705070.0,110273.0,876757.0,20436.0
2020-06-12,93032.0,29631.0,33983.0,38299.0,729855.0,103657.0,895028.0,18271.0
2020-06-13,83326.0,26750.0,31278.0,35423.0,754070.0,97403.0,911908.0,16880.0
2020-06-14,74648.0,24644.0,28390.0,32720.0,775547.0,92422.0,927190.0,15282.0
2020-06-15,67085.0,22079.0,25652.0,29972.0,795433.0,87916.0,940660.0,13470.0
2020-06-16,59914.0,19692.0,23498.0,27330.0,814597.0,83964.0,952763.0,12103.0
2020-06-17,53456.0,17486.0,21058.0,24742.0,830976.0,80687.0,963494.0,10731.0
2020-06-18,47684.0,15617.0,19221.0,22311.0,845196.0,77513.0,972984.0,9490.0
2020-06-19,42529.0,13883.0,16848.0,20196.0,860237.0,74825.0,981494.0,8510.0
2020-06-20,37730.0,12392.0,15092.0,17864.0,872108.0,73035.0,989020.0,7526.0
2020-06-21,33486.0,11093.0,13420.0,16251.0,881485.0,71149.0,995827.0,6807.0
2020-06-22,29687.0,10057.0,12085.0,14299.0,891002.0,69964.0,1001930.0,6103.0
2020-06-23,26371.0,8794.0,10860.0,12971.0,898772.0,68702.0,1007331.0,5401.0
2020-06-24,23440.0,7851.0,9651.0,11603.0,907563.0,67381.0,1012024.0,4693.0
2020-06-25,20839.0,6983.0,8695.0,10203.0,914629.0,66380.0,1016206.0,4182.0
2020-06-26,18491.0,6241.0,7653.0,9145.0,921470.0,65170.0,1019956.0,3750.0
2020-06-27,16349.0,5480.0,6741.0,8196.0,926420.0,64458.0,1023234.0,3278.0
2020-06-28,14463.0,4926.0,6124.0,7317.0,931471.0,63677.0,1026225.0,2991.0
2020-06-29,12749.0,4127.0,5469.0,6538.0,935586.0,63261.0,1028636.0,2411.0
2020-06-30,11311.0,3652.0,4913.0,5760.0,940504.0,62767.0,1030938.0,2302.0
2020-07-01,10050.0,3242.0,4153.0,5269.0,943644.0,62408.0,1032900.0,1962.0
2020-07-02,8908.0,2978.0,3520.0,4597.0,945304.0,61820.0,1034705.0,1805.0
2020-07-03,7886.0,2703.0,3190.0,3959.0,948718.0,61313.0,1036303.0,1598.0
2020-07-04,6851.0,2365.0,2848.0,3536.0,950172.0,61102.0,1037702.0,1399.0
2020-07-05,6077.0,2086.0,2532.0,3171.0,952718.0,60916.0,1038937.0,1235.0
2020-07-06,5380.0,1777.0,2299.0,2763.0,954924.0,60716.0,1039996.0,1059.0
