time,E,I1,I2,I3,R,S,cumI,diffI
2020-03-06,1.0,3.0,0.0,0.0,0.0,970705.0,0.0,0.0
2020-03-07,4.0,3.0,0.0,0.0,0.0,972406.0,1.0,1.0
2020-03-08,5.0,5.0,0.0,0.0,0.0,978929.0,3.0,2.0
2020-03-09,7.0,2.0,1.0,1.0,0.0,985632.0,4.0,1.0
2020-03-10,2.0,2.0,0.0,2.0,0.0,991638.0,5.0,1.0
2020-03-11,1.0,2.0,0.0,1.0,2.0,995418.0,7.0,2.0
2020-03-12,2.0,4.0,1.0,0.0,1.0,1000122.0,8.0,1.0
2020-03-13,5.0,3.0,0.0,0.0,0.0,1000623.0,8.0,0.0
2020-03-14,9.0,0.0,2.0,0.0,0.0,1004483.0,8.0,0.0
2020-03-15,8.0,0.0,0.0,2.0,0.0,1006860.0,9.0,1.0
2020-03-16,12.0,1.0,2.0,1.0,2.0,1008139.0,12.0,3.0
2020-03-17,10.0,2.0,0.0,1.0,3.0,1009672.0,13.0,1.0
2020-03-18,11.0,1.0,1.0,2.0,4.0,1011105.0,14.0,1.0
2020-03-19,9.0,1.0,1.0,2.0,3.0,1012373.0,16.0,2.0
2020-03-20,10.0,1.0,2.0,0.0,6.0,1012915.0,17.0,1.0
2020-03-21,10.0,2.0,2.0,0.0,6.0,1012836.0,19.0,2.0
2020-03-22,12.0,4.0,1.0,2.0,12.0,1013795.0,22.0,3.0
2020-03-23,16.0,4.0,2.0,1.0,10.0,1013391.0,25.0,3.0
2020-03-24,19.0,6.0,3.0,3.0,9.0,1014676.0,29.0,4.0
2020-03-25,31.0,4.0,3.0,2.0,14.0,1015107.0,30.0,1.0
2020-03-26,35.0,10.0,3.0,1.0,13.0,1014856.0,39.0,9.0
2020-03-27,39.0,11.0,5.0,8.0,15.0,1013401.0,45.0,6.0
2020-03-28,48.0,8.0,11.0,6.0,18.0,1014214.0,53.0,8.0
2020-03-29,59.0,14.0,11.0,6.0,17.0,1015525.0,65.0,12.0
2020-03-30,60.0,17.0,9.0,10.0,27.0,1015562.0,77.0,12.0
2020-03-31,73.0,26.0,7.0,19.0,39.0,1014603.0,90.0,13.0
2020-04-01,97.0,19.0,22.0,10.0,46.0,1015388.0,103.0,13.0
2020-04-02,119.0,21.0,28.0,12.0,53.0,1015214.0,128.0,25.0
2020-04-03,134.0,22.0,23.0,13.0,52.0,1015331.0,150.0,22.0
2020-04-04,135.0,25.0,22.0,16.0,59.0,1016526.0,170.0,20.0
2020-04-05,147.0,37.0,27.0,18.0,63.0,1016572.0,198.0,28.0
2020-04-06,171.0,43.0,29.0,21.0,74.0,1017585.0,232.0,34.0
2020-04-07,209.0,46.0,40.0,27.0,99.0,1018385.0,270.0,38.0
2020-04-08,239.0,73.0,42.0,40.0,113.0,1017812.0,331.0,61.0
2020-04-09,311.0,67.0,70.0,42.0,152.0,1017527.0,377.0,46.0
2020-04-10,377.0,86.0,72.0,40.0,175.0,1016136.0,446.0,69.0
2020-04-11,447.0,115.0,77.0,58.0,225.0,1015739.0,521.0,75.0
2020-04-12,484.0,134.0,101.0,59.0,270.0,1017411.0,627.0,106.0
2020-04-13,589.0,145.0,110.0,92.0,326.0,1017734.0,734.0,107.0
2020-04-14,725.0,184.0,120.0,98.0,383.0,1016361.0,866.0,132.0
2020-04-15,897.0,177.0,164.0,113.0,441.0,1017691.0,987.0,121.0
2020-04-16,1032.0,212.0,169.0,138.0,543.0,1017220.0,1162.0,175.0
2020-04-17,1184.0,273.0,211.0,146.0,624.0,1017190.0,1396.0,234.0
2020-04-18,1470.0,312.0,253.0,212.0,750.0,1017033.0,1655.0,259.0
2020-04-19,1755.0,359.0,304.0,254.0,861.0,1017428.0,1948.0,293.0
2020-04-20,2071.0,449.0,323.0,277.0,1009.0,1015749.0,2296.0,348.0
2020-04-21,2515.0,523.0,401.0,334.0,1163.0,1015831.0,2692.0,396.0
2020-04-22,2978.0,648.0,479.0,399.0,1404.0,1015203.0,3188.0,496.0
2020-04-23,3465.0,768.0,581.0,452.0,1625.0,1015001.0,3777.0,589.0
2020-04-24,4165.0,912.0,727.0,527.0,1925.0,1014179.0,4498.0,721.0
2020-04-25,4875.0,1012.0,878.0,643.0,2256.0,1012674.0,5271.0,773.0
2020-04-26,5666.0,1220.0,1031.0,803.0,2695.0,1010495.0,6245.0,974.0
2020-04-27,6859.0,1448.0,1170.0,970.0,3207.0,1009447.0,7421.0,1176.0
2020-04-28,8197.0,1719.0,1402.0,1056.0,3942.0,1007519.0,8780.0,1359.0
2020-04-29,9553.0,2063.0,1641.0,1307.0,4644.0,1003978.0,10419.0,1639.0
2020-04-30,11421.0,2380.0,1940.0,1557.0,5582.0,1000351.0,12305.0,1886.0
2020-05-01,13308.0,2811.0,2291.0,1782.0,6656.0,997190.0,14539.0,2234.0
2020-05-02,15447.0,3337.0,2653.0,2090.0,7961.0,992151.0,17194.0,2655.0
2020-05-03,18390.0,3939.0,3184.0,2503.0,9273.0,986752.0,20312.0,3118.0
2020-05-04,21607.0,4624.0,3720.0,2974.0,11010.0,978801.0,23945.0,3633.0
2020-05-05,25470.0,5487.0,4371.0,3457.0,13156.0,970809.0,28233.0,4288.0
2020-05-06,29958.0,6603.0,5124.0,4063.0,15549.0,961187.0,33302.0,5069.0
2020-05-07,35094.0,7671.0,6153.0,4655.0,18272.0,950926.0,39275.0,5973.0
2020-05-08,41135.0,8867.0,7073.0,5753.0,21731.0,938089.0,46250.0,6975.0
2020-05-09,47749.0,10268.0,8297.0,6722.0,25723.0,924712.0,54299.0,8049.0
2020-05-10,55574.0,12244.0,9802.0,7789.0,30428.0,908442.0,63825.0,9526.0
2020-05-11,64351.0,14238.0,11440.0,9073.0,35897.0,889530.0,74694.0,10869.0
2020-05-12,73713.0,16694.0,13316.0,10721.0,41948.0,867139.0,87578.0,12884.0
2020-05-13,84378.0,19040.0,15398.0,12474.0,49250.0,842359.0,102101.0,14523.0
2020-05-14,96062.0,21750.0,17707.0,14523.0,57986.0,815078.0,118586.0,16485.0
2020-05-15,108701.0,24928.0,20525.0,16626.0,67873.0,784130.0,137706.0,19120.0
2020-05-16,122297.0,27913.0,23442.0,19075.0,79488.0,750711.0,158989.0,21283.0
2020-05-17,135892.0,31604.0,26363.0,21977.0,92609.0,715793.0,182894.0,23905.0
2020-05-18,149990.0,35032.0,29519.0,25012.0,107814.0,677990.0,209164.0,26270.0
2020-05-19,163720.0,38868.0,33083.0,28048.0,124837.0,636245.0,238189.0,29025.0
2020-05-20,175583.0,42768.0,36912.0,31223.0,143792.0,593848.0,269848.0,31659.0
2020-05-21,187863.0,46100.0,40326.0,34704.0,164801.0,550781.0,303574.0,33726.0
2020-05-22,198032.0,48970.0,43871.0,38537.0,188634.0,506472.0,339077.0,35503.0
2020-05-23,205241.0,51859.0,46913.0,41649.0,214224.0,464233.0,376844.0,37767.0
2020-05-24,210984.0,54390.0,49879.0,44758.0,241628.0,421913.0,415668.0,38824.0
2020-05-25,213875.0,56043.0,52433.0,47866.0,271627.0,381882.0,455347.0,39679.0
2020-05-26,214249.0,57032.0,54467.0,50461.0,303860.0,344878.0,495458.0,40111.0
2020-05-27,211265.0,58250.0,55982.0,52608.0,337279.0,310126.0,535949.0,40491.0
2020-05-28,206916.0,57737.0,56506.0,54549.0,371472.0,276999.0,575611.0,39662.0
2020-05-29,200517.0,56600.0,56798.0,55615.0,407879.0,248676.0,614088.0,38477.0
2020-05-30,191131.0,55229.0,56198.0,56027.0,443902.0,222675.0,651159.0,37071.0
2020-05-31,181041.0,53185.0,54894.0,55622.0,480017.0,200834.0,686371.0,35212.0
2020-06-01,170129.0,50698.0,53444.0,54537.0,515452.0,181706.0,719771.0,33400.0
2020-06-02,158597.0,47969.0,51255.0,53220.0,550894.0,164976.0,750698.0,30927.0
2020-06-03,146466.0,44901.0,48664.0,51608.0,584321.0,149929.0,779656.0,28958.0
2020-06-04,134565.0,41738.0,45749.0,49450.0,617175.0,137661.0,806190.0,26534.0
2020-06-05,123089.0,38555.0,42718.0,46878.0,647659.0,126433.0,830708.0,24518.0
2020-06-06,112080.0,35137.0,40004.0,44191.0,676285.0,117503.0,852977.0,22269.0
2020-06-07,101866.0,32517.0,36668.0,41419.0,703963.0,109811.0,873338.0,20361.0
2020-06-08,91984.0,29499.0,33912.0,38512.0,730630.0,103022.0,891940.0,18602.0
2020-06-09,82922.0,26710.0,30772.0,35506.0,754025.0,97245.0,908383.0,16443.0
2020-06-10,74290.0,24098.0,28346.0,32505.0,774926.0,92200.0,923265.0,14882.0
2020-06-11,66534.0,21776.0,25746.0,30151.0,794020.0,87670.0,936776.0,13511.0
2020-06-12,59564.0,19604.0,23194.0,27179.0,812723.0,84003.0,948655.0,11879.0
2020-06-13,53122.0,17692.0,20776.0,24716.0,830094.0,80932.0,959354.0,10699.0
2020-06-14,47733.0,15773.0,18772.0,22295.0,845118.0,77498.0,968823.0,9469.0
2020-06-15,42641.0,13967.0,16971.0,19959.0,858652.0,75376.0,977182.0,8359.0
2020-06-16,37964.0,12556.0,14994.0,18058.0,870550.0,73415.0,984912.0,7730.0
2020-06-17,33665.0,11199.0,13523.0,16340.0,882456.0,71807.0,991831.0,6919.0
2020-06-18,29958.0,9779.0,12196.0,14729.0,891225.0,70303.0,997734.0,5903.0
2020-06-19,26434.0,8713.0,10696.0,13048.0,899481.0,68843.0,1002968.0,5234.0
2020-06-20,23288.0,7772.0,9700.0,11555.0,907324.0,67367.0,1007674.0,4706.0
2020-06-21,20688.0,6970.0,8482.0,10320.0,914450.0,66321.0,1011904.0,4230.0
2020-06-22,18459.0,6161.0,7522.0,9299.0,921011.0,65502.0,1015653.0,3749.0
2020-06-23,16278.0,5503.0,6774.0,8123.0,926544.0,64694.0,1018930.0,3277.0
2020-06-24,14220.0,4970.0,5981.0,7286.0,930927.0,63898.0,1021872.0,2942.0
2020-06-25,12724.0,4423.0,5297.0,6472.0,935990.0,63150.0,1024463.0,2591.0
2020-06-26,11215.0,3939.0,4785.0,5768.0,941105.0,62628.0,1026842.0,2379.0
2020-06-27,9856.0,3429.0,4166.0,5122.0,944231.0,62641.0,1028886.0,2044.0
2020-06-28,8754.0,2964.0,3751.0,4463.0,947469.0,61949.0,1030595.0,1709.0
2020-06-29,7672.0,2594.0,3356.0,3966.0,949650.0,61745.0,1032154.0,1559.0
2020-06-30,6810.0,2340.0,2915.0,3465.0,952912.0,61599.0,1033533.0,1379.0
2020-07-01,6094.0,2077.0,2588.0,3068.0,954039.0,61319.0,1034738.0,1205.0
2020-07-02,5284.0,1731.0,2280.0,2748.0,956206.0,60869.0,1035831.0,1093.0
2020-07-03,4649.0,1568.0,1934.0,2489.0,957091.0,60588.0,1036776.0,945.0
2020-07-04,4100.0,1460.0,1708.0,2066.0,959065.0,60460.0,1037637.0,861.0
2020-07-05,3551.0,1232.0,1564.0,1860.0,958987.0,60140.0,1038406.0,769.0
2020-07-06,3167.0,1040.0,1319.0,1678.0,961035.0,60207.0,1039013.0,607.0
