time,E,I1,I2,I3,R,S,cumI,diffI
2020-03-06,0.0,1.0,2.0,0.0,0.0,969970.0,0.0,0.0
2020-03-07,3.0,0.0,3.0,0.0,0.0,972750.0,0.0,0.0
2020-03-08,2.0,0.0,2.0,1.0,0.0,980105.0,1.0,1.0
2020-03-09,5.0,0.0,0.0,1.0,2.0,986470.0,1.0,0.0
2020-03-10,1.0,1.0,0.0,0.0,2.0,992284.0,2.0,1.0
2020-03-11,1.0,0.0,1.0,0.0,0.0,997435.0,2.0,0.0
2020-03-12,1.0,0.0,0.0,0.0,0.0,1001095.0,2.0,0.0
2020-03-13,1.0,0.0,0.0,0.0,1.0,1003740.0,2.0,0.0
2020-03-14,1.0,0.0,0.0,0.0,0.0,1007259.0,2.0,0.0
2020-03-15,2.0,0.0,0.0,0.0,0.0,1007924.0,2.0,0.0
2020-03-16,1.0,0.0,1.0,0.0,0.0,1010030.0,3.0,1.0
2020-03-17,1.0,0.0,0.0,0.0,0.0,1010839.0,3.0,0.0
2020-03-18,0.0,0.0,1.0,0.0,0.0,1011444.0,4.0,1.0
2020-03-19,0.0,1.0,0.0,0.0,1.0,1010017.0,5.0,1.0
2020-03-20,0.0,1.0,0.0,0.0,1.0,1009360.0,5.0,0.0
2020-03-21,1.0,0.0,1.0,0.0,1.0,1010190.0,5.0,0.0
2020-03-22,2.0,1.0,2.0,2.0,1.0,1009851.0,6.0,1.0
2020-03-23,6.0,0.0,2.0,1.0,1.0,1010480.0,7.0,1.0
2020-03-24,5.0,1.0,1.0,0.0,1.0,1012639.0,10.0,3.0
2020-03-25,7.0,1.0,1.0,2.0,2.0,1012919.0,10.0,0.0
2020-03-26,4.0,2.0,2.0,1.0,5.0,1012255.0,13.0,3.0
2020-03-27,4.0,1.0,2.0,1.0,4.0,1013400.0,14.0,1.0
2020-03-28,5.0,1.0,1.0,1.0,4.0,1015186.0,14.0,0.0
2020-03-29,11.0,3.0,1.0,1.0,6.0,1014794.0,16.0,2.0
2020-03-30,15.0,2.0,1.0,3.0,4.0,1014580.0,21.0,5.0
2020-03-31,15.0,2.0,1.0,2.0,7.0,1014607.0,24.0,3.0
2020-04-01,20.0,4.0,1.0,2.0,10.0,1016556.0,26.0,2.0
2020-04-02,23.0,5.0,2.0,3.0,13.0,1016453.0,31.0,5.0
2020-04-03,34.0,7.0,6.0,4.0,16.0,1017260.0,36.0,5.0
2020-04-04,41.0,6.0,4.0,7.0,17.0,1016978.0,41.0,5.0
2020-04-05,39.0,9.0,7.0,4.0,22.0,1017122.0,49.0,8.0
2020-04-06,48.0,12.0,3.0,5.0,30.0,1017251.0,57.0,8.0
2020-04-07,53.0,17.0,7.0,7.0,32.0,1016837.0,68.0,11.0
2020-04-08,60.0,14.0,15.0,10.0,31.0,1016580.0,81.0,13.0
2020-04-09,81.0,14.0,15.0,14.0,38.0,1016553.0,90.0,9.0
2020-04-10,79.0,24.0,14.0,9.0,51.0,1016648.0,108.0,18.0
2020-04-11,111.0,31.0,16.0,13.0,65.0,1017529.0,127.0,19.0
2020-04-12,127.0,26.0,23.0,16.0,78.0,1017735.0,141.0,14.0
2020-04-13,159.0,28.0,21.0,18.0,77.0,1018657.0,159.0,18.0
2020-04-14,181.0,37.0,25.0,28.0,92.0,1018393.0,196.0,37.0
2020-04-15,179.0,53.0,49.0,28.0,107.0,1018432.0,246.0,50.0
2020-04-16,251.0,63.0,48.0,35.0,129.0,1019056.0,291.0,45.0
2020-04-17,333.0,89.0,54.0,35.0,164.0,1018427.0,352.0,61.0
2020-04-18,394.0,98.0,79.0,47.0,179.0,1019235.0,414.0,62.0
2020-04-19,484.0,103.0,100.0,69.0,213.0,1019210.0,492.0,78.0
2020-04-20,576.0,130.0,101.0,68.0,248.0,1019935.0,595.0,103.0
2020-04-21,656.0,144.0,111.0,95.0,303.0,1021019.0,710.0,115.0
2020-04-22,757.0,163.0,131.0,106.0,389.0,1020276.0,838.0,128.0
2020-04-23,910.0,194.0,147.0,117.0,432.0,1019993.0,983.0,145.0
2020-04-24,1065.0,229.0,179.0,131.0,506.0,1019678.0,1163.0,180.0
2020-04-25,1223.0,269.0,210.0,162.0,611.0,1019915.0,1381.0,218.0
2020-04-26,1528.0,326.0,247.0,211.0,720.0,1020102.0,1613.0,232.0
2020-04-27,1831.0,369.0,314.0,237.0,884.0,1019459.0,1891.0,278.0
2020-04-28,2170.0,466.0,379.0,276.0,1024.0,1018721.0,2255.0,364.0
2020-04-29,2554.0,564.0,456.0,325.0,1207.0,1018361.0,2714.0,459.0
2020-04-30,3063.0,651.0,577.0,399.0,1460.0,1016873.0,3228.0,514.0
2020-05-01,3550.0,738.0,607.0,495.0,1716.0,1015862.0,3834.0,606.0
2020-05-02,4284.0,874.0,689.0,562.0,1995.0,1015233.0,4524.0,690.0
2020-05-03,5020.0,1118.0,859.0,648.0,2462.0,1013801.0,5392.0,868.0
2020-05-04,5903.0,1356.0,1013.0,753.0,2966.0,1011623.0,6410.0,1018.0
2020-05-05,7004.0,1512.0,1227.0,928.0,3501.0,1008684.0,7585.0,1175.0
2020-05-06,8443.0,1782.0,1418.0,1161.0,4177.0,1004957.0,8984.0,1399.0
2020-05-07,9869.0,2034.0,1713.0,1357.0,4965.0,1002049.0,10649.0,1665.0
2020-05-08,11554.0,2528.0,1965.0,1550.0,5924.0,998760.0,12633.0,1984.0
2020-05-09,13723.0,2965.0,2356.0,1857.0,6926.0,994659.0,14966.0,2333.0
2020-05-10,16396.0,3511.0,2862.0,2168.0,8169.0,991113.0,17764.0,2798.0
2020-05-11,19298.0,4199.0,3274.0,2621.0,9645.0,985172.0,21028.0,3264.0
2020-05-12,22740.0,4926.0,3853.0,3149.0,11415.0,977258.0,24833.0,3805.0
2020-05-13,26899.0,5941.0,4521.0,3672.0,13437.0,968072.0,29409.0,4576.0
2020-05-14,31425.0,6993.0,5302.0,4280.0,15940.0,959751.0,34789.0,5380.0
2020-05-15,36839.0,8207.0,6433.0,5061.0,19087.0,949366.0,41073.0,6284.0
2020-05-16,43048.0,9613.0,7647.0,5873.0,22777.0,935337.0,48457.0,7384.0
2020-05-17,50363.0,11077.0,8795.0,7150.0,27046.0,920522.0,56984.0,8527.0
2020-05-18,57985.0,12906.0,10529.0,8313.0,31975.0,901997.0,67080.0,10096.0
2020-05-19,67673.0,14878.0,12124.0,9605.0,37767.0,881162.0,78451.0,11371.0
2020-05-20,77665.0,17441.0,14028.0,11500.0,44303.0,859097.0,91768.0,13317.0
2020-05-21,89069.0,20026.0,16194.0,13356.0,52203.0,833946.0,107097.0,15329.0
2020-05-22,101149.0,22808.0,18416.0,15419.0,61493.0,804999.0,124392.0,17295.0
2020-05-23,114170.0,25973.0,21164.0,17496.0,71689.0,774740.0,144154.0,19762.0
2020-05-24,127359.0,29414.0,24343.0,20042.0,83733.0,740178.0,166657.0,22503.0
2020-05-25,141338.0,32923.0,27622.0,22743.0,97763.0,703095.0,191526.0,24869.0
2020-05-26,154582.0,36789.0,30950.0,25931.0,113125.0,664466.0,218943.0,27417.0
2020-05-27,168070.0,40717.0,34574.0,29616.0,130781.0,622863.0,249133.0,30190.0
2020-05-28,181000.0,44004.0,38287.0,32868.0,150597.0,579813.0,281726.0,32593.0
2020-05-29,192123.0,47309.0,41882.0,36459.0,172760.0,536035.0,316333.0,34607.0
2020-05-30,201091.0,50660.0,45350.0,39508.0,196908.0,492691.0,353095.0,36762.0
2020-05-31,208406.0,53602.0,48168.0,43055.0,224104.0,448660.0,391594.0,38499.0
2020-06-01,213122.0,55759.0,51367.0,46770.0,252722.0,406938.0,431291.0,39697.0
2020-06-02,215372.0,56832.0,53977.0,49378.0,283627.0,367294.0,471310.0,40019.0
2020-06-03,214398.0,57977.0,55555.0,51810.0,315265.0,331287.0,511660.0,40350.0
2020-06-04,211083.0,57925.0,56624.0,53846.0,349533.0,297537.0,551768.0,40108.0
2020-06-05,205626.0,56878.0,56966.0,55373.0,384454.0,266921.0,590707.0,38939.0
2020-06-06,198108.0,56311.0,56443.0,56137.0,420510.0,239134.0,628792.0,38085.0
2020-06-07,188403.0,54597.0,56097.0,56320.0,456435.0,215446.0,665526.0,36734.0
2020-06-08,178082.0,52405.0,54973.0,55697.0,492855.0,193991.0,700233.0,34707.0
2020-06-09,166691.0,49910.0,52964.0,54362.0,528034.0,175611.0,732846.0,32613.0
2020-06-10,154725.0,47090.0,50754.0,52745.0,561505.0,160280.0,763409.0,30563.0
2020-06-11,143460.0,43762.0,47777.0,50839.0,594193.0,145893.0,791455.0,28046.0
2020-06-12,131416.0,40650.0,44914.0,48324.0,626057.0,134407.0,817617.0,26162.0
2020-06-13,120242.0,37629.0,41857.0,46085.0,656916.0,123753.0,841402.0,23785.0
2020-06-14,109308.0,34675.0,39090.0,43325.0,685943.0,114673.0,863194.0,21792.0
2020-06-15,99630.0,31115.0,35854.0,40215.0,714108.0,107167.0,882680.0,19486.0
2020-06-16,89873.0,28433.0,32938.0,37309.0,739429.0,100430.0,900586.0,17906.0
2020-06-17,80647.0,25814.0,30084.0,34899.0,762143.0,94501.0,916746.0,16160.0
2020-06-18,72485.0,23461.0,27413.0,31817.0,782727.0,90109.0,931348.0,14602.0
2020-06-19,64802.0,21355.0,25004.0,29308.0,801354.0,86403.0,944486.0,13138.0
2020-06-20,57931.0,19283.0,22578.0,26328.0,820632.0,82756.0,956165.0,11679.0
2020-06-21,51747.0,16966.0,20117.0,23902.0,835865.0,79447.0,966663.0,10498.0
2020-06-22,46261.0,15269.0,18149.0,21536.0,850781.0,76707.0,976024.0,9361.0
2020-06-23,41136.0,13629.0,16195.0,19509.0,863319.0,74461.0,984324.0,8300.0
2020-06-24,36177.0,12307.0,14722.0,17532.0,874305.0,72220.0,991797.0,7473.0
2020-06-25,32350.0,10834.0,13200.0,15933.0,884472.0,70289.0,998319.0,6522.0
2020-06-26,28593.0,9668.0,11739.0,14014.0,894456.0,69039.0,1004110.0,5791.0
2020-06-27,25466.0,8528.0,10474.0,12502.0,902721.0,67631.0,1009256.0,5146.0
2020-06-28,22470.0,7490.0,9330.0,11107.0,910065.0,66370.0,1013830.0,4574.0
2020-06-29,19885.0,6700.0,8256.0,10155.0,917452.0,65598.0,1017819.0,3989.0
2020-06-30,17623.0,5960.0,7265.0,8955.0,923372.0,64917.0,1021468.0,3649.0
2020-07-01,15460.0,5205.0,6517.0,7937.0,929206.0,64196.0,1024666.0,3198.0
2020-07-02,13457.0,4668.0,5851.0,7007.0,933693.0,63518.0,1027519.0,2853.0
2020-07-03,12060.0,3976.0,5212.0,6313.0,937166.0,63046.0,1029920.0,2401.0
2020-07-04,10603.0,3528.0,4518.0,5464.0,941263.0,62542.0,1032080.0,2160.0
2020-07-05,9453.0,3193.0,3937.0,4792.0,945001.0,61931.0,1033990.0,1910.0
2020-07-06,8251.0,2855.0,3523.0,4360.0,948443.0,61677.0,1035746.0,1756.0
