time,E,I1,I2,I3,R,S,cumI,diffI
2020-03-06,1.0,2.0,1.0,0.0,0.0,969390.0,0.0,0.0
2020-03-07,1.0,0.0,2.0,0.0,0.0,972901.0,0.0,0.0
2020-03-08,2.0,0.0,0.0,0.0,1.0,980333.0,0.0,0.0
2020-03-09,1.0,1.0,0.0,0.0,1.0,987055.0,1.0,1.0
2020-03-10,2.0,0.0,1.0,0.0,1.0,992747.0,1.0,0.0
2020-03-11,1.0,0.0,1.0,0.0,1.0,996824.0,1.0,0.0
2020-03-12,2.0,0.0,0.0,0.0,2.0,999926.0,1.0,0.0
2020-03-13,0.0,0.0,1.0,0.0,1.0,1003226.0,2.0,1.0
2020-03-14,0.0,0.0,1.0,0.0,1.0,1005468.0,2.0,0.0
2020-03-15,0.0,0.0,0.0,1.0,1.0,1007701.0,2.0,0.0
2020-03-16,2.0,0.0,0.0,0.0,1.0,1008952.0,2.0,0.0
2020-03-17,1.0,0.0,0.0,0.0,1.0,1010351.0,2.0,0.0
2020-03-18,2.0,0.0,0.0,0.0,0.0,1010781.0,2.0,0.0
2020-03-19,2.0,0.0,0.0,0.0,1.0,1010963.0,2.0,0.0
2020-03-20,4.0,1.0,0.0,1.0,1.0,1012198.0,3.0,1.0
2020-03-21,4.0,1.0,0.0,0.0,1.0,1012584.0,3.0,0.0
2020-03-22,0.0,3.0,0.0,0.0,2.0,1012817.0,5.0,2.0
2020-03-23,2.0,3.0,0.0,0.0,3.0,1013752.0,5.0,0.0
2020-03-24,1.0,2.0,1.0,0.0,2.0,1013451.0,5.0,0.0
2020-03-25,3.0,1.0,1.0,0.0,4.0,1013872.0,5.0,0.0
2020-03-26,6.0,0.0,2.0,1.0,3.0,1014261.0,5.0,0.0
2020-03-27,8.0,1.0,1.0,0.0,2.0,1014214.0,5.0,0.0
2020-03-28,7.0,0.0,2.0,0.0,7.0,1014820.0,5.0,0.0
2020-03-29,10.0,0.0,1.0,1.0,5.0,1013931.0,6.0,1.0
2020-03-30,10.0,0.0,2.0,0.0,8.0,1014704.0,8.0,2.0
2020-03-31,15.0,2.0,1.0,1.0,4.0,1016077.0,9.0,1.0
2020-04-01,19.0,1.0,3.0,3.0,5.0,1016481.0,11.0,2.0
2020-04-02,18.0,2.0,3.0,3.0,8.0,1016411.0,12.0,1.0
2020-04-03,19.0,3.0,5.0,3.0,10.0,1016883.0,17.0,5.0
2020-04-04,21.0,8.0,4.0,8.0,10.0,1017528.0,25.0,8.0
2020-04-05,25.0,6.0,5.0,4.0,16.0,1017202.0,28.0,3.0
2020-04-06,32.0,10.0,5.0,6.0,22.0,1017373.0,36.0,8.0
2020-04-07,42.0,10.0,6.0,9.0,28.0,1016733.0,44.0,8.0
2020-04-08,51.0,13.0,9.0,7.0,28.0,1017328.0,55.0,11.0
2020-04-09,79.0,5.0,7.0,8.0,38.0,1018526.0,55.0,0.0
2020-04-10,92.0,13.0,8.0,13.0,38.0,1017630.0,69.0,14.0
2020-04-11,92.0,23.0,18.0,11.0,46.0,1017291.0,96.0,27.0
2020-04-12,102.0,32.0,24.0,14.0,53.0,1018908.0,124.0,28.0
2020-04-13,124.0,19.0,27.0,12.0,62.0,1018342.0,136.0,12.0
2020-04-14,148.0,24.0,23.0,28.0,67.0,1019212.0,154.0,18.0
2020-04-15,188.0,30.0,24.0,25.0,75.0,1018634.0,173.0,19.0
2020-04-16,194.0,33.0,33.0,26.0,99.0,1018780.0,210.0,37.0
2020-04-17,210.0,53.0,33.0,22.0,115.0,1019094.0,254.0,44.0
2020-04-18,249.0,45.0,47.0,20.0,123.0,1019057.0,283.0,29.0
2020-04-19,284.0,67.0,45.0,45.0,153.0,1019318.0,334.0,51.0
2020-04-20,365.0,74.0,58.0,47.0,189.0,1019647.0,391.0,57.0
2020-04-21,431.0,103.0,60.0,60.0,209.0,1019481.0,454.0,63.0
2020-04-22,471.0,119.0,88.0,57.0,255.0,1020810.0,538.0,84.0
2020-04-23,592.0,132.0,105.0,81.0,293.0,1020209.0,636.0,98.0
2020-04-24,723.0,155.0,112.0,104.0,326.0,1020531.0,746.0,110.0
2020-04-25,883.0,170.0,155.0,121.0,386.0,1020394.0,893.0,147.0
2020-04-26,1004.0,253.0,146.0,151.0,450.0,1019182.0,1085.0,192.0
2020-04-27,1201.0,281.0,177.0,180.0,559.0,1018395.0,1288.0,203.0
2020-04-28,1415.0,298.0,224.0,198.0,714.0,1019589.0,1531.0,243.0
2020-04-29,1720.0,341.0,267.0,244.0,822.0,1019180.0,1817.0,286.0
2020-04-30,2062.0,444.0,338.0,267.0,950.0,1018026.0,2168.0,351.0
2020-05-01,2401.0,545.0,397.0,331.0,1085.0,1016363.0,2582.0,414.0
2020-05-02,2910.0,597.0,510.0,365.0,1373.0,1017141.0,3055.0,473.0
2020-05-03,3394.0,749.0,583.0,451.0,1630.0,1015764.0,3676.0,621.0
2020-05-04,4062.0,876.0,672.0,523.0,1931.0,1015267.0,4365.0,689.0
2020-05-05,4849.0,973.0,768.0,655.0,2360.0,1012658.0,5118.0,753.0
2020-05-06,5810.0,1235.0,942.0,779.0,2834.0,1009196.0,6115.0,997.0
2020-05-07,6921.0,1414.0,1169.0,855.0,3319.0,1007540.0,7231.0,1116.0
2020-05-08,7973.0,1731.0,1344.0,1034.0,3904.0,1005926.0,8641.0,1410.0
2020-05-09,9449.0,2073.0,1585.0,1294.0,4683.0,1003147.0,10276.0,1635.0
2020-05-10,11101.0,2430.0,1919.0,1435.0,5595.0,1000513.0,12113.0,1837.0
2020-05-11,13147.0,2818.0,2228.0,1715.0,6657.0,995317.0,14279.0,2166.0
2020-05-12,15580.0,3341.0,2694.0,2127.0,7927.0,991131.0,16878.0,2599.0
2020-05-13,18569.0,4021.0,3161.0,2523.0,9380.0,985590.0,19997.0,3119.0
2020-05-14,21777.0,4705.0,3769.0,2972.0,10973.0,978888.0,23718.0,3721.0
2020-05-15,25564.0,5671.0,4349.0,3368.0,13155.0,970464.0,28047.0,4329.0
2020-05-16,29919.0,6459.0,5197.0,4030.0,15515.0,962675.0,33134.0,5087.0
2020-05-17,35144.0,7688.0,6043.0,4857.0,18398.0,952488.0,39085.0,5951.0
2020-05-18,41077.0,8901.0,7166.0,5646.0,21637.0,939934.0,46011.0,6926.0
2020-05-19,48133.0,10448.0,8410.0,6710.0,25537.0,926142.0,54142.0,8131.0
2020-05-20,55836.0,12303.0,9887.0,7796.0,30077.0,909009.0,63729.0,9587.0
2020-05-21,64435.0,14354.0,11445.0,9133.0,35756.0,890414.0,74760.0,11031.0
2020-05-22,74414.0,16344.0,13403.0,10846.0,41962.0,868623.0,87515.0,12755.0
2020-05-23,85427.0,19116.0,15525.0,12740.0,49379.0,843556.0,102292.0,14777.0
2020-05-24,96974.0,22090.0,18112.0,14602.0,57880.0,816475.0,119335.0,17043.0
2020-05-25,109657.0,24988.0,20692.0,16939.0,68014.0,786611.0,138254.0,18919.0
2020-05-26,123245.0,28228.0,23574.0,19328.0,79435.0,752340.0,159554.0,21300.0
2020-05-27,136857.0,31834.0,26632.0,22279.0,92857.0,715438.0,183753.0,24199.0
2020-05-28,150936.0,35505.0,29813.0,25239.0,107761.0,676847.0,210297.0,26544.0
2020-05-29,165269.0,38985.0,33493.0,28277.0,125153.0,635549.0,239377.0,29080.0
2020-05-30,178088.0,42891.0,37297.0,31648.0,144239.0,592704.0,271225.0,31848.0
2020-05-31,189227.0,46526.0,40880.0,34959.0,165970.0,549116.0,305436.0,34211.0
2020-06-01,198893.0,49637.0,44341.0,38461.0,189966.0,505045.0,341759.0,36323.0
2020-06-02,207173.0,52751.0,47125.0,42123.0,215960.0,462827.0,379648.0,37889.0
2020-06-03,212695.0,54843.0,50593.0,45367.0,244153.0,419799.0,418744.0,39096.0
2020-06-04,214524.0,56504.0,53069.0,48477.0,273639.0,380266.0,458644.0,39900.0
2020-06-05,215123.0,57516.0,55145.0,51143.0,305612.0,342042.0,498991.0,40347.0
2020-06-06,212673.0,57868.0,56305.0,53101.0,339112.0,307184.0,539075.0,40084.0
2020-06-07,206930.0,57409.0,56873.0,54729.0,374651.0,276218.0,578646.0,39571.0
2020-06-08,199810.0,56565.0,56981.0,55559.0,410122.0,247774.0,617193.0,38547.0
2020-06-09,191037.0,54973.0,56393.0,55871.0,445543.0,222944.0,653947.0,36754.0
2020-06-10,181094.0,53019.0,55144.0,55654.0,480703.0,200355.0,688999.0,35052.0
2020-06-11,170136.0,50286.0,53122.0,55075.0,516397.0,181254.0,722073.0,33074.0
2020-06-12,158559.0,47855.0,50843.0,53842.0,551248.0,164815.0,753288.0,31215.0
2020-06-13,146575.0,44906.0,48382.0,51583.0,585820.0,150559.0,782235.0,28947.0
2020-06-14,134981.0,41350.0,46205.0,49202.0,618020.0,138089.0,808599.0,26364.0
2020-06-15,123272.0,38296.0,42949.0,46771.0,648382.0,127651.0,832867.0,24268.0
2020-06-16,112874.0,35447.0,39650.0,44208.0,677773.0,118141.0,855290.0,22423.0
2020-06-17,102213.0,32629.0,36682.0,41252.0,705347.0,110290.0,875716.0,20426.0
2020-06-18,92219.0,29343.0,33725.0,38311.0,730611.0,103290.0,894025.0,18309.0
2020-06-19,83308.0,26496.0,30938.0,35264.0,754808.0,97573.0,910587.0,16562.0
2020-06-20,74872.0,23943.0,28017.0,32457.0,776776.0,92648.0,925595.0,15008.0
2020-06-21,66920.0,21684.0,25370.0,29560.0,797030.0,87938.0,939153.0,13558.0
2020-06-22,59471.0,19756.0,22944.0,26963.0,813693.0,84593.0,951420.0,12267.0
2020-06-23,53354.0,17732.0,20931.0,24705.0,829612.0,81276.0,962163.0,10743.0
2020-06-24,47750.0,15938.0,19251.0,22252.0,843565.0,78334.0,971867.0,9704.0
2020-06-25,42389.0,13996.0,17288.0,20369.0,857445.0,75786.0,980414.0,8547.0
2020-06-26,37720.0,12486.0,15216.0,18280.0,869986.0,73722.0,988103.0,7689.0
2020-06-27,33832.0,11269.0,13631.0,16317.0,881714.0,72021.0,994880.0,6777.0
2020-06-28,29949.0,10208.0,12122.0,14595.0,890656.0,70505.0,1001095.0,6215.0
2020-06-29,26628.0,8997.0,10939.0,13003.0,900355.0,69130.0,1006502.0,5407.0
2020-06-30,23706.0,7900.0,9529.0,11683.0,908520.0,67729.0,1011163.0,4661.0
2020-07-01,20897.0,7094.0,8467.0,10481.0,913703.0,66716.0,1015472.0,4309.0
2020-07-02,18510.0,6264.0,7545.0,9369.0,920313.0,65807.0,1019231.0,3759.0
2020-07-03,16521.0,5620.0,6801.0,8316.0,926098.0,65082.0,1022603.0,3372.0
2020-07-04,14689.0,4976.0,6002.0,7362.0,931611.0,64176.0,1025580.0,2977.0
2020-07-05,13104.0,4443.0,5343.0,6545.0,935550.0,63609.0,1028160.0,2580.0
2020-07-06,11579.0,3967.0,4725.0,5855.0,939968.0,63035.0,1030508.0,2348.0
