time,E,I1,I2,I3,R,S,cumI,diffI
2020-03-06,0.0,1.0,1.0,0.0,0.0,970652.0,0.0,0.0
2020-03-07,2.0,0.0,2.0,0.0,0.0,972903.0,0.0,0.0
2020-03-08,2.0,0.0,0.0,0.0,0.0,979482.0,0.0,0.0
2020-03-09,1.0,0.0,0.0,0.0,0.0,986045.0,0.0,0.0
2020-03-10,2.0,0.0,0.0,0.0,1.0,991732.0,0.0,0.0
2020-03-11,1.0,0.0,0.0,0.0,1.0,995901.0,0.0,0.0
2020-03-12,2.0,0.0,0.0,0.0,2.0,999499.0,0.0,0.0
2020-03-13,3.0,0.0,1.0,1.0,1.0,1002610.0,0.0,0.0
2020-03-14,4.0,0.0,1.0,0.0,2.0,1004485.0,0.0,0.0
2020-03-15,3.0,0.0,0.0,0.0,2.0,1007428.0,1.0,1.0
2020-03-16,3.0,0.0,0.0,0.0,1.0,1010100.0,1.0,0.0
2020-03-17,3.0,1.0,1.0,0.0,1.0,1011207.0,2.0,1.0
2020-03-18,2.0,3.0,0.0,1.0,2.0,1011579.0,3.0,1.0
2020-03-19,3.0,1.0,1.0,1.0,4.0,1012486.0,3.0,0.0
2020-03-20,8.0,0.0,1.0,0.0,7.0,1012584.0,3.0,0.0
2020-03-21,8.0,2.0,0.0,1.0,7.0,1012029.0,3.0,0.0
2020-03-22,9.0,2.0,1.0,1.0,8.0,1012755.0,4.0,1.0
2020-03-23,9.0,5.0,2.0,4.0,5.0,1012244.0,8.0,4.0
2020-03-24,15.0,3.0,5.0,4.0,6.0,1012951.0,10.0,2.0
2020-03-25,16.0,3.0,4.0,4.0,8.0,1013777.0,13.0,3.0
2020-03-26,16.0,2.0,2.0,4.0,13.0,1013511.0,14.0,1.0
2020-03-27,11.0,4.0,1.0,3.0,14.0,1013848.0,16.0,2.0
2020-03-28,15.0,7.0,3.0,2.0,12.0,1015210.0,20.0,4.0
2020-03-29,27.0,6.0,3.0,5.0,13.0,1015225.0,22.0,2.0
2020-03-30,33.0,3.0,2.0,6.0,13.0,1014952.0,23.0,1.0
2020-03-31,39.0,2.0,3.0,9.0,16.0,1016025.0,28.0,5.0
2020-04-01,37.0,6.0,6.0,5.0,31.0,1016921.0,34.0,6.0
2020-04-02,43.0,15.0,6.0,6.0,30.0,1016598.0,45.0,11.0
2020-04-03,46.0,8.0,8.0,6.0,31.0,1015982.0,50.0,5.0
2020-04-04,48.0,12.0,6.0,11.0,31.0,1017823.0,61.0,11.0
2020-04-05,66.0,12.0,8.0,9.0,37.0,1016765.0,66.0,5.0
2020-04-06,76.0,11.0,12.0,9.0,42.0,1016964.0,75.0,9.0
2020-04-07,80.0,22.0,14.0,12.0,48.0,1016785.0,95.0,20.0
2020-04-08,109.0,24.0,21.0,12.0,55.0,1018078.0,107.0,12.0
2020-04-09,131.0,31.0,18.0,18.0,56.0,1016857.0,129.0,22.0
2020-04-10,139.0,28.0,32.0,19.0,65.0,1016105.0,146.0,17.0
2020-04-11,168.0,37.0,23.0,28.0,75.0,1016858.0,173.0,27.0
2020-04-12,210.0,49.0,36.0,32.0,103.0,1018889.0,206.0,33.0
2020-04-13,254.0,57.0,35.0,46.0,129.0,1019379.0,246.0,40.0
2020-04-14,307.0,57.0,48.0,50.0,153.0,1019610.0,298.0,52.0
2020-04-15,361.0,68.0,67.0,65.0,169.0,1019459.0,362.0,64.0
2020-04-16,425.0,90.0,71.0,59.0,215.0,1019104.0,432.0,70.0
2020-04-17,494.0,104.0,86.0,61.0,246.0,1019268.0,518.0,86.0
2020-04-18,572.0,129.0,98.0,91.0,287.0,1019475.0,614.0,96.0
2020-04-19,696.0,143.0,127.0,108.0,358.0,1018045.0,719.0,105.0
2020-04-20,869.0,188.0,124.0,124.0,411.0,1017741.0,860.0,141.0
2020-04-21,1030.0,223.0,169.0,134.0,460.0,1017178.0,1032.0,172.0
2020-04-22,1195.0,256.0,196.0,147.0,546.0,1017784.0,1213.0,181.0
2020-04-23,1484.0,340.0,237.0,185.0,657.0,1017795.0,1454.0,241.0
2020-04-24,1678.0,375.0,291.0,208.0,804.0,1017838.0,1737.0,283.0
2020-04-25,2071.0,428.0,350.0,264.0,932.0,1016244.0,2102.0,365.0
2020-04-26,2415.0,517.0,403.0,332.0,1102.0,1017442.0,2537.0,435.0
2020-04-27,2834.0,628.0,503.0,395.0,1334.0,1016028.0,3033.0,496.0
2020-04-28,3404.0,754.0,552.0,449.0,1683.0,1014322.0,3586.0,553.0
2020-04-29,4067.0,886.0,665.0,541.0,2032.0,1014155.0,4281.0,695.0
2020-04-30,4753.0,1040.0,800.0,644.0,2399.0,1012298.0,5113.0,832.0
2020-05-01,5792.0,1171.0,964.0,758.0,2870.0,1011353.0,6027.0,914.0
2020-05-02,6876.0,1457.0,1167.0,904.0,3342.0,1010018.0,7152.0,1125.0
2020-05-03,8237.0,1702.0,1368.0,1100.0,3966.0,1007150.0,8495.0,1343.0
2020-05-04,9802.0,2149.0,1676.0,1264.0,4735.0,1004423.0,10198.0,1703.0
2020-05-05,11598.0,2529.0,1919.0,1544.0,5615.0,1001592.0,12188.0,1990.0
2020-05-06,13719.0,2833.0,2326.0,1785.0,6841.0,997375.0,14411.0,2223.0
2020-05-07,16233.0,3420.0,2674.0,2058.0,8130.0,993023.0,17161.0,2750.0
2020-05-08,18812.0,4187.0,3297.0,2456.0,9478.0,987093.0,20495.0,3334.0
2020-05-09,22455.0,4821.0,3890.0,2950.0,11108.0,978297.0,24222.0,3727.0
2020-05-10,26177.0,5788.0,4539.0,3585.0,13156.0,968972.0,28694.0,4472.0
2020-05-11,30605.0,6712.0,5276.0,4280.0,15827.0,960494.0,33965.0,5271.0
2020-05-12,36056.0,7946.0,6243.0,4951.0,18942.0,948214.0,40155.0,6190.0
2020-05-13,42724.0,9277.0,7479.0,5773.0,22517.0,936051.0,47265.0,7110.0
2020-05-14,49529.0,11018.0,8672.0,7143.0,26344.0,922262.0,55895.0,8630.0
2020-05-15,57712.0,12586.0,10253.0,8181.0,30958.0,904617.0,65750.0,9855.0
2020-05-16,66830.0,14815.0,11943.0,9442.0,36735.0,886453.0,77158.0,11408.0
2020-05-17,76820.0,17358.0,13943.0,11161.0,42989.0,862972.0,90579.0,13421.0
2020-05-18,87911.0,19860.0,16153.0,13042.0,50832.0,835874.0,105658.0,15079.0
2020-05-19,99909.0,22552.0,18433.0,15012.0,60070.0,807808.0,122920.0,17262.0
2020-05-20,112629.0,25464.0,21208.0,17275.0,70380.0,776324.0,142365.0,19445.0
2020-05-21,125650.0,29318.0,24082.0,19787.0,82457.0,742667.0,164648.0,22283.0
2020-05-22,139423.0,32648.0,27621.0,22647.0,96148.0,705702.0,189117.0,24469.0
2020-05-23,153377.0,36334.0,30561.0,25738.0,111631.0,666456.0,216294.0,27177.0
2020-05-24,167835.0,39913.0,34220.0,29085.0,129229.0,624581.0,245767.0,29473.0
2020-05-25,180504.0,43895.0,37600.0,32496.0,149144.0,582466.0,278053.0,32286.0
2020-05-26,192046.0,47528.0,41229.0,35776.0,170823.0,538401.0,312558.0,34505.0
2020-05-27,201544.0,50578.0,45011.0,39608.0,195037.0,494746.0,349230.0,36672.0
2020-05-28,208472.0,53132.0,48522.0,42918.0,221644.0,451234.0,387778.0,38548.0
2020-05-29,213585.0,55218.0,51281.0,46226.0,250527.0,410195.0,427363.0,39585.0
2020-05-30,215322.0,56920.0,53880.0,48669.0,281509.0,370908.0,467699.0,40336.0
2020-05-31,214364.0,57783.0,55223.0,51614.0,314430.0,333433.0,508215.0,40516.0
2020-06-01,211209.0,57859.0,55965.0,53728.0,348666.0,299313.0,547957.0,39742.0
2020-06-02,205726.0,57543.0,56911.0,54971.0,384221.0,268278.0,587301.0,39344.0
2020-06-03,197363.0,56494.0,56690.0,55899.0,419877.0,240405.0,625461.0,38160.0
2020-06-04,187476.0,54686.0,55975.0,55724.0,456038.0,215725.0,661994.0,36533.0
2020-06-05,177582.0,52275.0,54756.0,55467.0,492691.0,194224.0,696463.0,34469.0
2020-06-06,166170.0,49459.0,52958.0,54228.0,527594.0,175078.0,728861.0,32398.0
2020-06-07,154978.0,46762.0,50609.0,52858.0,562515.0,158193.0,759214.0,30353.0
2020-06-08,142730.0,43661.0,47676.0,50780.0,596192.0,144697.0,787158.0,27944.0
2020-06-09,130335.0,40667.0,44464.0,48526.0,627402.0,133239.0,813019.0,25861.0
2020-06-10,119542.0,37655.0,42136.0,45831.0,657426.0,122811.0,836795.0,23776.0
2020-06-11,108972.0,34413.0,39177.0,43223.0,686596.0,113686.0,858316.0,21521.0
2020-06-12,99011.0,31271.0,36068.0,40558.0,713303.0,105893.0,877950.0,19634.0
2020-06-13,89002.0,28678.0,32996.0,37641.0,739830.0,99344.0,895930.0,17980.0
2020-06-14,80264.0,25930.0,29913.0,34556.0,762918.0,94072.0,912003.0,16073.0
2020-06-15,72129.0,23299.0,27403.0,31460.0,785028.0,89528.0,926472.0,14469.0
2020-06-16,64143.0,21009.0,24912.0,28663.0,803050.0,85574.0,939495.0,13023.0
2020-06-17,57358.0,18799.0,22539.0,26393.0,820982.0,82335.0,950993.0,11498.0
2020-06-18,51134.0,16915.0,20069.0,23927.0,837219.0,79217.0,961228.0,10235.0
2020-06-19,45540.0,14998.0,18138.0,21426.0,853190.0,76847.0,970497.0,9269.0
2020-06-20,40727.0,13565.0,16078.0,19326.0,866476.0,74053.0,978701.0,8204.0
2020-06-21,36269.0,11841.0,14412.0,17301.0,877195.0,71833.0,985943.0,7242.0
2020-06-22,31847.0,10728.0,12948.0,15373.0,888419.0,70130.0,992512.0,6569.0
2020-06-23,28212.0,9581.0,11441.0,13832.0,896829.0,68904.0,998261.0,5749.0
2020-06-24,24880.0,8508.0,10201.0,12703.0,904916.0,67517.0,1003360.0,5099.0
2020-06-25,22073.0,7311.0,8973.0,11068.0,912105.0,66378.0,1007793.0,4433.0
2020-06-26,19526.0,6638.0,8009.0,9696.0,918741.0,65467.0,1011837.0,4044.0
2020-06-27,17098.0,5938.0,7148.0,8609.0,924122.0,64478.0,1015378.0,3541.0
2020-06-28,15294.0,5177.0,6121.0,7807.0,930385.0,63851.0,1018373.0,2995.0
2020-06-29,13343.0,4593.0,5551.0,6899.0,934276.0,63301.0,1021151.0,2778.0
2020-06-30,11839.0,3925.0,5019.0,6106.0,938957.0,62490.0,1023492.0,2341.0
2020-07-01,10405.0,3542.0,4367.0,5469.0,942381.0,62010.0,1025616.0,2124.0
2020-07-02,9101.0,3119.0,3791.0,4722.0,946576.0,61781.0,1027455.0,1839.0
2020-07-03,8120.0,2716.0,3537.0,4119.0,948520.0,61234.0,1029097.0,1642.0
2020-07-04,7119.0,2376.0,3107.0,3670.0,951337.0,60791.0,1030571.0,1474.0
2020-07-05,6276.0,2157.0,2670.0,3234.0,954134.0,60271.0,1031875.0,1304.0
2020-07-06,5514.0,1959.0,2263.0,2955.0,956091.0,59783.0,1033020.0,1145.0
