time,E,I1,I2,I3,R,S,cumI,diffI
2020-03-06,0.0,2.0,1.0,0.0,0.0,970686.0,0.0,0.0
2020-03-07,1.0,2.0,1.0,0.0,0.0,972781.0,0.0,0.0
2020-03-08,0.0,2.0,0.0,1.0,0.0,979721.0,0.0,0.0
2020-03-09,2.0,2.0,0.0,0.0,1.0,988202.0,0.0,0.0
2020-03-10,1.0,2.0,0.0,0.0,1.0,993532.0,0.0,0.0
2020-03-11,1.0,1.0,0.0,0.0,0.0,997315.0,1.0,1.0
2020-03-12,3.0,0.0,0.0,0.0,1.0,1000886.0,1.0,0.0
2020-03-13,3.0,1.0,0.0,0.0,0.0,1002376.0,2.0,1.0
2020-03-14,5.0,0.0,1.0,0.0,1.0,1004741.0,2.0,0.0
2020-03-15,6.0,1.0,0.0,0.0,1.0,1007018.0,3.0,1.0
2020-03-16,7.0,0.0,0.0,0.0,0.0,1007386.0,3.0,0.0
2020-03-17,6.0,1.0,1.0,0.0,0.0,1008627.0,5.0,2.0
2020-03-18,8.0,0.0,0.0,1.0,1.0,1009069.0,5.0,0.0
2020-03-19,4.0,1.0,2.0,0.0,3.0,1009749.0,7.0,2.0
2020-03-20,2.0,1.0,0.0,0.0,3.0,1010566.0,8.0,1.0
2020-03-21,3.0,3.0,0.0,0.0,5.0,1011705.0,10.0,2.0
2020-03-22,1.0,3.0,1.0,0.0,1.0,1011462.0,12.0,2.0
2020-03-23,3.0,1.0,1.0,1.0,3.0,1012473.0,12.0,0.0
2020-03-24,4.0,0.0,1.0,1.0,2.0,1012134.0,13.0,1.0
2020-03-25,10.0,2.0,0.0,1.0,1.0,1013038.0,14.0,1.0
2020-03-26,6.0,1.0,1.0,1.0,2.0,1013704.0,14.0,0.0
2020-03-27,9.0,1.0,0.0,2.0,2.0,1014123.0,14.0,0.0
2020-03-28,7.0,1.0,1.0,0.0,5.0,1014393.0,16.0,2.0
2020-03-29,6.0,1.0,1.0,0.0,5.0,1014673.0,18.0,2.0
2020-03-30,9.0,1.0,1.0,0.0,4.0,1014344.0,19.0,1.0
2020-03-31,8.0,2.0,1.0,2.0,4.0,1015064.0,19.0,0.0
2020-04-01,15.0,2.0,2.0,0.0,8.0,1015980.0,21.0,2.0
2020-04-02,17.0,1.0,4.0,3.0,7.0,1016387.0,25.0,4.0
2020-04-03,19.0,6.0,4.0,3.0,8.0,1016892.0,30.0,5.0
2020-04-04,33.0,6.0,6.0,1.0,12.0,1016770.0,33.0,3.0
2020-04-05,39.0,5.0,7.0,7.0,15.0,1015885.0,39.0,6.0
2020-04-06,47.0,8.0,6.0,6.0,16.0,1016370.0,48.0,9.0
2020-04-07,57.0,14.0,9.0,5.0,16.0,1017248.0,59.0,11.0
2020-04-08,44.0,14.0,10.0,3.0,29.0,1016658.0,73.0,14.0
2020-04-09,63.0,12.0,16.0,6.0,28.0,1016642.0,85.0,12.0
2020-04-10,79.0,15.0,13.0,10.0,29.0,1016438.0,97.0,12.0
2020-04-11,87.0,15.0,9.0,12.0,37.0,1017936.0,108.0,11.0
2020-04-12,96.0,21.0,16.0,11.0,44.0,1017433.0,128.0,20.0
2020-04-13,112.0,27.0,13.0,14.0,48.0,1017511.0,145.0,17.0
2020-04-14,136.0,34.0,16.0,17.0,62.0,1018237.0,167.0,22.0
2020-04-15,172.0,50.0,21.0,15.0,68.0,1018235.0,195.0,28.0
2020-04-16,221.0,37.0,32.0,27.0,74.0,1018269.0,216.0,21.0
2020-04-17,241.0,43.0,35.0,29.0,110.0,1019712.0,252.0,36.0
2020-04-18,294.0,47.0,45.0,41.0,129.0,1019084.0,297.0,45.0
2020-04-19,341.0,63.0,55.0,40.0,165.0,1019087.0,348.0,51.0
2020-04-20,383.0,78.0,71.0,52.0,200.0,1020877.0,412.0,64.0
2020-04-21,427.0,88.0,83.0,66.0,227.0,1019286.0,489.0,77.0
2020-04-22,523.0,119.0,76.0,68.0,261.0,1019167.0,576.0,87.0
2020-04-23,640.0,157.0,95.0,75.0,295.0,1019272.0,692.0,116.0
2020-04-24,750.0,183.0,124.0,98.0,372.0,1018794.0,822.0,130.0
2020-04-25,820.0,215.0,171.0,107.0,438.0,1018980.0,1001.0,179.0
2020-04-26,1087.0,218.0,189.0,141.0,523.0,1018951.0,1166.0,165.0
2020-04-27,1278.0,248.0,198.0,178.0,616.0,1018017.0,1376.0,210.0
2020-04-28,1511.0,306.0,237.0,212.0,751.0,1018285.0,1619.0,243.0
2020-04-29,1783.0,345.0,258.0,262.0,906.0,1016567.0,1887.0,268.0
2020-04-30,2112.0,428.0,324.0,291.0,1064.0,1016760.0,2228.0,341.0
2020-05-01,2481.0,534.0,376.0,316.0,1245.0,1015450.0,2663.0,435.0
2020-05-02,2990.0,593.0,529.0,367.0,1479.0,1014951.0,3141.0,478.0
2020-05-03,3629.0,718.0,592.0,463.0,1764.0,1014633.0,3733.0,592.0
2020-05-04,4305.0,879.0,687.0,545.0,2112.0,1012802.0,4457.0,724.0
2020-05-05,5074.0,1104.0,793.0,673.0,2465.0,1013997.0,5296.0,839.0
2020-05-06,5924.0,1301.0,971.0,765.0,2942.0,1010543.0,6313.0,1017.0
2020-05-07,7172.0,1555.0,1249.0,951.0,3459.0,1008519.0,7560.0,1247.0
2020-05-08,8499.0,1836.0,1508.0,1170.0,4037.0,1006886.0,8989.0,1429.0
2020-05-09,9899.0,2172.0,1719.0,1427.0,4847.0,1003060.0,10712.0,1723.0
2020-05-10,11772.0,2616.0,1994.0,1624.0,5818.0,998752.0,12737.0,2025.0
2020-05-11,14080.0,3100.0,2355.0,1852.0,7002.0,994531.0,15086.0,2349.0
2020-05-12,16444.0,3648.0,2855.0,2269.0,8201.0,990317.0,17920.0,2834.0
2020-05-13,19384.0,4331.0,3340.0,2603.0,9711.0,984593.0,21260.0,3340.0
2020-05-14,22921.0,4986.0,4000.0,3065.0,11549.0,976773.0,25181.0,3921.0
2020-05-15,26994.0,5844.0,4648.0,3722.0,13798.0,969042.0,29796.0,4615.0
2020-05-16,31476.0,6863.0,5385.0,4327.0,16379.0,959967.0,35127.0,5331.0
2020-05-17,37223.0,8086.0,6387.0,5080.0,19464.0,948690.0,41326.0,6199.0
2020-05-18,43280.0,9409.0,7557.0,5917.0,23003.0,935970.0,48706.0,7380.0
2020-05-19,50324.0,11093.0,8700.0,7127.0,27150.0,920205.0,57341.0,8635.0
2020-05-20,58223.0,13078.0,10328.0,8345.0,31910.0,901750.0,67453.0,10112.0
2020-05-21,67606.0,15140.0,12086.0,9671.0,37545.0,882375.0,79107.0,11654.0
2020-05-22,77758.0,17548.0,14178.0,11304.0,44275.0,860366.0,92619.0,13512.0
2020-05-23,88911.0,20209.0,16324.0,13188.0,52266.0,834834.0,107886.0,15267.0
2020-05-24,101257.0,22726.0,18737.0,15423.0,61120.0,804305.0,125287.0,17401.0
2020-05-25,114087.0,26106.0,21516.0,17837.0,71674.0,773314.0,145204.0,19917.0
2020-05-26,127791.0,29404.0,24435.0,20251.0,83454.0,739319.0,167431.0,22227.0
2020-05-27,141051.0,33189.0,27716.0,22892.0,97577.0,701816.0,192540.0,25109.0
2020-05-28,154641.0,36504.0,31385.0,25854.0,113448.0,663343.0,219881.0,27341.0
2020-05-29,168718.0,40257.0,34832.0,29163.0,130922.0,622320.0,249720.0,29839.0
2020-05-30,180855.0,44194.0,38095.0,32879.0,151089.0,578413.0,282337.0,32617.0
2020-05-31,192219.0,47434.0,41736.0,36250.0,172983.0,534159.0,316905.0,34568.0
2020-06-01,201352.0,50869.0,45308.0,39535.0,197145.0,490925.0,353914.0,37009.0
2020-06-02,209089.0,53252.0,48430.0,43131.0,223306.0,447401.0,392260.0,38346.0
2020-06-03,213494.0,55875.0,50949.0,46432.0,251934.0,406077.0,432190.0,39930.0
2020-06-04,214922.0,57160.0,53630.0,49308.0,282487.0,367042.0,472367.0,40177.0
2020-06-05,214085.0,58267.0,55727.0,51556.0,315863.0,330467.0,512988.0,40621.0
2020-06-06,210990.0,58211.0,56371.0,54027.0,349941.0,296978.0,552961.0,39973.0
2020-06-07,205877.0,57808.0,57128.0,55212.0,385229.0,266610.0,592143.0,39182.0
2020-06-08,197705.0,56593.0,56938.0,55993.0,421222.0,238923.0,630316.0,38173.0
2020-06-09,187986.0,54549.0,55770.0,56193.0,457197.0,215611.0,666654.0,36338.0
2020-06-10,177650.0,52175.0,54369.0,55797.0,492738.0,194191.0,701367.0,34713.0
2020-06-11,166179.0,49704.0,52770.0,54559.0,528446.0,175837.0,733768.0,32401.0
2020-06-12,154645.0,46668.0,50071.0,53274.0,562588.0,159767.0,763984.0,30216.0
2020-06-13,142544.0,43732.0,47560.0,50744.0,596229.0,146170.0,792065.0,28081.0
2020-06-14,130592.0,40566.0,44725.0,48045.0,628035.0,133775.0,818110.0,26045.0
2020-06-15,119647.0,37013.0,41995.0,45603.0,658843.0,123182.0,841631.0,23521.0
2020-06-16,108330.0,34225.0,38925.0,42766.0,687888.0,113991.0,863502.0,21871.0
2020-06-17,98029.0,31343.0,35771.0,40113.0,714309.0,106723.0,883258.0,19756.0
2020-06-18,88432.0,28290.0,32681.0,37166.0,739294.0,100190.0,900866.0,17608.0
2020-06-19,79663.0,25775.0,29735.0,34235.0,761012.0,94312.0,916804.0,15938.0
2020-06-20,71461.0,23107.0,27088.0,31523.0,782937.0,89422.0,931077.0,14273.0
2020-06-21,63616.0,21011.0,24474.0,28663.0,802928.0,85578.0,944111.0,13034.0
2020-06-22,56728.0,18869.0,22142.0,25949.0,820582.0,81835.0,955505.0,11394.0
2020-06-23,50722.0,16987.0,20024.0,23641.0,837472.0,78797.0,965759.0,10254.0
2020-06-24,45570.0,15298.0,18060.0,21377.0,850773.0,76318.0,974908.0,9149.0
2020-06-25,40297.0,13578.0,16099.0,19490.0,864573.0,73930.0,983117.0,8209.0
2020-06-26,35838.0,11910.0,14558.0,17716.0,874971.0,71980.0,990319.0,7202.0
2020-06-27,31390.0,10665.0,12990.0,15990.0,885911.0,70473.0,996959.0,6640.0
2020-06-28,27904.0,9395.0,11678.0,14201.0,897468.0,68640.0,1002688.0,5729.0
2020-06-29,24978.0,8396.0,10142.0,12549.0,905596.0,66982.0,1007722.0,5034.0
2020-06-30,21851.0,7536.0,9081.0,10999.0,912781.0,66267.0,1012248.0,4526.0
2020-07-01,19640.0,6726.0,8064.0,9949.0,919136.0,65244.0,1016242.0,3994.0
2020-07-02,17284.0,5909.0,7056.0,8920.0,925599.0,64520.0,1019773.0,3531.0
2020-07-03,15355.0,5176.0,6247.0,7733.0,930042.0,63663.0,1022839.0,3066.0
2020-07-04,13558.0,4606.0,5503.0,6860.0,935030.0,62854.0,1025596.0,2757.0
2020-07-05,11891.0,4081.0,4946.0,6080.0,939809.0,62331.0,1028039.0,2443.0
2020-07-06,10533.0,3511.0,4328.0,5315.0,942248.0,61704.0,1030132.0,2093.0
