time,E,I1,I2,I3,R,S,cumI,diffI
2020-03-06,2.0,3.0,0.0,0.0,0.0,970013.0,0.0,0.0
2020-03-07,2.0,2.0,1.0,0.0,1.0,973274.0,1.0,1.0
2020-03-08,1.0,1.0,2.0,0.0,1.0,980573.0,3.0,2.0
2020-03-09,2.0,0.0,2.0,0.0,1.0,988510.0,3.0,0.0
2020-03-10,0.0,0.0,0.0,1.0,2.0,994138.0,3.0,0.0
2020-03-11,0.0,0.0,0.0,1.0,3.0,999115.0,3.0,0.0
2020-03-12,2.0,0.0,0.0,0.0,3.0,1002104.0,3.0,0.0
2020-03-13,2.0,0.0,0.0,0.0,3.0,1004062.0,3.0,0.0
2020-03-14,2.0,0.0,1.0,0.0,1.0,1005451.0,4.0,1.0
2020-03-15,2.0,2.0,0.0,1.0,1.0,1006833.0,6.0,2.0
2020-03-16,3.0,2.0,0.0,0.0,3.0,1007441.0,7.0,1.0
2020-03-17,5.0,1.0,1.0,0.0,2.0,1009134.0,7.0,0.0
2020-03-18,7.0,0.0,2.0,0.0,1.0,1010066.0,7.0,0.0
2020-03-19,6.0,0.0,0.0,1.0,1.0,1011786.0,7.0,0.0
2020-03-20,7.0,1.0,0.0,0.0,1.0,1010798.0,8.0,1.0
2020-03-21,7.0,1.0,0.0,1.0,1.0,1011163.0,9.0,1.0
2020-03-22,7.0,1.0,1.0,0.0,3.0,1012839.0,10.0,1.0
2020-03-23,3.0,3.0,2.0,2.0,5.0,1013601.0,14.0,4.0
2020-03-24,7.0,2.0,1.0,4.0,3.0,1013224.0,14.0,0.0
2020-03-25,11.0,2.0,0.0,2.0,5.0,1014484.0,15.0,1.0
2020-03-26,7.0,6.0,1.0,2.0,3.0,1015903.0,19.0,4.0
2020-03-27,4.0,7.0,1.0,3.0,7.0,1016544.0,24.0,5.0
2020-03-28,11.0,6.0,1.0,5.0,8.0,1016626.0,26.0,2.0
2020-03-29,16.0,3.0,1.0,4.0,11.0,1017866.0,26.0,0.0
2020-03-30,19.0,4.0,1.0,3.0,14.0,1018190.0,29.0,3.0
2020-03-31,23.0,4.0,3.0,3.0,16.0,1016165.0,32.0,3.0
2020-04-01,21.0,7.0,4.0,3.0,11.0,1017394.0,36.0,4.0
2020-04-02,22.0,4.0,2.0,2.0,11.0,1016946.0,37.0,1.0
2020-04-03,27.0,7.0,3.0,3.0,13.0,1017528.0,43.0,6.0
2020-04-04,39.0,9.0,6.0,4.0,16.0,1017684.0,50.0,7.0
2020-04-05,31.0,12.0,4.0,5.0,16.0,1016190.0,60.0,10.0
2020-04-06,49.0,6.0,6.0,9.0,14.0,1016302.0,64.0,4.0
2020-04-07,52.0,15.0,4.0,11.0,20.0,1015979.0,73.0,9.0
2020-04-08,64.0,14.0,10.0,8.0,23.0,1016880.0,79.0,6.0
2020-04-09,71.0,18.0,11.0,10.0,20.0,1017617.0,92.0,13.0
2020-04-10,103.0,19.0,16.0,8.0,40.0,1018686.0,110.0,18.0
2020-04-11,130.0,20.0,13.0,15.0,48.0,1019317.0,126.0,16.0
2020-04-12,125.0,29.0,20.0,17.0,65.0,1018719.0,157.0,31.0
2020-04-13,159.0,28.0,24.0,16.0,73.0,1019074.0,178.0,21.0
2020-04-14,183.0,37.0,31.0,27.0,77.0,1018798.0,209.0,31.0
2020-04-15,207.0,46.0,34.0,30.0,106.0,1019286.0,243.0,34.0
2020-04-16,260.0,59.0,35.0,40.0,135.0,1020253.0,293.0,50.0
2020-04-17,292.0,70.0,56.0,34.0,154.0,1020836.0,353.0,60.0
2020-04-18,346.0,77.0,60.0,49.0,176.0,1019984.0,413.0,60.0
2020-04-19,411.0,98.0,77.0,64.0,197.0,1021103.0,479.0,66.0
2020-04-20,486.0,117.0,83.0,78.0,235.0,1020715.0,561.0,82.0
2020-04-21,576.0,128.0,106.0,80.0,274.0,1019911.0,657.0,96.0
2020-04-22,692.0,152.0,100.0,120.0,336.0,1018393.0,770.0,113.0
2020-04-23,830.0,183.0,129.0,115.0,420.0,1019249.0,900.0,130.0
2020-04-24,957.0,191.0,150.0,143.0,454.0,1018969.0,1056.0,156.0
2020-04-25,1118.0,246.0,193.0,153.0,534.0,1019353.0,1247.0,191.0
2020-04-26,1322.0,278.0,232.0,169.0,686.0,1019117.0,1475.0,228.0
2020-04-27,1548.0,341.0,260.0,228.0,805.0,1018436.0,1744.0,269.0
2020-04-28,1874.0,429.0,313.0,263.0,978.0,1017763.0,2065.0,321.0
2020-04-29,2239.0,534.0,337.0,286.0,1175.0,1018302.0,2443.0,378.0
2020-04-30,2645.0,634.0,450.0,372.0,1331.0,1016284.0,2946.0,503.0
2020-05-01,3297.0,709.0,548.0,415.0,1562.0,1015466.0,3485.0,539.0
2020-05-02,3871.0,832.0,667.0,482.0,1833.0,1013585.0,4124.0,639.0
2020-05-03,4487.0,998.0,778.0,605.0,2127.0,1013307.0,4894.0,770.0
2020-05-04,5337.0,1211.0,900.0,715.0,2478.0,1012180.0,5804.0,910.0
2020-05-05,6232.0,1378.0,1080.0,857.0,3001.0,1011453.0,6888.0,1084.0
2020-05-06,7303.0,1640.0,1284.0,1001.0,3564.0,1008527.0,8174.0,1286.0
2020-05-07,8912.0,1903.0,1455.0,1170.0,4302.0,1005457.0,9642.0,1468.0
2020-05-08,10482.0,2255.0,1751.0,1434.0,5158.0,1002857.0,11395.0,1753.0
2020-05-09,12413.0,2660.0,2074.0,1681.0,6111.0,998262.0,13489.0,2094.0
2020-05-10,14579.0,3118.0,2486.0,1947.0,7213.0,994945.0,15911.0,2422.0
2020-05-11,17129.0,3774.0,2868.0,2303.0,8625.0,990571.0,18810.0,2899.0
2020-05-12,20444.0,4376.0,3470.0,2654.0,10263.0,984747.0,22201.0,3391.0
2020-05-13,23795.0,5198.0,4120.0,3326.0,12032.0,976146.0,26299.0,4098.0
2020-05-14,27910.0,6162.0,4808.0,3831.0,14247.0,966217.0,31004.0,4705.0
2020-05-15,32928.0,7259.0,5683.0,4509.0,17004.0,956725.0,36591.0,5587.0
2020-05-16,38252.0,8345.0,6694.0,5146.0,20457.0,945949.0,43091.0,6500.0
2020-05-17,45077.0,9815.0,7924.0,6223.0,23759.0,932040.0,50635.0,7544.0
2020-05-18,52511.0,11526.0,9220.0,7224.0,28143.0,915621.0,59480.0,8845.0
2020-05-19,60987.0,13546.0,10633.0,8539.0,33100.0,897704.0,69865.0,10385.0
2020-05-20,69692.0,15626.0,12686.0,10042.0,38786.0,877536.0,81960.0,12095.0
2020-05-21,80809.0,17898.0,14760.0,12044.0,45679.0,855123.0,95643.0,13683.0
2020-05-22,92337.0,20523.0,16773.0,13652.0,54104.0,827961.0,111378.0,15735.0
2020-05-23,104754.0,23579.0,19234.0,15615.0,63584.0,800046.0,129335.0,17957.0
2020-05-24,117594.0,26643.0,22188.0,18158.0,74285.0,768584.0,149734.0,20399.0
2020-05-25,131269.0,30160.0,25279.0,20805.0,86627.0,732660.0,172490.0,22756.0
2020-05-26,145484.0,33583.0,28498.0,23876.0,100559.0,693111.0,197876.0,25386.0
2020-05-27,159174.0,37304.0,32070.0,26816.0,116877.0,653380.0,225906.0,28030.0
2020-05-28,172571.0,41087.0,35444.0,29984.0,135423.0,612027.0,256633.0,30727.0
2020-05-29,183770.0,44916.0,38817.0,33759.0,155173.0,568932.0,289688.0,33055.0
2020-05-30,193729.0,48247.0,42385.0,37015.0,178216.0,526107.0,324979.0,35291.0
2020-05-31,202831.0,51291.0,45737.0,40459.0,202959.0,481557.0,362033.0,37054.0
2020-06-01,209612.0,54209.0,49056.0,43840.0,229420.0,439130.0,400751.0,38718.0
2020-06-02,213484.0,56185.0,52058.0,46892.0,259053.0,398122.0,440466.0,39715.0
2020-06-03,214604.0,57556.0,54479.0,49690.0,291115.0,359382.0,480599.0,40133.0
2020-06-04,213624.0,57984.0,55742.0,52277.0,323842.0,322471.0,520813.0,40214.0
2020-06-05,209964.0,57724.0,56731.0,53862.0,358465.0,289402.0,560456.0,39643.0
2020-06-06,203550.0,57561.0,56670.0,55159.0,392984.0,260038.0,599497.0,39041.0
2020-06-07,195201.0,55875.0,56644.0,55861.0,429318.0,233644.0,637119.0,37622.0
2020-06-08,186322.0,53527.0,55798.0,55532.0,464846.0,210345.0,672962.0,35843.0
2020-06-09,174734.0,51503.0,54085.0,55200.0,499667.0,190231.0,707284.0,34322.0
2020-06-10,163429.0,49184.0,52266.0,54140.0,534820.0,171915.0,739525.0,32241.0
2020-06-11,151616.0,46089.0,49920.0,52703.0,568647.0,156622.0,769255.0,29730.0
2020-06-12,140253.0,42656.0,47092.0,50452.0,601765.0,143304.0,796747.0,27492.0
2020-06-13,128557.0,39460.0,43998.0,48077.0,634170.0,131947.0,822195.0,25448.0
2020-06-14,116821.0,36448.0,41126.0,45095.0,664290.0,121960.0,845516.0,23321.0
2020-06-15,106527.0,33872.0,38150.0,42278.0,691839.0,113302.0,866895.0,21379.0
2020-06-16,96264.0,30973.0,35077.0,39668.0,718526.0,106413.0,886451.0,19556.0
2020-06-17,86882.0,28067.0,32038.0,36592.0,744250.0,99793.0,903688.0,17237.0
2020-06-18,78120.0,25637.0,29412.0,33458.0,766110.0,94609.0,919458.0,15770.0
2020-06-19,69966.0,23185.0,26948.0,30806.0,786495.0,89781.0,933524.0,14066.0
2020-06-20,62727.0,20572.0,24483.0,28130.0,805464.0,85735.0,946150.0,12626.0
2020-06-21,56331.0,18446.0,21874.0,25810.0,822662.0,82100.0,957358.0,11208.0
2020-06-22,49989.0,16762.0,19591.0,23441.0,838211.0,78897.0,967430.0,10072.0
2020-06-23,44508.0,14725.0,17550.0,20979.0,852688.0,76298.0,976350.0,8920.0
2020-06-24,39542.0,13107.0,15863.0,18885.0,865356.0,74123.0,984345.0,7995.0
2020-06-25,35032.0,11800.0,14339.0,16909.0,876171.0,72393.0,991501.0,7156.0
2020-06-26,31191.0,10489.0,12889.0,15094.0,885560.0,70534.0,997918.0,6417.0
2020-06-27,27800.0,9323.0,11377.0,13701.0,895104.0,69012.0,1003682.0,5764.0
2020-06-28,24571.0,8298.0,9992.0,12243.0,902956.0,67583.0,1008683.0,5001.0
2020-06-29,21803.0,7456.0,9026.0,11069.0,911504.0,66904.0,1013109.0,4426.0
2020-06-30,19247.0,6593.0,8018.0,9771.0,918577.0,66156.0,1017090.0,3981.0
2020-07-01,17083.0,5744.0,7044.0,8689.0,923184.0,65117.0,1020497.0,3407.0
2020-07-02,15126.0,5133.0,6250.0,7617.0,928733.0,64596.0,1023595.0,3098.0
2020-07-03,13414.0,4558.0,5688.0,6731.0,932673.0,63849.0,1026254.0,2659.0
2020-07-04,11755.0,3994.0,4986.0,6173.0,936871.0,63204.0,1028674.0,2420.0
2020-07-05,10254.0,3582.0,4331.0,5387.0,940457.0,62799.0,1030855.0,2181.0
2020-07-06,9084.0,3154.0,3873.0,4794.0,943243.0,62253.0,1032717.0,1862.0
