time,E,I1,I2,I3,R,S,cumI,diffI
2020-03-06,0.0,2.0,0.0,0.0,0.0,970407.0,0.0,0.0
2020-03-07,1.0,2.0,0.0,1.0,0.0,972140.0,1.0,1.0
2020-03-08,0.0,0.0,1.0,1.0,0.0,978364.0,1.0,0.0
2020-03-09,0.0,0.0,0.0,1.0,1.0,985725.0,1.0,0.0
2020-03-10,2.0,0.0,0.0,1.0,0.0,992188.0,1.0,0.0
2020-03-11,4.0,0.0,0.0,1.0,1.0,996688.0,1.0,0.0
2020-03-12,5.0,2.0,0.0,1.0,1.0,999492.0,2.0,1.0
2020-03-13,5.0,1.0,0.0,0.0,2.0,1001610.0,2.0,0.0
2020-03-14,4.0,1.0,0.0,0.0,3.0,1004227.0,2.0,0.0
2020-03-15,3.0,1.0,0.0,0.0,2.0,1004279.0,3.0,1.0
2020-03-16,4.0,2.0,0.0,0.0,0.0,1006337.0,4.0,1.0
2020-03-17,6.0,1.0,1.0,0.0,0.0,1008974.0,4.0,0.0
2020-03-18,3.0,1.0,2.0,0.0,1.0,1009911.0,5.0,1.0
2020-03-19,9.0,0.0,3.0,0.0,1.0,1010560.0,5.0,0.0
2020-03-20,8.0,2.0,2.0,0.0,2.0,1010821.0,6.0,1.0
2020-03-21,8.0,1.0,1.0,4.0,3.0,1012330.0,8.0,2.0
2020-03-22,11.0,0.0,1.0,3.0,9.0,1014190.0,9.0,1.0
2020-03-23,11.0,3.0,2.0,1.0,6.0,1013714.0,12.0,3.0
2020-03-24,13.0,3.0,3.0,1.0,7.0,1015478.0,13.0,1.0
2020-03-25,16.0,5.0,3.0,3.0,8.0,1014753.0,15.0,2.0
2020-03-26,24.0,2.0,4.0,3.0,10.0,1015166.0,17.0,2.0
2020-03-27,29.0,6.0,2.0,2.0,9.0,1015608.0,21.0,4.0
2020-03-28,27.0,5.0,5.0,4.0,11.0,1016295.0,27.0,6.0
2020-03-29,34.0,9.0,3.0,3.0,13.0,1016083.0,33.0,6.0
2020-03-30,39.0,8.0,9.0,6.0,19.0,1015894.0,40.0,7.0
2020-03-31,41.0,14.0,5.0,8.0,29.0,1016426.0,47.0,7.0
2020-04-01,56.0,16.0,5.0,9.0,38.0,1017150.0,57.0,10.0
2020-04-02,66.0,13.0,7.0,5.0,39.0,1017388.0,62.0,5.0
2020-04-03,82.0,13.0,11.0,14.0,33.0,1017398.0,73.0,11.0
2020-04-04,93.0,31.0,16.0,8.0,40.0,1016738.0,96.0,23.0
2020-04-05,123.0,21.0,17.0,10.0,38.0,1017071.0,109.0,13.0
2020-04-06,130.0,33.0,13.0,22.0,43.0,1017210.0,131.0,22.0
2020-04-07,153.0,40.0,23.0,25.0,63.0,1018453.0,155.0,24.0
2020-04-08,173.0,55.0,25.0,28.0,81.0,1016988.0,197.0,42.0
2020-04-09,218.0,65.0,32.0,29.0,92.0,1016297.0,236.0,39.0
2020-04-10,271.0,62.0,52.0,33.0,107.0,1016036.0,279.0,43.0
2020-04-11,321.0,63.0,52.0,41.0,145.0,1015605.0,325.0,46.0
2020-04-12,380.0,68.0,60.0,55.0,169.0,1018146.0,385.0,60.0
2020-04-13,461.0,80.0,69.0,52.0,209.0,1017215.0,457.0,72.0
2020-04-14,554.0,109.0,77.0,59.0,247.0,1017338.0,554.0,97.0
2020-04-15,646.0,145.0,119.0,74.0,310.0,1017641.0,687.0,133.0
2020-04-16,774.0,156.0,133.0,116.0,332.0,1017341.0,820.0,133.0
2020-04-17,933.0,209.0,148.0,126.0,406.0,1017137.0,969.0,149.0
2020-04-18,1052.0,240.0,176.0,143.0,518.0,1017735.0,1142.0,173.0
2020-04-19,1299.0,275.0,229.0,174.0,643.0,1017600.0,1365.0,223.0
2020-04-20,1578.0,375.0,258.0,195.0,749.0,1016956.0,1657.0,292.0
2020-04-21,1901.0,405.0,349.0,262.0,845.0,1016770.0,1969.0,312.0
2020-04-22,2226.0,508.0,393.0,287.0,1043.0,1014918.0,2357.0,388.0
2020-04-23,2635.0,599.0,475.0,348.0,1242.0,1014995.0,2841.0,484.0
2020-04-24,3136.0,715.0,566.0,428.0,1542.0,1014683.0,3399.0,558.0
2020-04-25,3775.0,799.0,644.0,509.0,1844.0,1013011.0,4008.0,609.0
2020-04-26,4394.0,947.0,767.0,534.0,2180.0,1011098.0,4759.0,751.0
2020-04-27,5171.0,1093.0,926.0,697.0,2568.0,1009347.0,5596.0,837.0
2020-04-28,6223.0,1356.0,1044.0,824.0,3041.0,1008910.0,6629.0,1033.0
2020-04-29,7377.0,1612.0,1271.0,971.0,3607.0,1006522.0,7883.0,1254.0
2020-04-30,8533.0,1874.0,1473.0,1188.0,4250.0,1003863.0,9373.0,1490.0
2020-05-01,10122.0,2252.0,1708.0,1359.0,5105.0,1002366.0,11151.0,1778.0
2020-05-02,12023.0,2659.0,2026.0,1613.0,6052.0,999488.0,13246.0,2095.0
2020-05-03,14275.0,3142.0,2342.0,1926.0,7193.0,994150.0,15642.0,2396.0
2020-05-04,16975.0,3692.0,2896.0,2227.0,8447.0,987979.0,18530.0,2888.0
2020-05-05,19978.0,4245.0,3501.0,2699.0,10053.0,981885.0,21887.0,3357.0
2020-05-06,23353.0,5034.0,4187.0,3249.0,11796.0,974440.0,25869.0,3982.0
2020-05-07,27638.0,6034.0,4770.0,3828.0,14100.0,966788.0,30556.0,4687.0
2020-05-08,32421.0,7102.0,5547.0,4502.0,16826.0,956730.0,36078.0,5522.0
2020-05-09,38006.0,8289.0,6548.0,5116.0,19855.0,945349.0,42486.0,6408.0
2020-05-10,44239.0,9801.0,7578.0,6046.0,23467.0,932419.0,50077.0,7591.0
2020-05-11,51323.0,11534.0,8940.0,7276.0,27798.0,916995.0,58991.0,8914.0
2020-05-12,59197.0,13240.0,10503.0,8570.0,32728.0,899804.0,69331.0,10340.0
2020-05-13,68541.0,15245.0,12426.0,9890.0,38336.0,879475.0,81150.0,11819.0
2020-05-14,78507.0,17659.0,14359.0,11646.0,45055.0,856758.0,94664.0,13514.0
2020-05-15,90353.0,20286.0,16582.0,13270.0,52987.0,830884.0,110153.0,15489.0
2020-05-16,102041.0,23200.0,19102.0,15365.0,62104.0,802334.0,127951.0,17798.0
2020-05-17,114629.0,26388.0,21832.0,17892.0,72710.0,769687.0,148108.0,20157.0
2020-05-18,128906.0,29797.0,24804.0,20546.0,85091.0,735941.0,170374.0,22266.0
2020-05-19,142414.0,33396.0,27874.0,23456.0,99304.0,698680.0,195488.0,25114.0
2020-05-20,156298.0,36937.0,31245.0,26825.0,114748.0,659398.0,223115.0,27627.0
2020-05-21,170016.0,40754.0,35050.0,29666.0,132695.0,617946.0,253523.0,30408.0
2020-05-22,182083.0,44320.0,38818.0,33153.0,152777.0,574134.0,286477.0,32954.0
2020-05-23,193024.0,47588.0,42171.0,36644.0,175611.0,530367.0,321390.0,34913.0
2020-05-24,202230.0,50423.0,45320.0,39930.0,200131.0,487512.0,357947.0,36557.0
2020-05-25,209030.0,53178.0,48833.0,43259.0,226818.0,444227.0,396499.0,38552.0
2020-05-26,213692.0,55848.0,51341.0,46484.0,255779.0,403765.0,436174.0,39675.0
2020-05-27,215387.0,57193.0,54065.0,49391.0,285789.0,364766.0,476210.0,40036.0
2020-05-28,213878.0,57788.0,55628.0,52050.0,318383.0,328193.0,516383.0,40173.0
2020-05-29,210556.0,57981.0,56051.0,53634.0,351727.0,294480.0,556168.0,39785.0
2020-05-30,204239.0,56865.0,56443.0,55028.0,386433.0,264510.0,595132.0,38964.0
2020-05-31,196297.0,56121.0,56183.0,55729.0,422824.0,237740.0,633108.0,37976.0
2020-06-01,186880.0,54301.0,55652.0,55711.0,458676.0,214207.0,669519.0,36411.0
2020-06-02,176025.0,52015.0,54139.0,55042.0,495233.0,193149.0,703944.0,34425.0
2020-06-03,165086.0,49573.0,52320.0,53640.0,530699.0,175095.0,736299.0,32355.0
2020-06-04,153447.0,46851.0,49988.0,52566.0,564158.0,158828.0,766671.0,30372.0
2020-06-05,142129.0,43414.0,47458.0,50612.0,596605.0,144921.0,794453.0,27782.0
2020-06-06,130310.0,40384.0,44576.0,48180.0,629475.0,132991.0,820259.0,25806.0
2020-06-07,118892.0,37436.0,41563.0,45480.0,659156.0,123109.0,844171.0,23912.0
2020-06-08,107943.0,34162.0,38458.0,42719.0,687665.0,114354.0,865703.0,21532.0
2020-06-09,98241.0,31390.0,35339.0,39952.0,714095.0,106991.0,885295.0,19592.0
2020-06-10,88498.0,28656.0,32833.0,37093.0,738835.0,100314.0,903196.0,17901.0
2020-06-11,79701.0,25907.0,30003.0,34528.0,761838.0,94358.0,919185.0,15989.0
2020-06-12,71325.0,23414.0,27246.0,31546.0,783059.0,90175.0,933786.0,14601.0
2020-06-13,63936.0,21082.0,24791.0,28735.0,802337.0,85926.0,946751.0,12965.0
2020-06-14,57094.0,18834.0,22451.0,26199.0,821120.0,82752.0,958190.0,11439.0
2020-06-15,51328.0,16806.0,20176.0,23684.0,835959.0,79725.0,968367.0,10177.0
2020-06-16,45675.0,15133.0,18121.0,21632.0,849971.0,76895.0,977656.0,9289.0
2020-06-17,40552.0,13450.0,16244.0,19527.0,863212.0,74649.0,985921.0,8265.0
2020-06-18,35923.0,12037.0,14572.0,17395.0,876458.0,72804.0,993300.0,7379.0
2020-06-19,32228.0,10711.0,12927.0,15501.0,886246.0,71197.0,999697.0,6397.0
2020-06-20,28594.0,9638.0,11580.0,14114.0,894265.0,69776.0,1005541.0,5844.0
2020-06-21,25238.0,8528.0,10384.0,12641.0,902695.0,68159.0,1010653.0,5112.0
2020-06-22,22203.0,7635.0,9164.0,11246.0,909505.0,67037.0,1015181.0,4528.0
2020-06-23,19671.0,6693.0,8133.0,10045.0,916586.0,66172.0,1019203.0,4022.0
2020-06-24,17461.0,5926.0,7204.0,9003.0,923326.0,65312.0,1022729.0,3526.0
2020-06-25,15456.0,5300.0,6363.0,7796.0,930144.0,64649.0,1025873.0,3144.0
2020-06-26,13539.0,4698.0,5736.0,6945.0,933704.0,64416.0,1028674.0,2801.0
2020-06-27,11999.0,4089.0,5134.0,6068.0,936831.0,63273.0,1031144.0,2470.0
2020-06-28,10696.0,3608.0,4559.0,5460.0,940213.0,62774.0,1033351.0,2207.0
2020-06-29,9305.0,3218.0,3951.0,4806.0,942466.0,62224.0,1035285.0,1934.0
2020-06-30,8226.0,2855.0,3550.0,4392.0,947121.0,61800.0,1036988.0,1703.0
2020-07-01,7294.0,2462.0,3150.0,3990.0,949167.0,61537.0,1038469.0,1481.0
2020-07-02,6449.0,2145.0,2722.0,3452.0,952332.0,61170.0,1039732.0,1263.0
2020-07-03,5727.0,1933.0,2402.0,2937.0,952876.0,60941.0,1040882.0,1150.0
2020-07-04,5015.0,1723.0,2118.0,2608.0,954628.0,60933.0,1041922.0,1040.0
2020-07-05,4455.0,1523.0,1858.0,2293.0,956927.0,60520.0,1042836.0,914.0
2020-07-06,3875.0,1327.0,1575.0,2072.0,958853.0,60212.0,1043613.0,777.0
