time,E,I1,I2,I3,R,S,cumI,diffI
2020-03-06,2.0,3.0,0.0,0.0,0.0,970487.0,0.0,0.0
2020-03-07,2.0,0.0,2.0,0.0,0.0,973548.0,0.0,0.0
2020-03-08,1.0,1.0,1.0,0.0,1.0,979976.0,1.0,1.0
2020-03-09,1.0,0.0,2.0,0.0,2.0,987089.0,2.0,1.0
2020-03-10,3.0,0.0,1.0,0.0,0.0,992976.0,3.0,1.0
2020-03-11,2.0,0.0,0.0,1.0,0.0,997216.0,3.0,0.0
2020-03-12,1.0,0.0,0.0,0.0,0.0,1000822.0,3.0,0.0
2020-03-13,2.0,0.0,0.0,0.0,0.0,1003455.0,3.0,0.0
2020-03-14,2.0,0.0,0.0,0.0,0.0,1005121.0,3.0,0.0
2020-03-15,1.0,0.0,0.0,0.0,1.0,1006768.0,3.0,0.0
2020-03-16,1.0,1.0,0.0,0.0,2.0,1009321.0,3.0,0.0
2020-03-17,3.0,0.0,1.0,1.0,2.0,1009219.0,3.0,0.0
2020-03-18,8.0,0.0,0.0,1.0,2.0,1009665.0,3.0,0.0
2020-03-19,5.0,1.0,0.0,0.0,1.0,1010511.0,4.0,1.0
2020-03-20,5.0,1.0,2.0,1.0,1.0,1011863.0,5.0,1.0
2020-03-21,11.0,1.0,1.0,2.0,1.0,1012224.0,5.0,0.0
2020-03-22,7.0,1.0,3.0,0.0,2.0,1012810.0,6.0,1.0
2020-03-23,6.0,1.0,2.0,1.0,2.0,1013331.0,7.0,1.0
2020-03-24,8.0,0.0,0.0,0.0,5.0,1012366.0,7.0,0.0
2020-03-25,7.0,2.0,0.0,0.0,4.0,1013231.0,8.0,1.0
2020-03-26,9.0,2.0,2.0,0.0,4.0,1013341.0,9.0,1.0
2020-03-27,11.0,4.0,3.0,1.0,5.0,1014562.0,12.0,3.0
2020-03-28,14.0,2.0,3.0,2.0,6.0,1014635.0,14.0,2.0
2020-03-29,13.0,4.0,2.0,3.0,9.0,1014460.0,18.0,4.0
2020-03-30,14.0,5.0,2.0,1.0,10.0,1013651.0,20.0,2.0
2020-03-31,23.0,3.0,2.0,2.0,10.0,1014385.0,22.0,2.0
2020-04-01,16.0,7.0,2.0,2.0,8.0,1014173.0,30.0,8.0
2020-04-02,20.0,9.0,8.0,1.0,11.0,1016003.0,37.0,7.0
2020-04-03,27.0,5.0,6.0,4.0,16.0,1016833.0,40.0,3.0
2020-04-04,36.0,7.0,3.0,6.0,17.0,1016871.0,45.0,5.0
2020-04-05,32.0,10.0,6.0,5.0,21.0,1017911.0,53.0,8.0
2020-04-06,47.0,6.0,6.0,7.0,24.0,1017683.0,55.0,2.0
2020-04-07,48.0,16.0,7.0,6.0,23.0,1018137.0,72.0,17.0
2020-04-08,46.0,14.0,9.0,11.0,26.0,1019140.0,85.0,13.0
2020-04-09,60.0,18.0,13.0,12.0,33.0,1018780.0,96.0,11.0
2020-04-10,83.0,18.0,21.0,10.0,42.0,1018936.0,107.0,11.0
2020-04-11,112.0,20.0,27.0,16.0,47.0,1018976.0,122.0,15.0
2020-04-12,128.0,16.0,29.0,11.0,60.0,1018883.0,134.0,12.0
2020-04-13,144.0,37.0,27.0,19.0,78.0,1018654.0,163.0,29.0
2020-04-14,179.0,36.0,34.0,22.0,91.0,1019961.0,190.0,27.0
2020-04-15,203.0,49.0,36.0,31.0,90.0,1019379.0,240.0,50.0
2020-04-16,251.0,55.0,46.0,32.0,120.0,1019185.0,286.0,46.0
2020-04-17,264.0,68.0,54.0,39.0,140.0,1020979.0,350.0,64.0
2020-04-18,316.0,78.0,51.0,39.0,159.0,1020475.0,397.0,47.0
2020-04-19,373.0,96.0,64.0,53.0,179.0,1019832.0,476.0,79.0
2020-04-20,464.0,110.0,84.0,74.0,222.0,1019903.0,552.0,76.0
2020-04-21,560.0,132.0,107.0,73.0,291.0,1018633.0,651.0,99.0
2020-04-22,670.0,135.0,107.0,92.0,356.0,1018566.0,748.0,97.0
2020-04-23,770.0,196.0,122.0,102.0,409.0,1018612.0,892.0,144.0
2020-04-24,971.0,221.0,173.0,127.0,466.0,1018791.0,1077.0,185.0
2020-04-25,1162.0,252.0,215.0,175.0,530.0,1018648.0,1279.0,202.0
2020-04-26,1429.0,309.0,253.0,190.0,664.0,1018158.0,1518.0,239.0
2020-04-27,1688.0,336.0,293.0,226.0,774.0,1019060.0,1792.0,274.0
2020-04-28,1984.0,409.0,352.0,274.0,925.0,1017856.0,2126.0,334.0
2020-04-29,2323.0,505.0,422.0,314.0,1090.0,1017275.0,2522.0,396.0
2020-04-30,2769.0,581.0,476.0,381.0,1333.0,1017080.0,2963.0,441.0
2020-05-01,3308.0,709.0,543.0,453.0,1608.0,1015442.0,3500.0,537.0
2020-05-02,3906.0,837.0,620.0,560.0,1895.0,1014873.0,4143.0,643.0
2020-05-03,4651.0,978.0,741.0,660.0,2233.0,1014357.0,4934.0,791.0
2020-05-04,5500.0,1167.0,959.0,715.0,2671.0,1013013.0,5888.0,954.0
2020-05-05,6481.0,1333.0,1140.0,865.0,3103.0,1011175.0,6967.0,1079.0
2020-05-06,7623.0,1616.0,1299.0,1039.0,3774.0,1008455.0,8288.0,1321.0
2020-05-07,8998.0,1933.0,1509.0,1201.0,4472.0,1005856.0,9854.0,1566.0
2020-05-08,10598.0,2341.0,1809.0,1351.0,5355.0,1001678.0,11704.0,1850.0
2020-05-09,12498.0,2793.0,2179.0,1646.0,6361.0,998380.0,13823.0,2119.0
2020-05-10,15027.0,3184.0,2604.0,1987.0,7480.0,992626.0,16214.0,2391.0
2020-05-11,17756.0,3837.0,3003.0,2377.0,8936.0,988029.0,19250.0,3036.0
2020-05-12,20961.0,4543.0,3582.0,2815.0,10603.0,981102.0,22673.0,3423.0
2020-05-13,24603.0,5350.0,4200.0,3394.0,12407.0,974421.0,26876.0,4203.0
2020-05-14,28730.0,6145.0,4920.0,3990.0,14668.0,966177.0,31695.0,4819.0
2020-05-15,33709.0,7375.0,5838.0,4724.0,17503.0,955719.0,37446.0,5751.0
2020-05-16,39460.0,8863.0,6761.0,5434.0,20622.0,943027.0,44217.0,6771.0
2020-05-17,45967.0,10113.0,8204.0,6510.0,24428.0,927914.0,52053.0,7836.0
2020-05-18,53476.0,11818.0,9514.0,7556.0,28623.0,911924.0,61168.0,9115.0
2020-05-19,61980.0,13652.0,11036.0,8750.0,33997.0,894771.0,71653.0,10485.0
2020-05-20,71285.0,16121.0,12902.0,10277.0,39798.0,873763.0,84055.0,12402.0
2020-05-21,81913.0,18482.0,14919.0,12110.0,47045.0,850983.0,98199.0,14144.0
2020-05-22,93971.0,20970.0,17178.0,14097.0,55406.0,824729.0,114210.0,16011.0
2020-05-23,105955.0,24176.0,19892.0,15950.0,64962.0,794753.0,132573.0,18363.0
2020-05-24,119459.0,27096.0,22437.0,18589.0,76002.0,761226.0,153093.0,20520.0
2020-05-25,132679.0,31090.0,25621.0,21212.0,88426.0,725330.0,176695.0,23602.0
2020-05-26,146683.0,34682.0,28981.0,24071.0,103120.0,687283.0,202820.0,26125.0
2020-05-27,160922.0,38197.0,32436.0,27624.0,119338.0,645703.0,231306.0,28486.0
2020-05-28,173960.0,41578.0,36254.0,30359.0,137849.0,604648.0,262413.0,31107.0
2020-05-29,185559.0,45144.0,39757.0,34003.0,159246.0,561315.0,295775.0,33362.0
2020-05-30,196241.0,48457.0,43352.0,37599.0,181830.0,518021.0,331498.0,35723.0
2020-05-31,204838.0,51511.0,46667.0,41316.0,207249.0,474447.0,368847.0,37349.0
2020-06-01,210549.0,54065.0,49791.0,44691.0,235075.0,432336.0,407761.0,38914.0
2020-06-02,214235.0,56208.0,52089.0,47839.0,264171.0,390983.0,447391.0,39630.0
2020-06-03,214974.0,57430.0,53985.0,50399.0,295514.0,353627.0,487688.0,40297.0
2020-06-04,212992.0,58184.0,55612.0,52218.0,327437.0,318187.0,528134.0,40446.0
2020-06-05,208568.0,58010.0,56637.0,53909.0,361298.0,285825.0,568159.0,40025.0
2020-06-06,202167.0,57226.0,56888.0,55182.0,397561.0,257227.0,607153.0,38994.0
2020-06-07,193953.0,55875.0,56492.0,55861.0,432540.0,231362.0,644768.0,37615.0
2020-06-08,184511.0,54142.0,55584.0,55951.0,468305.0,207829.0,680650.0,35882.0
2020-06-09,173594.0,51569.0,54225.0,55124.0,504613.0,188044.0,714775.0,34125.0
2020-06-10,162291.0,48823.0,51939.0,53957.0,539089.0,171455.0,746648.0,31873.0
2020-06-11,150991.0,45483.0,49720.0,52020.0,573175.0,156126.0,776048.0,29400.0
2020-06-12,138298.0,42608.0,46492.0,49804.0,604689.0,143479.0,803525.0,27477.0
2020-06-13,127048.0,39499.0,43597.0,47253.0,636302.0,131623.0,828646.0,25121.0
2020-06-14,116215.0,36584.0,40710.0,45016.0,665151.0,121948.0,851824.0,23178.0
2020-06-15,105532.0,33594.0,37762.0,42038.0,692761.0,114032.0,872971.0,21147.0
2020-06-16,95856.0,30652.0,35264.0,39389.0,718795.0,106678.0,892302.0,19331.0
2020-06-17,86605.0,27819.0,32325.0,36504.0,742701.0,100306.0,909726.0,17424.0
2020-06-18,78458.0,25178.0,29408.0,33796.0,765017.0,94429.0,925290.0,15564.0
2020-06-19,70515.0,22837.0,26688.0,30712.0,784813.0,90228.0,939458.0,14168.0
2020-06-20,63101.0,20837.0,23969.0,28212.0,804445.0,86248.0,952225.0,12767.0
2020-06-21,56450.0,18738.0,21942.0,25622.0,822663.0,82716.0,963766.0,11541.0
2020-06-22,50247.0,16768.0,19910.0,23389.0,837757.0,79835.0,973983.0,10217.0
2020-06-23,44709.0,15061.0,18024.0,21108.0,851756.0,77248.0,983156.0,9173.0
2020-06-24,39551.0,13316.0,16149.0,19195.0,864720.0,75407.0,991310.0,8154.0
2020-06-25,35134.0,11671.0,14532.0,17285.0,876096.0,73398.0,998444.0,7134.0
2020-06-26,31480.0,10377.0,12814.0,15534.0,886343.0,71385.0,1004714.0,6270.0
2020-06-27,28141.0,9356.0,11459.0,13888.0,895627.0,70174.0,1010357.0,5643.0
2020-06-28,24944.0,8293.0,10351.0,12360.0,902818.0,68853.0,1015409.0,5052.0
2020-06-29,22147.0,7411.0,9226.0,10928.0,910537.0,67769.0,1019890.0,4481.0
2020-06-30,19739.0,6789.0,8149.0,9666.0,916437.0,66600.0,1023983.0,4093.0
2020-07-01,17607.0,5898.0,7195.0,8749.0,922088.0,65804.0,1027514.0,3531.0
2020-07-02,15353.0,5208.0,6617.0,7788.0,927692.0,64922.0,1030726.0,3212.0
2020-07-03,13600.0,4641.0,5689.0,6986.0,932127.0,64404.0,1033523.0,2797.0
2020-07-04,12182.0,4125.0,5004.0,6095.0,936938.0,63723.0,1036029.0,2506.0
2020-07-05,10810.0,3770.0,4430.0,5453.0,939324.0,62937.0,1038233.0,2204.0
2020-07-06,9536.0,3267.0,3994.0,4925.0,943025.0,62909.0,1040214.0,1981.0
