time,E,I1,I2,I3,R,S,cumI,diffI
2020-03-06,0.0,2.0,1.0,0.0,0.0,970612.0,0.0,0.0
2020-03-07,3.0,1.0,0.0,0.0,1.0,972156.0,1.0,1.0
2020-03-08,4.0,1.0,0.0,0.0,1.0,979398.0,1.0,0.0
2020-03-09,6.0,0.0,1.0,0.0,0.0,986579.0,1.0,0.0
2020-03-10,3.0,0.0,1.0,0.0,1.0,993451.0,1.0,0.0
2020-03-11,4.0,1.0,1.0,1.0,1.0,998487.0,3.0,2.0
2020-03-12,4.0,2.0,1.0,0.0,3.0,1001922.0,4.0,1.0
2020-03-13,8.0,0.0,0.0,0.0,3.0,1002934.0,4.0,0.0
2020-03-14,6.0,2.0,1.0,0.0,3.0,1005106.0,7.0,3.0
2020-03-15,8.0,3.0,2.0,1.0,4.0,1007555.0,10.0,3.0
2020-03-16,7.0,2.0,2.0,0.0,2.0,1008780.0,10.0,0.0
2020-03-17,7.0,2.0,1.0,1.0,3.0,1009282.0,12.0,2.0
2020-03-18,7.0,2.0,0.0,4.0,2.0,1011107.0,12.0,0.0
2020-03-19,15.0,4.0,1.0,3.0,5.0,1012861.0,14.0,2.0
2020-03-20,16.0,7.0,4.0,2.0,4.0,1012104.0,21.0,7.0
2020-03-21,17.0,8.0,3.0,3.0,4.0,1010936.0,24.0,3.0
2020-03-22,26.0,3.0,5.0,4.0,5.0,1011761.0,26.0,2.0
2020-03-23,24.0,3.0,5.0,3.0,9.0,1012539.0,30.0,4.0
2020-03-24,31.0,3.0,2.0,7.0,16.0,1014176.0,35.0,5.0
2020-03-25,31.0,3.0,6.0,4.0,18.0,1012561.0,41.0,6.0
2020-03-26,43.0,5.0,5.0,5.0,19.0,1013301.0,47.0,6.0
2020-03-27,37.0,7.0,6.0,5.0,24.0,1014434.0,53.0,6.0
2020-03-28,40.0,18.0,6.0,3.0,29.0,1014446.0,63.0,10.0
2020-03-29,73.0,12.0,5.0,8.0,31.0,1014413.0,67.0,4.0
2020-03-30,65.0,13.0,9.0,7.0,41.0,1014163.0,79.0,12.0
2020-03-31,83.0,17.0,11.0,13.0,40.0,1014830.0,94.0,15.0
2020-04-01,100.0,29.0,17.0,14.0,47.0,1014068.0,120.0,26.0
2020-04-02,119.0,30.0,26.0,19.0,51.0,1015411.0,143.0,23.0
2020-04-03,147.0,29.0,25.0,24.0,71.0,1015871.0,168.0,25.0
2020-04-04,197.0,34.0,33.0,26.0,86.0,1017262.0,195.0,27.0
2020-04-05,213.0,32.0,35.0,33.0,111.0,1017441.0,227.0,32.0
2020-04-06,246.0,46.0,30.0,21.0,136.0,1018007.0,255.0,28.0
2020-04-07,271.0,53.0,35.0,31.0,155.0,1018887.0,294.0,39.0
2020-04-08,314.0,69.0,48.0,35.0,169.0,1017204.0,356.0,62.0
2020-04-09,369.0,93.0,58.0,48.0,199.0,1017184.0,429.0,73.0
2020-04-10,450.0,93.0,84.0,58.0,239.0,1016914.0,496.0,67.0
2020-04-11,547.0,93.0,111.0,61.0,274.0,1017313.0,580.0,84.0
2020-04-12,675.0,131.0,92.0,97.0,312.0,1017563.0,687.0,107.0
2020-04-13,758.0,125.0,122.0,99.0,387.0,1017433.0,790.0,103.0
2020-04-14,849.0,178.0,130.0,117.0,463.0,1017625.0,933.0,143.0
2020-04-15,1056.0,215.0,154.0,137.0,522.0,1017823.0,1098.0,165.0
2020-04-16,1224.0,280.0,205.0,178.0,657.0,1017224.0,1327.0,229.0
2020-04-17,1455.0,318.0,262.0,194.0,768.0,1015959.0,1584.0,257.0
2020-04-18,1748.0,373.0,290.0,255.0,896.0,1015795.0,1863.0,279.0
2020-04-19,2039.0,445.0,351.0,291.0,1031.0,1014745.0,2222.0,359.0
2020-04-20,2531.0,542.0,451.0,349.0,1252.0,1014977.0,2628.0,406.0
2020-04-21,3060.0,654.0,503.0,434.0,1465.0,1013662.0,3131.0,503.0
2020-04-22,3612.0,765.0,630.0,500.0,1712.0,1013650.0,3725.0,594.0
2020-04-23,4291.0,897.0,680.0,576.0,2038.0,1013521.0,4432.0,707.0
2020-04-24,4933.0,1067.0,823.0,631.0,2453.0,1011418.0,5264.0,832.0
2020-04-25,5879.0,1249.0,999.0,769.0,2898.0,1009490.0,6184.0,920.0
2020-04-26,6789.0,1545.0,1156.0,913.0,3397.0,1007879.0,7429.0,1245.0
2020-04-27,8160.0,1754.0,1432.0,1162.0,4028.0,1005718.0,8803.0,1374.0
2020-04-28,9658.0,2085.0,1657.0,1356.0,4857.0,1003191.0,10424.0,1621.0
2020-04-29,11419.0,2463.0,2003.0,1551.0,5813.0,999862.0,12368.0,1944.0
2020-04-30,13638.0,2965.0,2323.0,1852.0,6840.0,994725.0,14647.0,2279.0
2020-05-01,16057.0,3440.0,2732.0,2200.0,8220.0,989686.0,17378.0,2731.0
2020-05-02,19177.0,4055.0,3202.0,2654.0,9573.0,984869.0,20534.0,3156.0
2020-05-03,22535.0,4827.0,3994.0,3034.0,11330.0,976782.0,24409.0,3875.0
2020-05-04,26338.0,5641.0,4542.0,3625.0,13580.0,968542.0,28834.0,4425.0
2020-05-05,31020.0,6817.0,5439.0,4245.0,15987.0,959821.0,34114.0,5280.0
2020-05-06,36356.0,7952.0,6386.0,4955.0,18881.0,948755.0,40312.0,6198.0
2020-05-07,42551.0,9362.0,7420.0,5853.0,22400.0,935294.0,47561.0,7249.0
2020-05-08,49654.0,10812.0,8654.0,6927.0,26321.0,920663.0,55941.0,8380.0
2020-05-09,57464.0,12792.0,10053.0,8175.0,30984.0,904581.0,65713.0,9772.0
2020-05-10,66344.0,14754.0,11778.0,9360.0,36721.0,885391.0,76997.0,11284.0
2020-05-11,76231.0,17189.0,13730.0,10952.0,43439.0,862806.0,90135.0,13138.0
2020-05-12,87488.0,19458.0,16016.0,12933.0,50838.0,838197.0,105136.0,15001.0
2020-05-13,99570.0,22347.0,18256.0,15070.0,59742.0,809742.0,122348.0,17212.0
2020-05-14,112084.0,25550.0,21123.0,17188.0,70148.0,778810.0,141978.0,19630.0
2020-05-15,125470.0,29163.0,24005.0,19931.0,82060.0,744637.0,164024.0,22046.0
2020-05-16,139240.0,32847.0,27046.0,22510.0,95575.0,707167.0,188690.0,24666.0
2020-05-17,153376.0,35982.0,30696.0,25558.0,111052.0,668237.0,215793.0,27103.0
2020-05-18,166742.0,39989.0,33860.0,29052.0,128655.0,627117.0,245433.0,29640.0
2020-05-19,179593.0,43403.0,37951.0,32286.0,148186.0,584992.0,277593.0,32160.0
2020-05-20,190858.0,46964.0,41395.0,35623.0,169941.0,540605.0,312356.0,34763.0
2020-05-21,199947.0,50413.0,45000.0,38944.0,193110.0,498367.0,349152.0,36796.0
2020-05-22,207342.0,53054.0,48604.0,42346.0,219690.0,454553.0,387474.0,38322.0
2020-05-23,212590.0,55241.0,50949.0,46235.0,247443.0,413508.0,426885.0,39411.0
2020-05-24,215009.0,56832.0,53427.0,48964.0,277567.0,374227.0,467358.0,40473.0
2020-05-25,215021.0,57772.0,55182.0,51438.0,310281.0,337386.0,507543.0,40185.0
2020-05-26,211284.0,58258.0,56257.0,53753.0,344361.0,303230.0,548088.0,40545.0
2020-05-27,206435.0,58149.0,56994.0,54817.0,379014.0,271511.0,587794.0,39706.0
2020-05-28,198905.0,56601.0,57426.0,55792.0,413940.0,244087.0,626130.0,38336.0
2020-05-29,189502.0,54486.0,56150.0,56339.0,449214.0,219780.0,662580.0,36450.0
2020-05-30,179518.0,52514.0,54828.0,55722.0,485392.0,198330.0,697600.0,35020.0
2020-05-31,168138.0,50080.0,53282.0,54558.0,521280.0,179123.0,730393.0,32793.0
2020-06-01,156579.0,47292.0,50705.0,53442.0,555906.0,162261.0,761112.0,30719.0
2020-06-02,145207.0,44140.0,48072.0,51494.0,589693.0,148016.0,789684.0,28572.0
2020-06-03,133106.0,41221.0,45257.0,49175.0,622265.0,135765.0,816134.0,26450.0
2020-06-04,121677.0,38026.0,42551.0,46624.0,652808.0,124686.0,840433.0,24299.0
2020-06-05,111144.0,35237.0,39629.0,43912.0,681822.0,115804.0,862646.0,22213.0
2020-06-06,100818.0,32158.0,36704.0,40909.0,709011.0,108149.0,882771.0,20125.0
2020-06-07,90632.0,29356.0,33300.0,38151.0,734329.0,101699.0,901038.0,18267.0
2020-06-08,81395.0,26572.0,30503.0,34999.0,758338.0,96414.0,917401.0,16363.0
2020-06-09,73627.0,23945.0,27777.0,32261.0,778298.0,91462.0,931972.0,14571.0
2020-06-10,65531.0,21245.0,25160.0,29480.0,797803.0,87065.0,945180.0,13208.0
2020-06-11,58746.0,18986.0,22860.0,26804.0,816776.0,83417.0,956900.0,11720.0
2020-06-12,52361.0,17232.0,20464.0,24266.0,833242.0,80002.0,967530.0,10630.0
2020-06-13,46317.0,15398.0,18630.0,21968.0,847127.0,77697.0,977044.0,9514.0
2020-06-14,41414.0,13767.0,16662.0,19626.0,861321.0,75377.0,985332.0,8288.0
2020-06-15,36821.0,12046.0,14852.0,17719.0,871808.0,73045.0,992598.0,7266.0
2020-06-16,32785.0,10765.0,13197.0,15959.0,883238.0,71129.0,999232.0,6634.0
2020-06-17,29160.0,9728.0,11716.0,14277.0,892341.0,69542.0,1005058.0,5826.0
2020-06-18,25790.0,8622.0,10507.0,12783.0,901039.0,68180.0,1010265.0,5207.0
2020-06-19,22786.0,7927.0,9350.0,11371.0,908784.0,66832.0,1015045.0,4780.0
2020-06-20,20167.0,6864.0,8440.0,10034.0,915169.0,65728.0,1019132.0,4087.0
2020-06-21,17698.0,6077.0,7484.0,9139.0,921228.0,65033.0,1022717.0,3585.0
2020-06-22,15767.0,5389.0,6623.0,8020.0,926995.0,64051.0,1025984.0,3267.0
2020-06-23,14118.0,4593.0,5867.0,7172.0,932139.0,63666.0,1028836.0,2852.0
2020-06-24,12468.0,4166.0,5039.0,6362.0,935899.0,63334.0,1031386.0,2550.0
2020-06-25,11080.0,3634.0,4589.0,5542.0,940738.0,63069.0,1033538.0,2152.0
2020-06-26,9675.0,3282.0,3948.0,4967.0,944976.0,62695.0,1035468.0,1930.0
2020-06-27,8475.0,2879.0,3516.0,4314.0,947869.0,62329.0,1037241.0,1773.0
2020-06-28,7452.0,2535.0,3075.0,3867.0,951041.0,61851.0,1038723.0,1482.0
2020-06-29,6593.0,2180.0,2744.0,3473.0,952295.0,61366.0,1040029.0,1306.0
2020-06-30,5841.0,1871.0,2419.0,3074.0,954127.0,61229.0,1041186.0,1157.0
2020-07-01,5155.0,1788.0,2172.0,2630.0,956526.0,60864.0,1042322.0,1136.0
2020-07-02,4517.0,1614.0,1879.0,2366.0,957816.0,60823.0,1043223.0,901.0
2020-07-03,4012.0,1349.0,1697.0,2096.0,958653.0,60184.0,1044002.0,779.0
2020-07-04,3488.0,1188.0,1494.0,1864.0,959489.0,60069.0,1044739.0,737.0
2020-07-05,3084.0,1084.0,1209.0,1680.0,959759.0,60113.0,1045378.0,639.0
2020-07-06,2693.0,877.0,1113.0,1390.0,961630.0,60036.0,1045894.0,516.0
