time,E,I1,I2,I3,R,S,cumI,diffI
2020-03-06,0.0,1.0,0.0,0.0,0.0,970303.0,0.0,0.0
2020-03-07,0.0,0.0,1.0,0.0,0.0,973279.0,0.0,0.0
2020-03-08,1.0,0.0,0.0,1.0,0.0,980938.0,0.0,0.0
2020-03-09,2.0,1.0,0.0,0.0,1.0,986683.0,1.0,1.0
2020-03-10,3.0,0.0,1.0,0.0,0.0,992708.0,1.0,0.0
2020-03-11,3.0,1.0,1.0,0.0,0.0,997076.0,2.0,1.0
2020-03-12,3.0,1.0,0.0,1.0,1.0,1001200.0,2.0,0.0
2020-03-13,4.0,1.0,0.0,1.0,1.0,1003563.0,2.0,0.0
2020-03-14,5.0,1.0,0.0,1.0,1.0,1005947.0,3.0,1.0
2020-03-15,5.0,0.0,1.0,1.0,1.0,1007436.0,3.0,0.0
2020-03-16,8.0,1.0,1.0,1.0,1.0,1008683.0,3.0,0.0
2020-03-17,10.0,1.0,0.0,4.0,0.0,1011422.0,4.0,1.0
2020-03-18,14.0,2.0,1.0,1.0,4.0,1011678.0,7.0,3.0
2020-03-19,13.0,3.0,3.0,0.0,3.0,1012574.0,10.0,3.0
2020-03-20,11.0,1.0,4.0,1.0,4.0,1012818.0,12.0,2.0
2020-03-21,14.0,4.0,6.0,1.0,6.0,1014044.0,16.0,4.0
2020-03-22,19.0,5.0,5.0,2.0,5.0,1014176.0,19.0,3.0
2020-03-23,21.0,5.0,4.0,2.0,5.0,1014337.0,23.0,4.0
2020-03-24,18.0,7.0,2.0,2.0,7.0,1014025.0,27.0,4.0
2020-03-25,18.0,4.0,4.0,2.0,8.0,1015209.0,30.0,3.0
2020-03-26,27.0,5.0,7.0,1.0,12.0,1015453.0,34.0,4.0
2020-03-27,30.0,8.0,4.0,7.0,11.0,1014451.0,40.0,6.0
2020-03-28,33.0,9.0,4.0,6.0,16.0,1014832.0,46.0,6.0
2020-03-29,34.0,3.0,7.0,5.0,19.0,1014184.0,51.0,5.0
2020-03-30,49.0,11.0,9.0,11.0,21.0,1014328.0,61.0,10.0
2020-03-31,64.0,13.0,11.0,6.0,15.0,1014484.0,67.0,6.0
2020-04-01,71.0,15.0,15.0,9.0,27.0,1014828.0,77.0,10.0
2020-04-02,84.0,16.0,9.0,12.0,36.0,1015410.0,87.0,10.0
2020-04-03,96.0,18.0,17.0,12.0,44.0,1015767.0,99.0,12.0
2020-04-04,115.0,22.0,25.0,11.0,52.0,1015210.0,114.0,15.0
2020-04-05,135.0,31.0,28.0,16.0,61.0,1014856.0,137.0,23.0
2020-04-06,154.0,41.0,30.0,21.0,68.0,1016370.0,166.0,29.0
2020-04-07,180.0,42.0,33.0,26.0,87.0,1016830.0,196.0,30.0
2020-04-08,242.0,49.0,51.0,27.0,107.0,1018353.0,238.0,42.0
2020-04-09,283.0,69.0,42.0,45.0,122.0,1017479.0,287.0,49.0
2020-04-10,355.0,66.0,51.0,47.0,163.0,1016896.0,344.0,57.0
2020-04-11,427.0,76.0,59.0,49.0,200.0,1016371.0,398.0,54.0
2020-04-12,477.0,101.0,87.0,47.0,229.0,1016492.0,473.0,75.0
2020-04-13,554.0,100.0,86.0,78.0,279.0,1015754.0,558.0,85.0
2020-04-14,689.0,151.0,105.0,87.0,321.0,1016642.0,676.0,118.0
2020-04-15,795.0,187.0,135.0,109.0,361.0,1017592.0,831.0,155.0
2020-04-16,925.0,195.0,139.0,117.0,432.0,1016655.0,985.0,154.0
2020-04-17,1046.0,241.0,149.0,129.0,513.0,1016431.0,1157.0,172.0
2020-04-18,1177.0,300.0,209.0,160.0,611.0,1016268.0,1403.0,246.0
2020-04-19,1385.0,318.0,264.0,168.0,708.0,1016687.0,1630.0,227.0
2020-04-20,1627.0,383.0,277.0,229.0,811.0,1015956.0,1918.0,288.0
2020-04-21,1919.0,442.0,351.0,257.0,991.0,1015435.0,2257.0,339.0
2020-04-22,2293.0,484.0,422.0,324.0,1131.0,1015315.0,2625.0,368.0
2020-04-23,2788.0,566.0,517.0,397.0,1360.0,1014639.0,3111.0,486.0
2020-04-24,3361.0,710.0,556.0,441.0,1722.0,1014600.0,3663.0,552.0
2020-04-25,3979.0,840.0,624.0,519.0,2044.0,1012341.0,4318.0,655.0
2020-04-26,4746.0,1022.0,744.0,593.0,2352.0,1012109.0,5136.0,818.0
2020-04-27,5474.0,1223.0,915.0,668.0,2747.0,1009360.0,6100.0,964.0
2020-04-28,6507.0,1404.0,1115.0,855.0,3233.0,1007587.0,7173.0,1073.0
2020-04-29,7676.0,1681.0,1319.0,1038.0,3835.0,1004055.0,8496.0,1323.0
2020-04-30,9269.0,1969.0,1522.0,1191.0,4564.0,1002190.0,9982.0,1486.0
2020-05-01,10881.0,2317.0,1866.0,1411.0,5364.0,999635.0,11786.0,1804.0
2020-05-02,12714.0,2759.0,2104.0,1681.0,6308.0,997444.0,13893.0,2107.0
2020-05-03,15164.0,3379.0,2545.0,2013.0,7566.0,992589.0,16489.0,2596.0
2020-05-04,17767.0,3913.0,3176.0,2401.0,8924.0,985833.0,19624.0,3135.0
2020-05-05,21250.0,4535.0,3703.0,2924.0,10581.0,979398.0,23187.0,3563.0
2020-05-06,24846.0,5330.0,4325.0,3444.0,12599.0,971603.0,27348.0,4161.0
2020-05-07,29065.0,6421.0,5028.0,3972.0,15015.0,962560.0,32330.0,4982.0
2020-05-08,34053.0,7489.0,5934.0,4618.0,17696.0,953017.0,38154.0,5824.0
2020-05-09,39864.0,8783.0,6945.0,5361.0,20986.0,940783.0,44951.0,6797.0
2020-05-10,46025.0,10280.0,8109.0,6350.0,24782.0,928014.0,53028.0,8077.0
2020-05-11,53468.0,11893.0,9549.0,7526.0,29562.0,911400.0,62206.0,9178.0
2020-05-12,62093.0,13820.0,11159.0,8938.0,34467.0,892993.0,72856.0,10650.0
2020-05-13,71591.0,15961.0,12963.0,10434.0,40566.0,870908.0,85053.0,12197.0
2020-05-14,81820.0,18310.0,14895.0,12373.0,47574.0,848485.0,99161.0,14108.0
2020-05-15,93452.0,20921.0,17180.0,14005.0,55529.0,821452.0,115235.0,16074.0
2020-05-16,105955.0,23912.0,19706.0,15959.0,65230.0,792422.0,133532.0,18297.0
2020-05-17,119025.0,27334.0,22668.0,18496.0,76293.0,759808.0,154333.0,20801.0
2020-05-18,132839.0,31010.0,25850.0,21296.0,88972.0,724747.0,177766.0,23433.0
2020-05-19,146858.0,34775.0,28868.0,24333.0,103064.0,686759.0,203834.0,26068.0
2020-05-20,161029.0,38260.0,32005.0,27396.0,119730.0,646903.0,232063.0,28229.0
2020-05-21,173641.0,41521.0,36078.0,30649.0,137870.0,605223.0,262945.0,30882.0
2020-05-22,185565.0,45396.0,39421.0,34130.0,158378.0,561746.0,296185.0,33240.0
2020-05-23,196529.0,48518.0,43007.0,37351.0,181763.0,518987.0,331515.0,35330.0
2020-05-24,205069.0,51499.0,46150.0,41157.0,206799.0,475688.0,369141.0,37626.0
2020-05-25,210679.0,54276.0,49521.0,44208.0,234298.0,433306.0,408155.0,39014.0
2020-05-26,214037.0,56000.0,52265.0,47321.0,263004.0,393050.0,448145.0,39990.0
2020-05-27,214515.0,57664.0,54117.0,50246.0,294513.0,355289.0,488551.0,40406.0
2020-05-28,212916.0,57869.0,55900.0,52504.0,327480.0,319778.0,528884.0,40333.0
2020-05-29,209036.0,57996.0,57154.0,54231.0,362103.0,287268.0,568781.0,39897.0
2020-05-30,202533.0,56870.0,57229.0,54960.0,396701.0,258196.0,607459.0,38678.0
2020-05-31,194060.0,55337.0,56864.0,55944.0,432537.0,232238.0,645154.0,37695.0
2020-06-01,184331.0,53594.0,55596.0,55720.0,468513.0,209212.0,680896.0,35742.0
2020-06-02,173892.0,51278.0,53764.0,55146.0,503923.0,189083.0,714700.0,33804.0
2020-06-03,162184.0,48681.0,52084.0,53531.0,538366.0,171403.0,746529.0,31829.0
2020-06-04,150519.0,45704.0,49519.0,51974.0,571390.0,156072.0,776096.0,29567.0
2020-06-05,139326.0,42988.0,46708.0,50015.0,604669.0,143394.0,803525.0,27429.0
2020-06-06,128034.0,39423.0,43914.0,47539.0,636587.0,131668.0,828360.0,24835.0
2020-06-07,116542.0,36464.0,40724.0,44866.0,666699.0,122022.0,851669.0,23309.0
2020-06-08,105992.0,33372.0,38018.0,41976.0,694546.0,113762.0,872849.0,21180.0
2020-06-09,95718.0,30579.0,35156.0,39143.0,720341.0,106822.0,892024.0,19175.0
2020-06-10,86730.0,27948.0,32055.0,36542.0,743934.0,100529.0,909469.0,17445.0
2020-06-11,78287.0,25281.0,29517.0,33803.0,765693.0,95107.0,925308.0,15839.0
2020-06-12,70136.0,22750.0,26950.0,31182.0,787321.0,90185.0,939519.0,14211.0
2020-06-13,62490.0,20577.0,24335.0,28306.0,806740.0,86169.0,952231.0,12712.0
2020-06-14,56204.0,18547.0,22044.0,25724.0,823807.0,82569.0,963617.0,11386.0
2020-06-15,50659.0,16728.0,20020.0,23294.0,839147.0,79553.0,973769.0,10152.0
2020-06-16,45263.0,15037.0,17872.0,21224.0,852444.0,77021.0,983004.0,9235.0
2020-06-17,40316.0,13195.0,16064.0,19152.0,865216.0,74992.0,991100.0,8096.0
2020-06-18,35856.0,11886.0,14204.0,17071.0,875147.0,73274.0,998359.0,7259.0
2020-06-19,31858.0,10640.0,12975.0,15462.0,885707.0,71445.0,1004818.0,6459.0
2020-06-20,28188.0,9558.0,11410.0,13969.0,896076.0,70007.0,1010530.0,5712.0
2020-06-21,24908.0,8491.0,10215.0,12528.0,903784.0,68288.0,1015737.0,5207.0
2020-06-22,22350.0,7372.0,9099.0,11110.0,912031.0,67183.0,1020253.0,4516.0
2020-06-23,19958.0,6559.0,8147.0,9945.0,917444.0,66522.0,1024171.0,3918.0
2020-06-24,17478.0,5856.0,7185.0,8897.0,923886.0,65408.0,1027743.0,3572.0
2020-06-25,15417.0,5230.0,6491.0,7985.0,928670.0,64472.0,1030955.0,3212.0
2020-06-26,13676.0,4557.0,5701.0,6887.0,933298.0,64130.0,1033697.0,2742.0
2020-06-27,11933.0,4162.0,4932.0,6111.0,937710.0,63755.0,1036165.0,2468.0
2020-06-28,10655.0,3615.0,4425.0,5520.0,941126.0,63362.0,1038275.0,2110.0
2020-06-29,9376.0,3205.0,3920.0,4795.0,943691.0,62846.0,1040147.0,1872.0
2020-06-30,8273.0,2794.0,3497.0,4282.0,947435.0,62455.0,1041912.0,1765.0
2020-07-01,7389.0,2495.0,2988.0,3861.0,949962.0,62166.0,1043375.0,1463.0
2020-07-02,6639.0,2131.0,2718.0,3388.0,952837.0,61911.0,1044626.0,1251.0
2020-07-03,5753.0,1971.0,2396.0,2899.0,954289.0,61567.0,1045816.0,1190.0
2020-07-04,5114.0,1760.0,2107.0,2592.0,955866.0,61604.0,1046846.0,1030.0
2020-07-05,4509.0,1584.0,1970.0,2301.0,957819.0,61092.0,1047813.0,967.0
2020-07-06,3932.0,1304.0,1697.0,2092.0,957388.0,61416.0,1048578.0,765.0
