time,E,I1,I2,I3,R,S,cumI,diffI
2020-03-06,0.0,3.0,0.0,0.0,0.0,969980.0,0.0,0.0
2020-03-07,0.0,1.0,1.0,0.0,0.0,972674.0,1.0,1.0
2020-03-08,1.0,0.0,1.0,0.0,0.0,979045.0,1.0,0.0
2020-03-09,2.0,0.0,1.0,0.0,0.0,988046.0,1.0,0.0
2020-03-10,3.0,0.0,1.0,0.0,0.0,993005.0,1.0,0.0
2020-03-11,2.0,0.0,0.0,0.0,1.0,997046.0,2.0,1.0
2020-03-12,4.0,0.0,0.0,0.0,0.0,1000881.0,2.0,0.0
2020-03-13,6.0,0.0,0.0,1.0,1.0,1003472.0,2.0,0.0
2020-03-14,4.0,1.0,0.0,1.0,0.0,1004640.0,3.0,1.0
2020-03-15,1.0,2.0,1.0,1.0,1.0,1007263.0,5.0,2.0
2020-03-16,1.0,1.0,2.0,0.0,2.0,1008866.0,5.0,0.0
2020-03-17,2.0,1.0,2.0,1.0,2.0,1009865.0,5.0,0.0
2020-03-18,5.0,1.0,1.0,2.0,3.0,1009373.0,5.0,0.0
2020-03-19,5.0,0.0,2.0,1.0,3.0,1011734.0,5.0,0.0
2020-03-20,2.0,1.0,2.0,0.0,3.0,1011928.0,6.0,1.0
2020-03-21,7.0,1.0,1.0,0.0,3.0,1011137.0,6.0,0.0
2020-03-22,7.0,2.0,0.0,0.0,2.0,1012285.0,7.0,1.0
2020-03-23,6.0,2.0,0.0,0.0,2.0,1012783.0,8.0,1.0
2020-03-24,9.0,4.0,2.0,2.0,1.0,1014135.0,11.0,3.0
2020-03-25,9.0,2.0,0.0,2.0,4.0,1014390.0,12.0,1.0
2020-03-26,8.0,1.0,1.0,0.0,5.0,1014405.0,12.0,0.0
2020-03-27,11.0,1.0,2.0,2.0,7.0,1014778.0,13.0,1.0
2020-03-28,12.0,2.0,2.0,1.0,3.0,1015494.0,16.0,3.0
2020-03-29,12.0,2.0,4.0,2.0,6.0,1015435.0,20.0,4.0
2020-03-30,17.0,4.0,3.0,1.0,10.0,1014944.0,23.0,3.0
2020-03-31,22.0,2.0,4.0,3.0,11.0,1014145.0,27.0,4.0
2020-04-01,24.0,5.0,3.0,3.0,16.0,1014448.0,31.0,4.0
2020-04-02,25.0,6.0,4.0,1.0,17.0,1016803.0,35.0,4.0
2020-04-03,28.0,7.0,5.0,7.0,18.0,1017132.0,42.0,7.0
2020-04-04,35.0,7.0,7.0,4.0,24.0,1017465.0,51.0,9.0
2020-04-05,41.0,8.0,5.0,5.0,29.0,1017803.0,59.0,8.0
2020-04-06,36.0,7.0,2.0,9.0,27.0,1017583.0,63.0,4.0
2020-04-07,40.0,11.0,5.0,8.0,31.0,1018297.0,68.0,5.0
2020-04-08,46.0,9.0,11.0,6.0,39.0,1018165.0,76.0,8.0
2020-04-09,55.0,13.0,11.0,13.0,38.0,1017803.0,92.0,16.0
2020-04-10,80.0,16.0,10.0,11.0,50.0,1018126.0,106.0,14.0
2020-04-11,101.0,25.0,24.0,6.0,57.0,1019840.0,125.0,19.0
2020-04-12,110.0,25.0,24.0,14.0,68.0,1018919.0,144.0,19.0
2020-04-13,132.0,30.0,27.0,20.0,73.0,1018793.0,164.0,20.0
2020-04-14,151.0,38.0,31.0,22.0,86.0,1019289.0,188.0,24.0
2020-04-15,221.0,36.0,32.0,31.0,104.0,1019704.0,209.0,21.0
2020-04-16,242.0,49.0,41.0,33.0,142.0,1019449.0,252.0,43.0
2020-04-17,304.0,72.0,50.0,37.0,171.0,1018915.0,311.0,59.0
2020-04-18,364.0,76.0,70.0,61.0,194.0,1019661.0,375.0,64.0
2020-04-19,456.0,99.0,75.0,59.0,221.0,1020564.0,455.0,80.0
2020-04-20,556.0,124.0,89.0,76.0,266.0,1019453.0,551.0,96.0
2020-04-21,659.0,135.0,94.0,90.0,323.0,1018934.0,659.0,108.0
2020-04-22,772.0,169.0,131.0,107.0,390.0,1018854.0,779.0,120.0
2020-04-23,873.0,193.0,149.0,132.0,439.0,1019622.0,928.0,149.0
2020-04-24,1003.0,248.0,175.0,156.0,550.0,1020074.0,1106.0,178.0
2020-04-25,1206.0,301.0,224.0,148.0,627.0,1021050.0,1327.0,221.0
2020-04-26,1482.0,326.0,258.0,198.0,750.0,1021088.0,1573.0,246.0
2020-04-27,1738.0,389.0,333.0,232.0,861.0,1018911.0,1903.0,330.0
2020-04-28,2099.0,415.0,365.0,298.0,1038.0,1018882.0,2228.0,325.0
2020-04-29,2533.0,481.0,384.0,307.0,1235.0,1018554.0,2605.0,377.0
2020-04-30,2843.0,716.0,478.0,373.0,1464.0,1017116.0,3159.0,554.0
2020-05-01,3398.0,779.0,602.0,430.0,1735.0,1016195.0,3736.0,577.0
2020-05-02,4062.0,919.0,704.0,564.0,2039.0,1014963.0,4414.0,678.0
2020-05-03,4839.0,1052.0,906.0,623.0,2472.0,1012957.0,5238.0,824.0
2020-05-04,5769.0,1214.0,1025.0,779.0,2879.0,1011745.0,6196.0,958.0
2020-05-05,6880.0,1469.0,1152.0,879.0,3464.0,1009672.0,7371.0,1175.0
2020-05-06,8152.0,1801.0,1389.0,1055.0,4048.0,1008891.0,8788.0,1417.0
2020-05-07,9701.0,2083.0,1642.0,1235.0,4857.0,1004964.0,10401.0,1613.0
2020-05-08,11522.0,2442.0,1963.0,1452.0,5715.0,1001815.0,12322.0,1921.0
2020-05-09,13665.0,2978.0,2233.0,1779.0,6759.0,996721.0,14616.0,2294.0
2020-05-10,16019.0,3411.0,2762.0,2161.0,7929.0,991147.0,17355.0,2739.0
2020-05-11,18946.0,4031.0,3247.0,2540.0,9314.0,984833.0,20541.0,3186.0
2020-05-12,22428.0,4833.0,3872.0,2933.0,11172.0,978215.0,24350.0,3809.0
2020-05-13,25909.0,5769.0,4456.0,3623.0,13208.0,970133.0,28774.0,4424.0
2020-05-14,30374.0,6741.0,5338.0,4148.0,15785.0,961044.0,34012.0,5238.0
2020-05-15,35648.0,7861.0,6325.0,4871.0,18658.0,951176.0,40082.0,6070.0
2020-05-16,41878.0,9169.0,7393.0,5868.0,22016.0,938221.0,47170.0,7088.0
2020-05-17,48829.0,10881.0,8584.0,6785.0,25984.0,922581.0,55434.0,8264.0
2020-05-18,56440.0,12475.0,10130.0,8065.0,30444.0,906909.0,65121.0,9687.0
2020-05-19,65337.0,14582.0,11688.0,9452.0,36093.0,886597.0,76274.0,11153.0
2020-05-20,75624.0,16762.0,13668.0,10982.0,42566.0,865165.0,89207.0,12933.0
2020-05-21,86657.0,19285.0,15719.0,12745.0,50284.0,839615.0,104137.0,14930.0
2020-05-22,98557.0,22236.0,18427.0,14622.0,59116.0,811686.0,121162.0,17025.0
2020-05-23,111880.0,25739.0,21105.0,16973.0,69579.0,780857.0,140563.0,19401.0
2020-05-24,124799.0,28794.0,23845.0,19461.0,81143.0,746546.0,162166.0,21603.0
2020-05-25,138119.0,32658.0,26964.0,22516.0,94466.0,709237.0,186777.0,24611.0
2020-05-26,152488.0,35816.0,30187.0,25397.0,109979.0,670233.0,213514.0,26737.0
2020-05-27,166043.0,39794.0,33810.0,28584.0,127215.0,628991.0,243369.0,29855.0
2020-05-28,178749.0,43587.0,37478.0,31887.0,147115.0,586219.0,275527.0,32158.0
2020-05-29,190977.0,46569.0,41228.0,35407.0,168250.0,542711.0,309674.0,34147.0
2020-05-30,200491.0,50077.0,44566.0,39202.0,193294.0,499866.0,346158.0,36484.0
2020-05-31,208176.0,53033.0,47858.0,42877.0,219134.0,456093.0,384051.0,37893.0
2020-06-01,213122.0,55274.0,50772.0,45416.0,247281.0,414238.0,423412.0,39361.0
2020-06-02,215271.0,56978.0,53538.0,48761.0,278254.0,374069.0,463663.0,40251.0
2020-06-03,214977.0,57842.0,55348.0,51613.0,310395.0,336590.0,504048.0,40385.0
2020-06-04,212090.0,58005.0,56293.0,54038.0,344111.0,302000.0,544107.0,40059.0
2020-06-05,207054.0,57740.0,56634.0,55131.0,379670.0,271063.0,583317.0,39210.0
2020-06-06,199635.0,56786.0,56698.0,55715.0,414894.0,243601.0,621756.0,38439.0
2020-06-07,190186.0,54797.0,56436.0,55864.0,450520.0,218845.0,658636.0,36880.0
2020-06-08,179816.0,52841.0,54655.0,55936.0,487824.0,197423.0,693484.0,34848.0
2020-06-09,168349.0,50489.0,52971.0,54894.0,522774.0,178640.0,726466.0,32982.0
2020-06-10,156915.0,47574.0,50733.0,53702.0,557438.0,161801.0,757281.0,30815.0
2020-06-11,144769.0,44496.0,48360.0,51835.0,591111.0,147572.0,785915.0,28634.0
2020-06-12,132849.0,41494.0,45667.0,49487.0,623514.0,135291.0,812496.0,26581.0
2020-06-13,121121.0,38245.0,42359.0,47103.0,654978.0,124246.0,836817.0,24321.0
2020-06-14,110153.0,34934.0,39538.0,43783.0,684335.0,115259.0,858889.0,22072.0
2020-06-15,99955.0,31763.0,36494.0,40821.0,711309.0,107622.0,878802.0,19913.0
2020-06-16,90238.0,29148.0,33593.0,38179.0,736313.0,100927.0,896859.0,18057.0
2020-06-17,81262.0,26261.0,30908.0,35162.0,759064.0,94786.0,913263.0,16404.0
2020-06-18,73177.0,23821.0,27958.0,32332.0,780547.0,90067.0,928087.0,14824.0
2020-06-19,65363.0,21553.0,24999.0,29473.0,799948.0,86037.0,941219.0,13132.0
2020-06-20,58565.0,19513.0,22706.0,26615.0,818989.0,82181.0,953007.0,11788.0
2020-06-21,52403.0,17450.0,20869.0,24364.0,835324.0,79465.0,963592.0,10585.0
2020-06-22,46438.0,15629.0,18817.0,22074.0,849045.0,76658.0,973115.0,9523.0
2020-06-23,41679.0,13867.0,16857.0,19885.0,863101.0,74451.0,981266.0,8151.0
2020-06-24,36901.0,12334.0,14823.0,17850.0,874613.0,72823.0,988679.0,7413.0
2020-06-25,32706.0,11033.0,13298.0,16104.0,885700.0,70929.0,995431.0,6752.0
2020-06-26,29086.0,9764.0,11926.0,14453.0,894289.0,69288.0,1001318.0,5887.0
2020-06-27,25942.0,8748.0,10541.0,12971.0,903017.0,67980.0,1006471.0,5153.0
2020-06-28,22900.0,7752.0,9386.0,11532.0,910411.0,66949.0,1011148.0,4677.0
2020-06-29,20216.0,6819.0,8363.0,10076.0,917202.0,66132.0,1015353.0,4205.0
2020-06-30,17968.0,6156.0,7308.0,8977.0,923338.0,65100.0,1019041.0,3688.0
2020-07-01,15968.0,5393.0,6725.0,7896.0,928794.0,64273.0,1022220.0,3179.0
2020-07-02,14235.0,4698.0,5931.0,7259.0,932914.0,63709.0,1025054.0,2834.0
2020-07-03,12679.0,4155.0,5129.0,6411.0,937354.0,63133.0,1027528.0,2474.0
2020-07-04,11120.0,3695.0,4560.0,5682.0,942846.0,62425.0,1029823.0,2295.0
2020-07-05,9718.0,3274.0,3974.0,4809.0,944279.0,62288.0,1031860.0,2037.0
2020-07-06,8511.0,2818.0,3525.0,4362.0,946202.0,61964.0,1033544.0,1684.0
