time,E,I1,I2,I3,R,S,cumI,diffI
2020-03-06,0.0,2.0,1.0,0.0,0.0,970272.0,0.0,0.0
2020-03-07,1.0,0.0,0.0,1.0,0.0,972931.0,0.0,0.0
2020-03-08,2.0,1.0,0.0,1.0,0.0,979299.0,1.0,1.0
2020-03-09,2.0,0.0,0.0,1.0,0.0,986325.0,1.0,0.0
2020-03-10,3.0,0.0,1.0,0.0,0.0,992748.0,2.0,1.0
2020-03-11,5.0,0.0,0.0,2.0,0.0,997636.0,2.0,0.0
2020-03-12,6.0,0.0,0.0,2.0,0.0,1000888.0,2.0,0.0
2020-03-13,6.0,1.0,0.0,1.0,0.0,1004080.0,2.0,0.0
2020-03-14,4.0,0.0,0.0,1.0,1.0,1006355.0,2.0,0.0
2020-03-15,2.0,0.0,0.0,0.0,2.0,1008604.0,2.0,0.0
2020-03-16,7.0,1.0,1.0,0.0,2.0,1009459.0,3.0,1.0
2020-03-17,7.0,0.0,1.0,0.0,3.0,1010883.0,4.0,1.0
2020-03-18,7.0,1.0,1.0,1.0,4.0,1010865.0,5.0,1.0
2020-03-19,15.0,2.0,3.0,2.0,2.0,1011024.0,7.0,2.0
2020-03-20,14.0,4.0,4.0,1.0,3.0,1012963.0,12.0,5.0
2020-03-21,18.0,6.0,2.0,0.0,7.0,1012259.0,14.0,2.0
2020-03-22,18.0,5.0,0.0,1.0,5.0,1012543.0,16.0,2.0
2020-03-23,16.0,3.0,3.0,1.0,8.0,1013117.0,18.0,2.0
2020-03-24,24.0,5.0,2.0,1.0,9.0,1014794.0,22.0,4.0
2020-03-25,25.0,6.0,0.0,4.0,7.0,1015122.0,27.0,5.0
2020-03-26,25.0,6.0,1.0,5.0,10.0,1015681.0,31.0,4.0
2020-03-27,21.0,9.0,6.0,3.0,19.0,1015454.0,39.0,8.0
2020-03-28,43.0,6.0,5.0,3.0,20.0,1015274.0,41.0,2.0
2020-03-29,52.0,6.0,10.0,4.0,23.0,1015539.0,45.0,4.0
2020-03-30,55.0,10.0,4.0,6.0,25.0,1016564.0,53.0,8.0
2020-03-31,62.0,13.0,14.0,8.0,26.0,1016538.0,64.0,11.0
2020-04-01,76.0,13.0,10.0,11.0,33.0,1016652.0,71.0,7.0
2020-04-02,73.0,26.0,12.0,9.0,39.0,1015587.0,87.0,16.0
2020-04-03,99.0,23.0,19.0,8.0,42.0,1015724.0,100.0,13.0
2020-04-04,111.0,21.0,21.0,15.0,50.0,1015280.0,114.0,14.0
2020-04-05,132.0,20.0,17.0,18.0,61.0,1016998.0,126.0,12.0
2020-04-06,168.0,39.0,25.0,19.0,69.0,1017002.0,158.0,32.0
2020-04-07,202.0,46.0,29.0,24.0,75.0,1016326.0,195.0,37.0
2020-04-08,240.0,51.0,48.0,28.0,94.0,1017667.0,238.0,43.0
2020-04-09,267.0,67.0,54.0,35.0,102.0,1018325.0,287.0,49.0
2020-04-10,323.0,82.0,64.0,45.0,127.0,1017964.0,348.0,61.0
2020-04-11,422.0,70.0,80.0,53.0,166.0,1017448.0,405.0,57.0
2020-04-12,457.0,96.0,73.0,66.0,215.0,1016991.0,485.0,80.0
2020-04-13,529.0,117.0,86.0,74.0,244.0,1018310.0,583.0,98.0
2020-04-14,627.0,120.0,101.0,83.0,295.0,1018012.0,692.0,109.0
2020-04-15,706.0,146.0,101.0,88.0,329.0,1018236.0,799.0,107.0
2020-04-16,823.0,187.0,158.0,104.0,368.0,1018955.0,951.0,152.0
2020-04-17,996.0,219.0,169.0,140.0,458.0,1017612.0,1132.0,181.0
2020-04-18,1202.0,245.0,206.0,145.0,577.0,1017237.0,1338.0,206.0
2020-04-19,1402.0,256.0,240.0,178.0,714.0,1017069.0,1552.0,214.0
2020-04-20,1692.0,348.0,275.0,197.0,846.0,1017580.0,1850.0,298.0
2020-04-21,2045.0,410.0,326.0,254.0,973.0,1018053.0,2174.0,324.0
2020-04-22,2297.0,496.0,352.0,298.0,1147.0,1018001.0,2570.0,396.0
2020-04-23,2708.0,634.0,445.0,342.0,1352.0,1017454.0,3057.0,487.0
2020-04-24,3194.0,735.0,561.0,414.0,1614.0,1015801.0,3627.0,570.0
2020-04-25,3851.0,833.0,633.0,525.0,1877.0,1014935.0,4275.0,648.0
2020-04-26,4575.0,987.0,773.0,568.0,2245.0,1013560.0,5055.0,780.0
2020-04-27,5461.0,1213.0,936.0,676.0,2655.0,1013633.0,5992.0,937.0
2020-04-28,6409.0,1434.0,1065.0,876.0,3108.0,1010631.0,7100.0,1108.0
2020-04-29,7538.0,1604.0,1286.0,980.0,3803.0,1007843.0,8324.0,1224.0
2020-04-30,8985.0,1939.0,1510.0,1198.0,4500.0,1006395.0,9859.0,1535.0
2020-05-01,10663.0,2258.0,1763.0,1481.0,5397.0,1002301.0,11627.0,1768.0
2020-05-02,12676.0,2681.0,2100.0,1684.0,6391.0,997555.0,13745.0,2118.0
2020-05-03,14755.0,3084.0,2567.0,1957.0,7510.0,992805.0,16205.0,2460.0
2020-05-04,17710.0,3867.0,3016.0,2345.0,8794.0,988024.0,19212.0,3007.0
2020-05-05,20728.0,4513.0,3521.0,2875.0,10330.0,981456.0,22770.0,3558.0
2020-05-06,24382.0,5272.0,4213.0,3378.0,12407.0,972959.0,26928.0,4158.0
2020-05-07,28549.0,6244.0,4909.0,3969.0,14726.0,964093.0,31756.0,4828.0
2020-05-08,33478.0,7338.0,5831.0,4656.0,17443.0,955197.0,37414.0,5658.0
2020-05-09,39491.0,8580.0,7017.0,5464.0,20626.0,942924.0,44156.0,6742.0
2020-05-10,46073.0,10023.0,8265.0,6485.0,24430.0,928817.0,52082.0,7926.0
2020-05-11,53652.0,11685.0,9672.0,7483.0,28909.0,912050.0,61307.0,9225.0
2020-05-12,61936.0,13552.0,11086.0,8880.0,34104.0,894558.0,71866.0,10559.0
2020-05-13,71519.0,16039.0,12911.0,10286.0,40261.0,873666.0,84283.0,12417.0
2020-05-14,81717.0,18373.0,15058.0,11789.0,47774.0,850095.0,98336.0,14053.0
2020-05-15,93683.0,21272.0,17197.0,13945.0,56160.0,822946.0,114409.0,16073.0
2020-05-16,106011.0,23896.0,20011.0,15855.0,65602.0,793958.0,132586.0,18177.0
2020-05-17,118920.0,26903.0,22691.0,18434.0,76420.0,760414.0,153260.0,20674.0
2020-05-18,132684.0,30551.0,25598.0,21250.0,89007.0,724905.0,176501.0,23241.0
2020-05-19,146142.0,34317.0,28908.0,24125.0,103311.0,687474.0,202344.0,25843.0
2020-05-20,160223.0,37797.0,32205.0,27147.0,119573.0,647557.0,230498.0,28154.0
2020-05-21,173315.0,41956.0,35735.0,30501.0,137872.0,605567.0,261444.0,30946.0
2020-05-22,185074.0,45595.0,39505.0,34243.0,158080.0,562167.0,295082.0,33638.0
2020-05-23,195212.0,48794.0,43330.0,37893.0,180780.0,518172.0,330693.0,35611.0
2020-05-24,204031.0,51302.0,46420.0,41151.0,205867.0,475022.0,367863.0,37170.0
2020-05-25,210583.0,54509.0,49289.0,44252.0,233774.0,432014.0,406748.0,38885.0
2020-05-26,213902.0,56201.0,52135.0,47647.0,263276.0,391885.0,446379.0,39631.0
2020-05-27,214756.0,57387.0,54059.0,50400.0,294509.0,354368.0,486832.0,40453.0
2020-05-28,213358.0,57717.0,55716.0,52258.0,326737.0,318238.0,526897.0,40065.0
2020-05-29,208404.0,58073.0,56415.0,53748.0,361168.0,286793.0,566448.0,39551.0
2020-05-30,202417.0,56745.0,56830.0,55005.0,396861.0,256897.0,605161.0,38713.0
2020-05-31,193342.0,55621.0,56008.0,56007.0,432909.0,231323.0,642448.0,37287.0
2020-06-01,183677.0,53634.0,55295.0,55873.0,469530.0,207949.0,677950.0,35502.0
2020-06-02,173003.0,51135.0,53683.0,55069.0,504925.0,187450.0,711621.0,33671.0
2020-06-03,161148.0,48392.0,51547.0,53930.0,539839.0,170401.0,743368.0,31747.0
2020-06-04,149835.0,45682.0,49432.0,52218.0,573408.0,154834.0,772743.0,29375.0
2020-06-05,138830.0,42422.0,46703.0,50071.0,604606.0,141776.0,799959.0,27216.0
2020-06-06,127087.0,39592.0,43742.0,47688.0,636808.0,131249.0,825446.0,25487.0
2020-06-07,115695.0,36480.0,41091.0,44897.0,666208.0,121994.0,848571.0,23125.0
2020-06-08,105439.0,33256.0,38103.0,42299.0,694934.0,113702.0,869576.0,21005.0
2020-06-09,95275.0,30392.0,34875.0,39432.0,720587.0,105968.0,888665.0,19089.0
2020-06-10,86182.0,27620.0,32097.0,36369.0,743437.0,99868.0,905881.0,17216.0
2020-06-11,77523.0,24976.0,29156.0,33575.0,766470.0,94999.0,921311.0,15430.0
2020-06-12,69746.0,22759.0,26537.0,30792.0,786085.0,89782.0,935328.0,14017.0
2020-06-13,62347.0,20489.0,23966.0,28106.0,804143.0,86021.0,947894.0,12566.0
2020-06-14,55734.0,18469.0,21668.0,25481.0,822385.0,82269.0,959376.0,11482.0
2020-06-15,49776.0,16400.0,19689.0,23144.0,838229.0,79105.0,969357.0,9981.0
2020-06-16,44047.0,14674.0,17650.0,20843.0,853566.0,77000.0,978250.0,8893.0
2020-06-17,39249.0,13311.0,15668.0,18761.0,866340.0,74718.0,986235.0,7985.0
2020-06-18,34808.0,11780.0,14213.0,16848.0,877247.0,72307.0,993252.0,7017.0
2020-06-19,31030.0,10353.0,12733.0,15443.0,886159.0,70517.0,999463.0,6211.0
2020-06-20,27407.0,9339.0,11298.0,13626.0,896024.0,69285.0,1005111.0,5648.0
2020-06-21,24572.0,8211.0,10010.0,12116.0,903716.0,68155.0,1009959.0,4848.0
2020-06-22,21781.0,7318.0,8918.0,10755.0,911584.0,66915.0,1014383.0,4424.0
2020-06-23,19322.0,6553.0,7879.0,9817.0,917783.0,66362.0,1018305.0,3922.0
2020-06-24,17013.0,5765.0,7134.0,8670.0,922903.0,65554.0,1021843.0,3538.0
2020-06-25,15112.0,5073.0,6390.0,7830.0,928479.0,64591.0,1024912.0,3069.0
2020-06-26,13424.0,4473.0,5448.0,6935.0,932863.0,63832.0,1027558.0,2646.0
2020-06-27,11805.0,3956.0,4833.0,5996.0,937405.0,63277.0,1030000.0,2442.0
2020-06-28,10374.0,3582.0,4317.0,5259.0,940410.0,62900.0,1032166.0,2166.0
2020-06-29,9267.0,3182.0,3824.0,4696.0,944297.0,62504.0,1034017.0,1851.0
2020-06-30,8159.0,2826.0,3405.0,4171.0,947016.0,61887.0,1035655.0,1638.0
2020-07-01,7252.0,2495.0,3035.0,3800.0,950108.0,61561.0,1037135.0,1480.0
2020-07-02,6331.0,2211.0,2734.0,3356.0,952782.0,61377.0,1038499.0,1364.0
2020-07-03,5618.0,1854.0,2332.0,3000.0,954976.0,61364.0,1039589.0,1090.0
2020-07-04,4964.0,1711.0,2040.0,2618.0,954470.0,60893.0,1040623.0,1034.0
2020-07-05,4385.0,1500.0,1846.0,2244.0,956089.0,60696.0,1041521.0,898.0
2020-07-06,3876.0,1306.0,1610.0,2007.0,957680.0,60680.0,1042326.0,805.0
