time,E,I1,I2,I3,R,S,cumI,diffI
2020-03-06,1.0,1.0,2.0,0.0,0.0,970199.0,0.0,0.0
2020-03-07,0.0,0.0,2.0,0.0,0.0,973421.0,0.0,0.0
2020-03-08,1.0,0.0,1.0,0.0,0.0,979256.0,0.0,0.0
2020-03-09,2.0,1.0,0.0,0.0,0.0,986967.0,1.0,1.0
2020-03-10,0.0,1.0,1.0,0.0,0.0,992654.0,3.0,2.0
2020-03-11,1.0,0.0,2.0,1.0,0.0,997728.0,3.0,0.0
2020-03-12,1.0,0.0,2.0,0.0,0.0,1000388.0,3.0,0.0
2020-03-13,1.0,0.0,1.0,1.0,0.0,1003203.0,3.0,0.0
2020-03-14,0.0,0.0,1.0,1.0,1.0,1005081.0,3.0,0.0
2020-03-15,2.0,0.0,0.0,0.0,3.0,1008152.0,3.0,0.0
2020-03-16,2.0,0.0,0.0,0.0,1.0,1009032.0,3.0,0.0
2020-03-17,1.0,0.0,0.0,0.0,1.0,1010081.0,3.0,0.0
2020-03-18,1.0,0.0,0.0,0.0,1.0,1010908.0,3.0,0.0
2020-03-19,2.0,0.0,0.0,0.0,1.0,1010857.0,3.0,0.0
2020-03-20,3.0,0.0,0.0,0.0,2.0,1011762.0,3.0,0.0
2020-03-21,0.0,1.0,0.0,0.0,1.0,1012135.0,4.0,1.0
2020-03-22,2.0,0.0,1.0,0.0,1.0,1011761.0,4.0,0.0
2020-03-23,3.0,1.0,0.0,1.0,2.0,1011074.0,5.0,1.0
2020-03-24,1.0,0.0,0.0,0.0,3.0,1013191.0,5.0,0.0
2020-03-25,0.0,0.0,0.0,0.0,4.0,1013060.0,5.0,0.0
2020-03-26,1.0,1.0,0.0,0.0,1.0,1013548.0,6.0,1.0
2020-03-27,3.0,2.0,1.0,0.0,1.0,1014968.0,8.0,2.0
2020-03-28,5.0,0.0,0.0,3.0,2.0,1016067.0,8.0,0.0
2020-03-29,3.0,0.0,0.0,2.0,0.0,1017283.0,8.0,0.0
2020-03-30,4.0,0.0,0.0,3.0,2.0,1016982.0,8.0,0.0
2020-03-31,8.0,1.0,0.0,2.0,1.0,1017389.0,8.0,0.0
2020-04-01,8.0,0.0,0.0,1.0,2.0,1016675.0,9.0,1.0
2020-04-02,8.0,0.0,0.0,0.0,3.0,1017487.0,9.0,0.0
2020-04-03,8.0,2.0,2.0,0.0,5.0,1017681.0,12.0,3.0
2020-04-04,14.0,0.0,1.0,0.0,10.0,1017131.0,12.0,0.0
2020-04-05,16.0,2.0,3.0,1.0,12.0,1017837.0,15.0,3.0
2020-04-06,15.0,3.0,4.0,0.0,13.0,1017187.0,17.0,2.0
2020-04-07,22.0,2.0,6.0,2.0,12.0,1017540.0,18.0,1.0
2020-04-08,28.0,4.0,6.0,3.0,15.0,1018393.0,21.0,3.0
2020-04-09,32.0,8.0,8.0,5.0,17.0,1018661.0,28.0,7.0
2020-04-10,39.0,6.0,8.0,6.0,21.0,1017081.0,32.0,4.0
2020-04-11,43.0,11.0,9.0,7.0,23.0,1018303.0,39.0,7.0
2020-04-12,55.0,13.0,7.0,8.0,32.0,1018882.0,52.0,13.0
2020-04-13,50.0,10.0,15.0,6.0,31.0,1019632.0,66.0,14.0
2020-04-14,62.0,17.0,15.0,6.0,34.0,1019375.0,83.0,17.0
2020-04-15,78.0,13.0,25.0,6.0,40.0,1019416.0,97.0,14.0
2020-04-16,106.0,23.0,15.0,17.0,44.0,1019009.0,112.0,15.0
2020-04-17,122.0,30.0,14.0,18.0,66.0,1018983.0,129.0,17.0
2020-04-18,148.0,34.0,27.0,15.0,69.0,1019315.0,156.0,27.0
2020-04-19,175.0,39.0,28.0,18.0,75.0,1019423.0,186.0,30.0
2020-04-20,218.0,46.0,37.0,24.0,93.0,1019147.0,226.0,40.0
2020-04-21,248.0,58.0,32.0,35.0,117.0,1019411.0,267.0,41.0
2020-04-22,290.0,58.0,48.0,37.0,152.0,1019946.0,310.0,43.0
2020-04-23,361.0,84.0,48.0,49.0,183.0,1019071.0,376.0,66.0
2020-04-24,431.0,89.0,55.0,63.0,213.0,1019698.0,441.0,65.0
2020-04-25,501.0,113.0,77.0,60.0,233.0,1019532.0,526.0,85.0
2020-04-26,586.0,132.0,97.0,77.0,260.0,1019834.0,640.0,114.0
2020-04-27,656.0,124.0,123.0,77.0,304.0,1020278.0,743.0,103.0
2020-04-28,741.0,179.0,129.0,106.0,357.0,1019783.0,891.0,148.0
2020-04-29,932.0,195.0,151.0,115.0,451.0,1020605.0,1036.0,145.0
2020-04-30,1092.0,210.0,176.0,134.0,569.0,1019808.0,1199.0,163.0
2020-05-01,1306.0,255.0,194.0,155.0,634.0,1021145.0,1398.0,199.0
2020-05-02,1509.0,340.0,263.0,169.0,744.0,1020605.0,1670.0,272.0
2020-05-03,1765.0,377.0,292.0,228.0,914.0,1020425.0,1981.0,311.0
2020-05-04,2083.0,442.0,375.0,256.0,1050.0,1020895.0,2340.0,359.0
2020-05-05,2529.0,527.0,408.0,343.0,1217.0,1019521.0,2732.0,392.0
2020-05-06,2945.0,620.0,486.0,395.0,1471.0,1018344.0,3236.0,504.0
2020-05-07,3473.0,736.0,578.0,470.0,1714.0,1016327.0,3822.0,586.0
2020-05-08,4140.0,858.0,718.0,544.0,2036.0,1015201.0,4527.0,705.0
2020-05-09,4927.0,998.0,822.0,690.0,2383.0,1013810.0,5317.0,790.0
2020-05-10,5864.0,1301.0,991.0,773.0,2906.0,1012315.0,6339.0,1022.0
2020-05-11,6968.0,1547.0,1189.0,954.0,3460.0,1009866.0,7504.0,1165.0
2020-05-12,8508.0,1830.0,1425.0,1055.0,4148.0,1005441.0,8914.0,1410.0
2020-05-13,10004.0,2180.0,1750.0,1303.0,4901.0,1004135.0,10644.0,1730.0
2020-05-14,11869.0,2541.0,2016.0,1575.0,5844.0,999867.0,12641.0,1997.0
2020-05-15,14010.0,3030.0,2388.0,1931.0,6884.0,995811.0,15021.0,2380.0
2020-05-16,16565.0,3543.0,2779.0,2302.0,8195.0,991433.0,17857.0,2836.0
2020-05-17,19552.0,4342.0,3307.0,2590.0,9757.0,985089.0,21278.0,3421.0
2020-05-18,22785.0,5184.0,3896.0,3103.0,11475.0,977940.0,25306.0,4028.0
2020-05-19,26782.0,5929.0,4671.0,3729.0,13644.0,969726.0,29858.0,4552.0
2020-05-20,31750.0,6974.0,5530.0,4419.0,16232.0,960174.0,35325.0,5467.0
2020-05-21,37160.0,8255.0,6704.0,5142.0,19206.0,948114.0,41719.0,6394.0
2020-05-22,43599.0,9481.0,7681.0,6074.0,22845.0,934734.0,49135.0,7416.0
2020-05-23,50623.0,11088.0,9024.0,7087.0,27040.0,920142.0,57739.0,8604.0
2020-05-24,59099.0,12856.0,10397.0,8321.0,31985.0,903130.0,67667.0,9928.0
2020-05-25,68165.0,15071.0,12053.0,9716.0,37642.0,883097.0,79384.0,11717.0
2020-05-26,78101.0,17202.0,14218.0,11318.0,44164.0,860343.0,92725.0,13341.0
2020-05-27,89073.0,19960.0,16422.0,13227.0,51893.0,836007.0,108109.0,15384.0
2020-05-28,101623.0,22924.0,18781.0,15256.0,60698.0,807174.0,125735.0,17626.0
2020-05-29,114391.0,26132.0,21375.0,17625.0,71549.0,774567.0,145607.0,19872.0
2020-05-30,128251.0,29489.0,24386.0,20263.0,83454.0,740601.0,167803.0,22196.0
2020-05-31,141777.0,33140.0,27753.0,23185.0,97734.0,703307.0,192987.0,25184.0
2020-06-01,156050.0,36664.0,31147.0,26285.0,113717.0,663683.0,220460.0,27473.0
2020-06-02,168926.0,40663.0,34642.0,29283.0,131716.0,623153.0,250752.0,30292.0
2020-06-03,182180.0,44141.0,38465.0,32540.0,151095.0,579729.0,283073.0,32321.0
2020-06-04,193874.0,47806.0,41959.0,36445.0,173664.0,534590.0,318095.0,35022.0
2020-06-05,202574.0,50905.0,45650.0,39855.0,198090.0,491145.0,355105.0,37010.0
2020-06-06,210033.0,53690.0,48262.0,43540.0,224917.0,447029.0,393500.0,38395.0
2020-06-07,213800.0,55726.0,51101.0,46320.0,254402.0,406089.0,433255.0,39755.0
2020-06-08,215399.0,57425.0,53665.0,49358.0,285123.0,366273.0,473869.0,40614.0
2020-06-09,215004.0,58147.0,55691.0,52000.0,318009.0,329849.0,514310.0,40441.0
2020-06-10,210930.0,58425.0,56785.0,53772.0,352061.0,296588.0,554552.0,40242.0
2020-06-11,205242.0,57344.0,56798.0,55087.0,386375.0,266217.0,593521.0,38969.0
2020-06-12,197220.0,56276.0,56368.0,56086.0,422079.0,239376.0,631288.0,37767.0
2020-06-13,187704.0,54294.0,55484.0,56171.0,457769.0,215086.0,667583.0,36295.0
2020-06-14,177317.0,52526.0,54337.0,55671.0,493412.0,193430.0,702081.0,34498.0
2020-06-15,166083.0,49337.0,52922.0,54291.0,528832.0,174708.0,734635.0,32554.0
2020-06-16,153809.0,46533.0,50489.0,52756.0,564862.0,158310.0,764708.0,30073.0
2020-06-17,142142.0,43742.0,47951.0,50607.0,598446.0,144821.0,792837.0,28129.0
2020-06-18,130653.0,40293.0,45138.0,48528.0,630859.0,132654.0,818660.0,25823.0
2020-06-19,118988.0,37231.0,41797.0,46205.0,660598.0,122426.0,842220.0,23560.0
2020-06-20,107654.0,34403.0,38632.0,43346.0,688903.0,114166.0,863780.0,21560.0
2020-06-21,97669.0,31459.0,35965.0,40196.0,715670.0,106454.0,883362.0,19582.0
2020-06-22,88362.0,28396.0,32919.0,37250.0,741252.0,100419.0,900887.0,17525.0
2020-06-23,80104.0,25383.0,30111.0,34535.0,763974.0,94896.0,916594.0,15707.0
2020-06-24,71948.0,22934.0,27279.0,31828.0,784717.0,90008.0,930939.0,14345.0
2020-06-25,64150.0,20947.0,24667.0,28936.0,804387.0,85876.0,943949.0,13010.0
2020-06-26,57050.0,18902.0,22426.0,26067.0,821359.0,82145.0,955584.0,11635.0
2020-06-27,50914.0,16894.0,20025.0,23899.0,837362.0,79097.0,965941.0,10357.0
2020-06-28,45467.0,14911.0,17910.0,21745.0,853083.0,76364.0,975050.0,9109.0
2020-06-29,40163.0,13411.0,16226.0,19720.0,865126.0,74193.0,983283.0,8233.0
2020-06-30,35759.0,12087.0,14372.0,17608.0,875613.0,72693.0,990394.0,7111.0
2020-07-01,31583.0,10720.0,12983.0,15682.0,886385.0,70919.0,996971.0,6577.0
2020-07-02,28150.0,9385.0,11582.0,14057.0,896331.0,69121.0,1002590.0,5619.0
2020-07-03,25086.0,8551.0,10258.0,12610.0,906311.0,68082.0,1007755.0,5165.0
2020-07-04,22139.0,7596.0,9204.0,11283.0,913387.0,67067.0,1012329.0,4574.0
2020-07-05,19706.0,6774.0,8131.0,9943.0,920040.0,66093.0,1016281.0,3952.0
2020-07-06,17343.0,6048.0,7286.0,8875.0,924786.0,65254.0,1019918.0,3637.0
