time,E,I1,I2,I3,R,S,cumI,diffI
2020-03-06,0.0,1.0,1.0,0.0,0.0,969874.0,0.0,0.0
2020-03-07,0.0,0.0,1.0,0.0,0.0,971564.0,0.0,0.0
2020-03-08,0.0,0.0,1.0,0.0,0.0,978284.0,0.0,0.0
2020-03-09,0.0,0.0,0.0,0.0,0.0,985963.0,0.0,0.0
2020-03-10,0.0,0.0,0.0,0.0,0.0,990807.0,0.0,0.0
2020-03-11,0.0,0.0,1.0,0.0,0.0,996585.0,1.0,1.0
2020-03-12,1.0,0.0,1.0,0.0,0.0,999999.0,1.0,0.0
2020-03-13,1.0,0.0,0.0,1.0,0.0,1003421.0,1.0,0.0
2020-03-14,1.0,0.0,0.0,0.0,0.0,1004548.0,1.0,0.0
2020-03-15,1.0,0.0,0.0,0.0,1.0,1005809.0,1.0,0.0
2020-03-16,2.0,0.0,0.0,0.0,2.0,1006734.0,1.0,0.0
2020-03-17,1.0,0.0,0.0,0.0,2.0,1008928.0,1.0,0.0
2020-03-18,2.0,3.0,1.0,0.0,2.0,1010171.0,4.0,3.0
2020-03-19,7.0,2.0,0.0,1.0,4.0,1011309.0,4.0,0.0
2020-03-20,6.0,0.0,1.0,0.0,5.0,1011158.0,4.0,0.0
2020-03-21,3.0,0.0,1.0,0.0,3.0,1010727.0,5.0,1.0
2020-03-22,4.0,0.0,0.0,0.0,5.0,1011221.0,5.0,0.0
2020-03-23,3.0,1.0,0.0,1.0,4.0,1012097.0,6.0,1.0
2020-03-24,4.0,1.0,3.0,1.0,4.0,1013324.0,7.0,1.0
2020-03-25,3.0,0.0,2.0,1.0,1.0,1014270.0,7.0,0.0
2020-03-26,6.0,2.0,1.0,0.0,1.0,1014931.0,9.0,2.0
2020-03-27,9.0,0.0,4.0,1.0,3.0,1014806.0,9.0,0.0
2020-03-28,11.0,2.0,2.0,2.0,5.0,1016165.0,12.0,3.0
2020-03-29,15.0,1.0,1.0,2.0,9.0,1015250.0,13.0,1.0
2020-03-30,17.0,4.0,1.0,3.0,9.0,1015342.0,16.0,3.0
2020-03-31,16.0,2.0,2.0,2.0,8.0,1014841.0,17.0,1.0
2020-04-01,16.0,4.0,2.0,1.0,14.0,1015611.0,21.0,4.0
2020-04-02,13.0,3.0,3.0,2.0,13.0,1015541.0,26.0,5.0
2020-04-03,18.0,3.0,3.0,2.0,18.0,1016451.0,28.0,2.0
2020-04-04,23.0,6.0,3.0,5.0,16.0,1015911.0,31.0,3.0
2020-04-05,29.0,6.0,5.0,5.0,19.0,1016556.0,34.0,3.0
2020-04-06,48.0,12.0,7.0,9.0,22.0,1017555.0,41.0,7.0
2020-04-07,64.0,12.0,7.0,7.0,33.0,1016852.0,50.0,9.0
2020-04-08,73.0,22.0,9.0,9.0,36.0,1016297.0,64.0,14.0
2020-04-09,91.0,18.0,15.0,6.0,40.0,1016142.0,78.0,14.0
2020-04-10,105.0,23.0,15.0,15.0,45.0,1016356.0,97.0,19.0
2020-04-11,137.0,22.0,18.0,16.0,65.0,1016778.0,116.0,19.0
2020-04-12,174.0,39.0,32.0,19.0,73.0,1016805.0,149.0,33.0
2020-04-13,221.0,41.0,34.0,23.0,99.0,1015725.0,177.0,28.0
2020-04-14,246.0,42.0,37.0,28.0,105.0,1016027.0,211.0,34.0
2020-04-15,265.0,67.0,46.0,33.0,135.0,1015342.0,266.0,55.0
2020-04-16,287.0,70.0,52.0,37.0,154.0,1016026.0,322.0,56.0
2020-04-17,354.0,74.0,60.0,53.0,180.0,1016697.0,378.0,56.0
2020-04-18,427.0,82.0,63.0,45.0,235.0,1018004.0,437.0,59.0
2020-04-19,476.0,105.0,73.0,51.0,266.0,1017901.0,520.0,83.0
2020-04-20,586.0,110.0,119.0,67.0,312.0,1018251.0,613.0,93.0
2020-04-21,731.0,140.0,145.0,94.0,369.0,1019494.0,732.0,119.0
2020-04-22,876.0,172.0,147.0,123.0,430.0,1019449.0,870.0,138.0
2020-04-23,1068.0,204.0,177.0,150.0,523.0,1017469.0,1036.0,166.0
2020-04-24,1212.0,241.0,227.0,167.0,596.0,1017817.0,1226.0,190.0
2020-04-25,1456.0,324.0,258.0,192.0,706.0,1017982.0,1477.0,251.0
2020-04-26,1698.0,356.0,314.0,224.0,872.0,1018617.0,1774.0,297.0
2020-04-27,2076.0,451.0,366.0,293.0,1027.0,1018012.0,2116.0,342.0
2020-04-28,2562.0,547.0,420.0,350.0,1207.0,1017142.0,2505.0,389.0
2020-04-29,2991.0,649.0,540.0,385.0,1472.0,1016690.0,3034.0,529.0
2020-04-30,3548.0,759.0,626.0,484.0,1706.0,1015554.0,3617.0,583.0
2020-05-01,4162.0,908.0,744.0,561.0,2004.0,1014880.0,4342.0,725.0
2020-05-02,4899.0,1069.0,831.0,649.0,2370.0,1012553.0,5187.0,845.0
2020-05-03,5936.0,1251.0,1004.0,765.0,2817.0,1010768.0,6175.0,988.0
2020-05-04,7062.0,1521.0,1182.0,897.0,3423.0,1006974.0,7387.0,1212.0
2020-05-05,8438.0,1816.0,1410.0,1096.0,4037.0,1005703.0,8837.0,1450.0
2020-05-06,9906.0,2096.0,1689.0,1351.0,4798.0,1002732.0,10473.0,1636.0
2020-05-07,11744.0,2426.0,2007.0,1580.0,5788.0,999715.0,12425.0,1952.0
2020-05-08,13885.0,3033.0,2375.0,1867.0,6868.0,994785.0,14813.0,2388.0
2020-05-09,16343.0,3578.0,2812.0,2203.0,8151.0,989771.0,17643.0,2830.0
2020-05-10,19408.0,4196.0,3308.0,2697.0,9758.0,983660.0,20925.0,3282.0
2020-05-11,22702.0,5022.0,3953.0,3049.0,11718.0,977398.0,24899.0,3974.0
2020-05-12,26824.0,5829.0,4623.0,3689.0,13761.0,967561.0,29406.0,4507.0
2020-05-13,31442.0,6850.0,5355.0,4390.0,16258.0,957349.0,34805.0,5399.0
2020-05-14,36642.0,8135.0,6385.0,5109.0,19345.0,946952.0,41108.0,6303.0
2020-05-15,42645.0,9406.0,7623.0,5936.0,22795.0,933919.0,48444.0,7336.0
2020-05-16,50235.0,11011.0,8991.0,7044.0,26945.0,918549.0,57047.0,8603.0
2020-05-17,58434.0,12851.0,10456.0,8226.0,31904.0,900260.0,67123.0,10076.0
2020-05-18,67963.0,15097.0,12045.0,9765.0,37592.0,881303.0,78802.0,11679.0
2020-05-19,77997.0,17356.0,14105.0,11503.0,44043.0,859004.0,92072.0,13270.0
2020-05-20,89048.0,19978.0,16275.0,13168.0,52171.0,834289.0,107392.0,15320.0
2020-05-21,101557.0,22942.0,18719.0,15220.0,61550.0,804852.0,124804.0,17412.0
2020-05-22,113670.0,26020.0,21483.0,17710.0,71944.0,773172.0,144891.0,20087.0
2020-05-23,127121.0,29275.0,24520.0,20163.0,83871.0,739505.0,167021.0,22130.0
2020-05-24,141551.0,32798.0,27794.0,22841.0,97686.0,702428.0,191843.0,24822.0
2020-05-25,154858.0,36690.0,30971.0,26113.0,113203.0,662612.0,219212.0,27369.0
2020-05-26,168889.0,40505.0,34600.0,29518.0,131297.0,620667.0,248895.0,29683.0
2020-05-27,181570.0,43742.0,38439.0,32808.0,151024.0,577627.0,281056.0,32161.0
2020-05-28,192369.0,47582.0,41822.0,36356.0,173023.0,533798.0,315918.0,34862.0
2020-05-29,201352.0,50489.0,45531.0,39751.0,197919.0,489822.0,352450.0,36532.0
2020-05-30,208869.0,52915.0,48583.0,43444.0,224841.0,446896.0,390444.0,37994.0
2020-05-31,213239.0,55479.0,51130.0,46360.0,252996.0,406830.0,429957.0,39513.0
2020-06-01,214780.0,56780.0,53521.0,48909.0,284214.0,367683.0,469786.0,39829.0
2020-06-02,213941.0,57858.0,55345.0,51652.0,316712.0,330926.0,510216.0,40430.0
2020-06-03,210433.0,58118.0,56478.0,53327.0,350313.0,297442.0,550219.0,40003.0
2020-06-04,204619.0,57426.0,56704.0,55118.0,384909.0,266872.0,589429.0,39210.0
2020-06-05,196400.0,56283.0,56996.0,55544.0,420580.0,239466.0,627434.0,38005.0
2020-06-06,186641.0,54626.0,56070.0,56255.0,456031.0,215786.0,664235.0,36801.0
2020-06-07,176338.0,52199.0,54281.0,55684.0,492542.0,194277.0,698515.0,34280.0
2020-06-08,165556.0,49680.0,52467.0,54402.0,528216.0,175562.0,731048.0,32533.0
2020-06-09,153430.0,47088.0,50148.0,52947.0,562766.0,160007.0,761540.0,30492.0
2020-06-10,141874.0,43648.0,47573.0,50882.0,596569.0,145575.0,789454.0,27914.0
2020-06-11,130121.0,40505.0,45061.0,48541.0,628053.0,133988.0,815266.0,25812.0
2020-06-12,119106.0,37229.0,42304.0,45666.0,658184.0,123614.0,838877.0,23611.0
2020-06-13,108485.0,34128.0,38818.0,43274.0,685311.0,114684.0,860393.0,21516.0
2020-06-14,98446.0,31124.0,35976.0,40307.0,712537.0,106803.0,880046.0,19653.0
2020-06-15,88759.0,28391.0,32858.0,37097.0,738255.0,100545.0,897786.0,17740.0
2020-06-16,79884.0,25923.0,29883.0,34444.0,761432.0,95111.0,913733.0,15947.0
2020-06-17,71543.0,23080.0,27450.0,31445.0,782212.0,90414.0,928065.0,14332.0
2020-06-18,64166.0,20998.0,24737.0,28789.0,801290.0,86061.0,941194.0,13129.0
2020-06-19,57266.0,18877.0,22531.0,26240.0,818679.0,82511.0,952803.0,11609.0
2020-06-20,51074.0,17104.0,20316.0,23807.0,835050.0,79624.0,963292.0,10489.0
2020-06-21,45829.0,15194.0,18210.0,21468.0,848171.0,77163.0,972530.0,9238.0
2020-06-22,41128.0,13520.0,16277.0,19370.0,862215.0,74919.0,980770.0,8240.0
2020-06-23,36359.0,12241.0,14506.0,17750.0,875386.0,72754.0,988170.0,7400.0
2020-06-24,31977.0,10918.0,13141.0,15684.0,885696.0,70525.0,994810.0,6640.0
2020-06-25,28451.0,9644.0,11430.0,14086.0,895165.0,68831.0,1000580.0,5770.0
2020-06-26,25134.0,8636.0,10292.0,12716.0,903189.0,67941.0,1005709.0,5129.0
2020-06-27,22309.0,7549.0,9271.0,11243.0,910781.0,66736.0,1010240.0,4531.0
2020-06-28,19752.0,6684.0,8118.0,9984.0,917783.0,65707.0,1014209.0,3969.0
2020-06-29,17520.0,5834.0,7138.0,8864.0,922104.0,64961.0,1017738.0,3529.0
2020-06-30,15528.0,5287.0,6330.0,7680.0,927205.0,64187.0,1020912.0,3174.0
2020-07-01,13827.0,4652.0,5611.0,6927.0,930927.0,63599.0,1023628.0,2716.0
2020-07-02,12158.0,4175.0,4960.0,6132.0,937719.0,63057.0,1026097.0,2469.0
2020-07-03,10722.0,3717.0,4328.0,5518.0,941247.0,62733.0,1028293.0,2196.0
2020-07-04,9425.0,3246.0,3923.0,4816.0,944146.0,62247.0,1030205.0,1912.0
2020-07-05,8244.0,2893.0,3390.0,4333.0,946493.0,61653.0,1031947.0,1742.0
2020-07-06,7312.0,2512.0,3054.0,3804.0,949364.0,61478.0,1033414.0,1467.0
