time,E,I1,I2,I3,R,S,cumI,diffI
2020-03-06,0.0,3.0,0.0,0.0,0.0,969611.0,0.0,0.0
2020-03-07,2.0,1.0,0.0,0.0,0.0,973673.0,0.0,0.0
2020-03-08,3.0,1.0,1.0,0.0,0.0,979662.0,0.0,0.0
2020-03-09,2.0,1.0,2.0,0.0,0.0,986257.0,1.0,1.0
2020-03-10,2.0,0.0,1.0,0.0,0.0,992759.0,1.0,0.0
2020-03-11,2.0,0.0,2.0,0.0,0.0,996610.0,2.0,1.0
2020-03-12,3.0,0.0,0.0,1.0,1.0,999830.0,2.0,0.0
2020-03-13,3.0,0.0,0.0,1.0,1.0,1002213.0,2.0,0.0
2020-03-14,3.0,0.0,1.0,1.0,0.0,1004753.0,3.0,1.0
2020-03-15,3.0,0.0,0.0,1.0,1.0,1006255.0,3.0,0.0
2020-03-16,3.0,0.0,0.0,0.0,1.0,1007441.0,3.0,0.0
2020-03-17,4.0,0.0,0.0,0.0,1.0,1009648.0,3.0,0.0
2020-03-18,3.0,1.0,0.0,1.0,1.0,1010653.0,5.0,2.0
2020-03-19,3.0,1.0,1.0,0.0,3.0,1011088.0,6.0,1.0
2020-03-20,9.0,1.0,1.0,1.0,2.0,1012034.0,7.0,1.0
2020-03-21,6.0,1.0,2.0,0.0,2.0,1012196.0,8.0,1.0
2020-03-22,6.0,0.0,2.0,0.0,3.0,1011612.0,9.0,1.0
2020-03-23,5.0,0.0,2.0,2.0,4.0,1012994.0,10.0,1.0
2020-03-24,6.0,2.0,1.0,2.0,4.0,1013964.0,12.0,2.0
2020-03-25,7.0,0.0,2.0,2.0,5.0,1013743.0,12.0,0.0
2020-03-26,11.0,0.0,2.0,2.0,7.0,1014268.0,13.0,1.0
2020-03-27,19.0,1.0,0.0,1.0,4.0,1015523.0,13.0,0.0
2020-03-28,15.0,1.0,1.0,0.0,5.0,1016967.0,16.0,3.0
2020-03-29,17.0,1.0,2.0,2.0,5.0,1016630.0,16.0,0.0
2020-03-30,12.0,1.0,1.0,2.0,6.0,1016304.0,18.0,2.0
2020-03-31,20.0,0.0,3.0,2.0,11.0,1014664.0,18.0,0.0
2020-04-01,25.0,2.0,3.0,3.0,12.0,1015081.0,20.0,2.0
2020-04-02,37.0,4.0,4.0,3.0,11.0,1016742.0,22.0,2.0
2020-04-03,35.0,7.0,5.0,5.0,12.0,1017723.0,30.0,8.0
2020-04-04,44.0,11.0,4.0,8.0,15.0,1016891.0,39.0,9.0
2020-04-05,59.0,17.0,10.0,5.0,13.0,1018275.0,49.0,10.0
2020-04-06,75.0,22.0,13.0,13.0,18.0,1016996.0,66.0,17.0
2020-04-07,93.0,18.0,17.0,10.0,32.0,1016777.0,75.0,9.0
2020-04-08,108.0,30.0,16.0,15.0,38.0,1018675.0,103.0,28.0
2020-04-09,115.0,22.0,26.0,16.0,41.0,1017594.0,119.0,16.0
2020-04-10,149.0,31.0,25.0,15.0,67.0,1017230.0,141.0,22.0
2020-04-11,183.0,37.0,28.0,23.0,91.0,1017806.0,169.0,28.0
2020-04-12,214.0,45.0,40.0,29.0,97.0,1017875.0,213.0,44.0
2020-04-13,240.0,57.0,33.0,32.0,112.0,1019521.0,250.0,37.0
2020-04-14,296.0,76.0,53.0,33.0,144.0,1019417.0,308.0,58.0
2020-04-15,372.0,79.0,59.0,40.0,195.0,1019456.0,368.0,60.0
2020-04-16,410.0,84.0,84.0,47.0,211.0,1020424.0,436.0,68.0
2020-04-17,457.0,112.0,84.0,59.0,237.0,1021188.0,526.0,90.0
2020-04-18,551.0,132.0,117.0,76.0,299.0,1020155.0,629.0,103.0
2020-04-19,715.0,164.0,120.0,107.0,313.0,1018673.0,751.0,122.0
2020-04-20,848.0,173.0,153.0,126.0,406.0,1018952.0,899.0,148.0
2020-04-21,1020.0,229.0,169.0,149.0,450.0,1018709.0,1072.0,173.0
2020-04-22,1226.0,253.0,217.0,168.0,567.0,1018786.0,1263.0,191.0
2020-04-23,1415.0,306.0,229.0,199.0,682.0,1017936.0,1509.0,246.0
2020-04-24,1703.0,340.0,264.0,223.0,811.0,1017480.0,1781.0,272.0
2020-04-25,1985.0,437.0,333.0,272.0,991.0,1017125.0,2129.0,348.0
2020-04-26,2278.0,491.0,391.0,317.0,1130.0,1017272.0,2543.0,414.0
2020-04-27,2714.0,578.0,464.0,369.0,1368.0,1017424.0,3015.0,472.0
2020-04-28,3306.0,687.0,574.0,460.0,1617.0,1016965.0,3550.0,535.0
2020-04-29,3895.0,869.0,674.0,550.0,1887.0,1015119.0,4249.0,699.0
2020-04-30,4673.0,970.0,741.0,686.0,2304.0,1013956.0,5016.0,767.0
2020-05-01,5601.0,1148.0,921.0,752.0,2785.0,1011904.0,5925.0,909.0
2020-05-02,6698.0,1410.0,1078.0,872.0,3348.0,1010072.0,7026.0,1101.0
2020-05-03,7808.0,1705.0,1379.0,998.0,3968.0,1006953.0,8413.0,1387.0
2020-05-04,9292.0,2014.0,1639.0,1247.0,4769.0,1004298.0,9996.0,1583.0
2020-05-05,11049.0,2373.0,1869.0,1488.0,5616.0,1000432.0,11878.0,1882.0
2020-05-06,13063.0,2778.0,2230.0,1691.0,6603.0,996994.0,14076.0,2198.0
2020-05-07,15318.0,3344.0,2634.0,1958.0,7890.0,992334.0,16672.0,2596.0
2020-05-08,18181.0,4001.0,3108.0,2492.0,9265.0,986168.0,19751.0,3079.0
2020-05-09,21533.0,4746.0,3675.0,2873.0,10972.0,980109.0,23439.0,3688.0
2020-05-10,25490.0,5573.0,4443.0,3368.0,12937.0,973037.0,27775.0,4336.0
2020-05-11,29935.0,6499.0,5193.0,4021.0,15474.0,964676.0,32831.0,5056.0
2020-05-12,35190.0,7680.0,6015.0,4790.0,18181.0,953192.0,38787.0,5956.0
2020-05-13,40904.0,8891.0,7177.0,5635.0,21761.0,941187.0,45651.0,6864.0
2020-05-14,47820.0,10486.0,8285.0,6607.0,25617.0,925824.0,53661.0,8010.0
2020-05-15,55464.0,12260.0,9643.0,7787.0,30284.0,908077.0,63027.0,9366.0
2020-05-16,64280.0,14269.0,11562.0,9235.0,35689.0,890267.0,74117.0,11090.0
2020-05-17,73970.0,16502.0,13393.0,10890.0,41821.0,869406.0,86881.0,12764.0
2020-05-18,85137.0,19012.0,15410.0,12447.0,49235.0,844989.0,101262.0,14381.0
2020-05-19,97056.0,22005.0,17736.0,14493.0,57936.0,816712.0,118075.0,16813.0
2020-05-20,109749.0,24861.0,20808.0,16652.0,67778.0,785242.0,137102.0,19027.0
2020-05-21,123590.0,28028.0,23316.0,19496.0,79581.0,751452.0,158313.0,21211.0
2020-05-22,136979.0,31592.0,26151.0,22201.0,92452.0,715279.0,182324.0,24011.0
2020-05-23,150728.0,35721.0,29908.0,24975.0,107650.0,676110.0,209433.0,27109.0
2020-05-24,163979.0,38865.0,33728.0,28238.0,124570.0,635889.0,238344.0,28911.0
2020-05-25,177598.0,42693.0,37069.0,31654.0,143602.0,592535.0,270204.0,31860.0
2020-05-26,189143.0,46593.0,40542.0,35423.0,164597.0,548233.0,304507.0,34303.0
2020-05-27,199617.0,49879.0,44299.0,38746.0,188334.0,503661.0,340594.0,36087.0
2020-05-28,207355.0,52792.0,47539.0,42116.0,214441.0,460100.0,378499.0,37905.0
2020-05-29,211923.0,54755.0,50749.0,45351.0,242770.0,418554.0,417769.0,39270.0
2020-05-30,215172.0,56826.0,52884.0,48598.0,273786.0,378400.0,457605.0,39836.0
2020-05-31,214560.0,57517.0,55125.0,51260.0,306416.0,340889.0,498037.0,40432.0
2020-06-01,212346.0,57860.0,56245.0,53744.0,339859.0,306691.0,538328.0,40291.0
2020-06-02,207052.0,57498.0,56744.0,55063.0,374806.0,275234.0,577535.0,39207.0
2020-06-03,199108.0,56679.0,56875.0,55710.0,410631.0,247385.0,616208.0,38673.0
2020-06-04,190423.0,55257.0,56271.0,56268.0,445863.0,222566.0,653100.0,36892.0
2020-06-05,180447.0,53337.0,54868.0,55629.0,482325.0,199915.0,688306.0,35206.0
2020-06-06,169386.0,50876.0,53005.0,55018.0,518411.0,180492.0,721597.0,33291.0
2020-06-07,158096.0,47756.0,50808.0,53452.0,553829.0,163738.0,752577.0,30980.0
2020-06-08,146021.0,44544.0,48491.0,51372.0,587235.0,149369.0,781284.0,28707.0
2020-06-09,134561.0,41280.0,45638.0,49316.0,620180.0,136626.0,807576.0,26292.0
2020-06-10,122297.0,38316.0,43000.0,46926.0,650589.0,126352.0,832070.0,24494.0
2020-06-11,111962.0,35158.0,39595.0,43978.0,679328.0,117036.0,854050.0,21980.0
2020-06-12,101672.0,32227.0,36335.0,40976.0,706862.0,109285.0,874109.0,20059.0
2020-06-13,91498.0,29013.0,33731.0,38263.0,732638.0,102445.0,892298.0,18189.0
2020-06-14,82516.0,26633.0,31057.0,35073.0,755972.0,96619.0,908758.0,16460.0
2020-06-15,73980.0,23939.0,28322.0,32310.0,777364.0,92012.0,923662.0,14904.0
2020-06-16,66249.0,21781.0,25561.0,29715.0,797302.0,87879.0,937175.0,13513.0
2020-06-17,59273.0,19368.0,23218.0,26932.0,814384.0,83797.0,949018.0,11843.0
2020-06-18,53076.0,17386.0,20833.0,24443.0,830615.0,80273.0,959652.0,10634.0
2020-06-19,47366.0,15825.0,18706.0,22180.0,844867.0,77739.0,969346.0,9694.0
2020-06-20,42181.0,14127.0,16925.0,19818.0,859502.0,75238.0,977876.0,8530.0
2020-06-21,37186.0,12610.0,15039.0,17964.0,872462.0,73052.0,985527.0,7651.0
2020-06-22,32943.0,11187.0,13463.0,15949.0,882061.0,71203.0,992281.0,6754.0
2020-06-23,29265.0,9749.0,11944.0,14458.0,891673.0,70021.0,998140.0,5859.0
2020-06-24,25949.0,8763.0,10577.0,12963.0,901490.0,68681.0,1003373.0,5233.0
2020-06-25,23005.0,7845.0,9456.0,11367.0,909970.0,67347.0,1008053.0,4680.0
2020-06-26,20448.0,6742.0,8454.0,10117.0,916641.0,66209.0,1012231.0,4178.0
2020-06-27,17984.0,6264.0,7456.0,9117.0,921514.0,65491.0,1016004.0,3773.0
2020-06-28,15911.0,5483.0,6691.0,8060.0,927294.0,64479.0,1019220.0,3216.0
2020-06-29,14333.0,4798.0,5752.0,7201.0,931668.0,64053.0,1022037.0,2817.0
2020-06-30,12676.0,4360.0,5213.0,6398.0,936526.0,63617.0,1024718.0,2681.0
2020-07-01,11157.0,3742.0,4764.0,5624.0,940538.0,63215.0,1026992.0,2274.0
2020-07-02,9800.0,3351.0,4128.0,5079.0,944193.0,62501.0,1029045.0,2053.0
2020-07-03,8624.0,3057.0,3591.0,4476.0,946683.0,62065.0,1030895.0,1850.0
2020-07-04,7620.0,2609.0,3332.0,3865.0,949307.0,61682.0,1032417.0,1522.0
2020-07-05,6692.0,2294.0,2977.0,3496.0,952713.0,61104.0,1033810.0,1393.0
2020-07-06,5881.0,1989.0,2529.0,3159.0,954873.0,60562.0,1035022.0,1212.0
