time,E,I1,I2,I3,R,S,cumI,diffI
2020-03-06,0.0,3.0,0.0,0.0,0.0,969980.0,0.0,0.0
2020-03-07,1.0,0.0,3.0,0.0,0.0,973064.0,0.0,0.0
2020-03-08,2.0,0.0,0.0,3.0,0.0,979228.0,0.0,0.0
2020-03-09,0.0,1.0,1.0,1.0,0.0,986246.0,2.0,2.0
2020-03-10,3.0,0.0,1.0,1.0,1.0,992538.0,2.0,0.0
2020-03-11,4.0,0.0,1.0,0.0,2.0,996067.0,2.0,0.0
2020-03-12,1.0,2.0,1.0,0.0,1.0,999824.0,4.0,2.0
2020-03-13,1.0,2.0,1.0,0.0,1.0,1002994.0,4.0,0.0
2020-03-14,2.0,1.0,2.0,0.0,0.0,1005588.0,4.0,0.0
2020-03-15,2.0,1.0,1.0,0.0,0.0,1006723.0,4.0,0.0
2020-03-16,3.0,1.0,1.0,0.0,1.0,1008008.0,5.0,1.0
2020-03-17,1.0,2.0,0.0,0.0,1.0,1009097.0,6.0,1.0
2020-03-18,4.0,0.0,2.0,0.0,2.0,1008979.0,6.0,0.0
2020-03-19,2.0,1.0,1.0,0.0,3.0,1011351.0,7.0,1.0
2020-03-20,4.0,1.0,1.0,1.0,2.0,1011778.0,7.0,0.0
2020-03-21,7.0,0.0,1.0,1.0,3.0,1013500.0,7.0,0.0
2020-03-22,6.0,1.0,0.0,1.0,4.0,1012604.0,8.0,1.0
2020-03-23,7.0,0.0,2.0,0.0,5.0,1012392.0,9.0,1.0
2020-03-24,6.0,1.0,0.0,2.0,2.0,1011642.0,10.0,1.0
2020-03-25,8.0,3.0,1.0,2.0,3.0,1012878.0,11.0,1.0
2020-03-26,7.0,2.0,3.0,1.0,4.0,1014227.0,13.0,2.0
2020-03-27,9.0,5.0,4.0,2.0,9.0,1014984.0,17.0,4.0
2020-03-28,11.0,6.0,3.0,3.0,6.0,1014175.0,20.0,3.0
2020-03-29,9.0,3.0,5.0,1.0,5.0,1014100.0,24.0,4.0
2020-03-30,13.0,3.0,7.0,1.0,6.0,1015951.0,25.0,1.0
2020-03-31,21.0,1.0,3.0,2.0,11.0,1015988.0,26.0,1.0
2020-04-01,22.0,4.0,1.0,4.0,10.0,1014347.0,30.0,4.0
2020-04-02,22.0,6.0,5.0,4.0,10.0,1015323.0,36.0,6.0
2020-04-03,36.0,6.0,6.0,4.0,15.0,1015545.0,41.0,5.0
2020-04-04,43.0,5.0,9.0,3.0,19.0,1014882.0,44.0,3.0
2020-04-05,47.0,8.0,10.0,3.0,19.0,1015063.0,51.0,7.0
2020-04-06,59.0,10.0,6.0,9.0,21.0,1015687.0,60.0,9.0
2020-04-07,71.0,13.0,9.0,6.0,32.0,1016138.0,67.0,7.0
2020-04-08,85.0,16.0,14.0,7.0,49.0,1016698.0,80.0,13.0
2020-04-09,99.0,24.0,14.0,17.0,60.0,1016473.0,98.0,18.0
2020-04-10,120.0,26.0,18.0,10.0,60.0,1016697.0,118.0,20.0
2020-04-11,145.0,29.0,22.0,16.0,62.0,1016929.0,141.0,23.0
2020-04-12,180.0,38.0,30.0,25.0,78.0,1017708.0,169.0,28.0
2020-04-13,213.0,57.0,31.0,24.0,89.0,1016458.0,211.0,42.0
2020-04-14,259.0,61.0,36.0,26.0,107.0,1019535.0,250.0,39.0
2020-04-15,330.0,67.0,55.0,28.0,145.0,1018360.0,296.0,46.0
2020-04-16,351.0,100.0,50.0,41.0,157.0,1018837.0,363.0,67.0
2020-04-17,400.0,79.0,86.0,45.0,197.0,1018722.0,435.0,72.0
2020-04-18,477.0,100.0,106.0,62.0,232.0,1018266.0,526.0,91.0
2020-04-19,610.0,141.0,96.0,86.0,293.0,1018129.0,640.0,114.0
2020-04-20,738.0,162.0,139.0,91.0,363.0,1016859.0,773.0,133.0
2020-04-21,895.0,185.0,150.0,131.0,431.0,1017206.0,937.0,164.0
2020-04-22,982.0,227.0,154.0,156.0,500.0,1017961.0,1115.0,178.0
2020-04-23,1161.0,247.0,191.0,167.0,634.0,1018251.0,1288.0,173.0
2020-04-24,1367.0,307.0,218.0,182.0,741.0,1018155.0,1521.0,233.0
2020-04-25,1695.0,371.0,277.0,189.0,848.0,1017982.0,1771.0,250.0
2020-04-26,1964.0,445.0,326.0,264.0,961.0,1016428.0,2113.0,342.0
2020-04-27,2378.0,498.0,422.0,314.0,1121.0,1017125.0,2488.0,375.0
2020-04-28,2806.0,574.0,469.0,367.0,1371.0,1015678.0,2946.0,458.0
2020-04-29,3205.0,687.0,542.0,438.0,1578.0,1016100.0,3509.0,563.0
2020-04-30,3773.0,780.0,648.0,482.0,1884.0,1014390.0,4106.0,597.0
2020-05-01,4442.0,958.0,731.0,603.0,2183.0,1013717.0,4875.0,769.0
2020-05-02,5381.0,1159.0,879.0,721.0,2589.0,1010698.0,5760.0,885.0
2020-05-03,6210.0,1373.0,1042.0,830.0,3139.0,1008577.0,6849.0,1089.0
2020-05-04,7413.0,1580.0,1292.0,1011.0,3721.0,1006747.0,8097.0,1248.0
2020-05-05,8709.0,1891.0,1507.0,1238.0,4373.0,1003627.0,9611.0,1514.0
2020-05-06,10339.0,2207.0,1797.0,1395.0,5220.0,1000853.0,11315.0,1704.0
2020-05-07,12395.0,2641.0,2045.0,1642.0,6270.0,997607.0,13393.0,2078.0
2020-05-08,14516.0,3066.0,2479.0,1870.0,7376.0,992737.0,15767.0,2374.0
2020-05-09,17113.0,3751.0,2906.0,2242.0,8762.0,988885.0,18713.0,2946.0
2020-05-10,20182.0,4385.0,3405.0,2726.0,10218.0,983267.0,22109.0,3396.0
2020-05-11,23911.0,5094.0,4161.0,3258.0,12199.0,975271.0,26079.0,3970.0
2020-05-12,28057.0,6030.0,4751.0,3846.0,14447.0,966213.0,30742.0,4663.0
2020-05-13,33013.0,7264.0,5680.0,4520.0,16987.0,956648.0,36414.0,5672.0
2020-05-14,38689.0,8347.0,6803.0,5243.0,20148.0,945152.0,42932.0,6518.0
2020-05-15,45058.0,10166.0,7968.0,6269.0,23924.0,930723.0,50754.0,7822.0
2020-05-16,53079.0,11524.0,9230.0,7469.0,28179.0,915302.0,59640.0,8886.0
2020-05-17,61296.0,13465.0,10857.0,8768.0,33270.0,897045.0,70060.0,10420.0
2020-05-18,70648.0,15808.0,12671.0,10157.0,39550.0,877604.0,82229.0,12169.0
2020-05-19,81102.0,18148.0,14747.0,11848.0,46386.0,852799.0,96200.0,13971.0
2020-05-20,92430.0,20667.0,16936.0,13890.0,54745.0,825944.0,112097.0,15897.0
2020-05-21,104676.0,23764.0,19716.0,15811.0,63949.0,797373.0,130426.0,18329.0
2020-05-22,117697.0,27045.0,22361.0,18248.0,74833.0,764123.0,151199.0,20773.0
2020-05-23,131713.0,30682.0,25342.0,20925.0,87382.0,729857.0,174315.0,23116.0
2020-05-24,145582.0,34047.0,28898.0,23731.0,101754.0,693065.0,199820.0,25505.0
2020-05-25,159551.0,37539.0,31992.0,26978.0,118018.0,652838.0,227686.0,27866.0
2020-05-26,172626.0,41601.0,35816.0,30280.0,136626.0,610139.0,258431.0,30745.0
2020-05-27,184326.0,45394.0,39228.0,33570.0,156877.0,566432.0,291823.0,33392.0
2020-05-28,195456.0,48681.0,42782.0,37569.0,179933.0,523026.0,327238.0,35415.0
2020-05-29,204302.0,51947.0,45963.0,40841.0,205201.0,480184.0,364633.0,37395.0
2020-05-30,210699.0,54694.0,49519.0,44130.0,231725.0,436630.0,403629.0,38996.0
2020-05-31,214583.0,56205.0,52351.0,47330.0,261465.0,396150.0,443495.0,39866.0
2020-06-01,215195.0,57659.0,53943.0,50317.0,291994.0,357385.0,484048.0,40553.0
2020-06-02,213427.0,57941.0,55899.0,51912.0,325543.0,322236.0,524648.0,40600.0
2020-06-03,209585.0,57623.0,56611.0,53708.0,359193.0,289599.0,564256.0,39608.0
2020-06-04,203680.0,57198.0,56658.0,54915.0,393932.0,259965.0,602966.0,38710.0
2020-06-05,195157.0,56026.0,56374.0,55612.0,429018.0,233920.0,640406.0,37440.0
2020-06-06,186297.0,53622.0,55431.0,55982.0,464989.0,210480.0,676035.0,35629.0
2020-06-07,175835.0,51409.0,54044.0,54994.0,500894.0,189977.0,710036.0,34001.0
2020-06-08,163751.0,48942.0,52084.0,53774.0,537119.0,171862.0,742219.0,32183.0
2020-06-09,151659.0,45887.0,49810.0,52215.0,571595.0,155844.0,772023.0,29804.0
2020-06-10,140180.0,42692.0,46640.0,50161.0,605301.0,142917.0,799439.0,27416.0
2020-06-11,128725.0,39479.0,44138.0,47670.0,636045.0,131024.0,824825.0,25386.0
2020-06-12,117493.0,36739.0,41098.0,45098.0,665530.0,121239.0,848115.0,23290.0
2020-06-13,106696.0,33727.0,38242.0,42419.0,692952.0,113037.0,869473.0,21358.0
2020-06-14,96053.0,30830.0,34900.0,39527.0,718837.0,105419.0,889039.0,19566.0
2020-06-15,86500.0,27926.0,32153.0,36388.0,743229.0,99342.0,906444.0,17405.0
2020-06-16,77954.0,25249.0,29390.0,33765.0,766075.0,93704.0,922099.0,15655.0
2020-06-17,69645.0,22650.0,26592.0,30884.0,785967.0,88979.0,936002.0,13903.0
2020-06-18,62751.0,20441.0,24123.0,27971.0,806213.0,85329.0,948639.0,12637.0
2020-06-19,55783.0,18458.0,21707.0,25319.0,823028.0,81943.0,959867.0,11228.0
2020-06-20,49759.0,16410.0,19665.0,23141.0,838514.0,78737.0,969889.0,10022.0
2020-06-21,44487.0,14612.0,17552.0,21007.0,853024.0,76553.0,978914.0,9025.0
2020-06-22,39390.0,13254.0,15852.0,18877.0,865928.0,74006.0,987044.0,8130.0
2020-06-23,35033.0,11863.0,13903.0,16811.0,877646.0,71731.0,994216.0,7172.0
2020-06-24,31136.0,10412.0,12691.0,15137.0,887170.0,70509.0,1000418.0,6202.0
2020-06-25,27535.0,9283.0,11191.0,13406.0,896435.0,68926.0,1005989.0,5571.0
2020-06-26,24449.0,8364.0,9877.0,12195.0,905513.0,67740.0,1010925.0,4936.0
2020-06-27,21642.0,7409.0,8957.0,10786.0,912373.0,66413.0,1015394.0,4469.0
2020-06-28,19242.0,6523.0,7970.0,9535.0,919146.0,65878.0,1019337.0,3943.0
2020-06-29,16924.0,5847.0,7137.0,8543.0,925087.0,64787.0,1022874.0,3537.0
2020-06-30,14840.0,5089.0,6299.0,7755.0,931631.0,64115.0,1025865.0,2991.0
2020-07-01,13229.0,4532.0,5475.0,6924.0,936643.0,63493.0,1028578.0,2713.0
2020-07-02,11846.0,4018.0,4843.0,6152.0,939972.0,62896.0,1030924.0,2346.0
2020-07-03,10363.0,3450.0,4245.0,5342.0,943185.0,62659.0,1033015.0,2091.0
2020-07-04,9161.0,3075.0,3866.0,4625.0,946955.0,61978.0,1034864.0,1849.0
2020-07-05,7994.0,2724.0,3397.0,4152.0,949557.0,61731.0,1036521.0,1657.0
2020-07-06,7086.0,2368.0,3005.0,3761.0,950321.0,61416.0,1037961.0,1440.0
