time,E,I1,I2,I3,R,S,cumI,diffI
2020-03-06,0.0,2.0,0.0,0.0,0.0,969325.0,0.0,0.0
2020-03-07,0.0,0.0,1.0,0.0,0.0,972075.0,0.0,0.0
2020-03-08,0.0,0.0,0.0,0.0,0.0,978935.0,0.0,0.0
2020-03-09,0.0,0.0,0.0,0.0,0.0,984492.0,0.0,0.0
2020-03-10,0.0,0.0,0.0,0.0,0.0,990304.0,0.0,0.0
2020-03-11,0.0,0.0,0.0,0.0,0.0,996702.0,0.0,0.0
2020-03-12,4.0,0.0,1.0,0.0,1.0,999550.0,0.0,0.0
2020-03-13,2.0,2.0,2.0,0.0,1.0,1003070.0,3.0,3.0
2020-03-14,4.0,1.0,1.0,0.0,2.0,1005141.0,3.0,0.0
2020-03-15,5.0,0.0,1.0,0.0,1.0,1006660.0,3.0,0.0
2020-03-16,3.0,1.0,0.0,0.0,1.0,1008345.0,4.0,1.0
2020-03-17,2.0,0.0,0.0,0.0,1.0,1009636.0,4.0,0.0
2020-03-18,4.0,1.0,0.0,0.0,1.0,1011573.0,4.0,0.0
2020-03-19,1.0,1.0,1.0,1.0,2.0,1012642.0,5.0,1.0
2020-03-20,5.0,2.0,1.0,0.0,4.0,1013139.0,6.0,1.0
2020-03-21,8.0,0.0,1.0,0.0,5.0,1013211.0,7.0,1.0
2020-03-22,9.0,2.0,0.0,1.0,6.0,1013919.0,8.0,1.0
2020-03-23,11.0,3.0,0.0,0.0,4.0,1014627.0,8.0,0.0
2020-03-24,9.0,3.0,0.0,1.0,4.0,1014781.0,9.0,1.0
2020-03-25,14.0,1.0,0.0,3.0,3.0,1013835.0,10.0,1.0
2020-03-26,14.0,2.0,1.0,2.0,5.0,1014970.0,12.0,2.0
2020-03-27,15.0,1.0,2.0,1.0,5.0,1015517.0,15.0,3.0
2020-03-28,18.0,9.0,2.0,1.0,7.0,1014852.0,22.0,7.0
2020-03-29,26.0,7.0,2.0,3.0,9.0,1015713.0,23.0,1.0
2020-03-30,40.0,7.0,6.0,4.0,13.0,1015366.0,27.0,4.0
2020-03-31,43.0,6.0,8.0,5.0,13.0,1014589.0,30.0,3.0
2020-04-01,51.0,9.0,9.0,2.0,18.0,1014718.0,38.0,8.0
2020-04-02,56.0,10.0,12.0,2.0,23.0,1015200.0,48.0,10.0
2020-04-03,73.0,12.0,12.0,9.0,24.0,1014960.0,59.0,11.0
2020-04-04,77.0,17.0,7.0,11.0,35.0,1016090.0,69.0,10.0
2020-04-05,83.0,18.0,18.0,9.0,39.0,1016822.0,86.0,17.0
2020-04-06,100.0,22.0,22.0,12.0,47.0,1017550.0,103.0,17.0
2020-04-07,127.0,29.0,23.0,17.0,56.0,1016626.0,128.0,25.0
2020-04-08,144.0,37.0,24.0,22.0,60.0,1016919.0,156.0,28.0
2020-04-09,163.0,32.0,29.0,22.0,81.0,1016508.0,182.0,26.0
2020-04-10,204.0,40.0,25.0,22.0,103.0,1017790.0,210.0,28.0
2020-04-11,222.0,58.0,42.0,16.0,123.0,1018966.0,254.0,44.0
2020-04-12,280.0,58.0,51.0,27.0,133.0,1018906.0,289.0,35.0
2020-04-13,334.0,63.0,54.0,36.0,164.0,1018328.0,340.0,51.0
2020-04-14,363.0,95.0,54.0,36.0,196.0,1017735.0,406.0,66.0
2020-04-15,440.0,99.0,74.0,61.0,218.0,1018368.0,482.0,76.0
2020-04-16,503.0,113.0,104.0,76.0,253.0,1018395.0,576.0,94.0
2020-04-17,674.0,153.0,106.0,96.0,316.0,1018993.0,697.0,121.0
2020-04-18,838.0,173.0,138.0,119.0,395.0,1019216.0,850.0,153.0
2020-04-19,983.0,218.0,165.0,116.0,489.0,1018479.0,1026.0,176.0
2020-04-20,1215.0,251.0,208.0,149.0,569.0,1019285.0,1223.0,197.0
2020-04-21,1493.0,332.0,246.0,203.0,695.0,1018593.0,1497.0,274.0
2020-04-22,1749.0,386.0,302.0,221.0,799.0,1018298.0,1776.0,279.0
2020-04-23,2082.0,458.0,360.0,254.0,981.0,1018202.0,2126.0,350.0
2020-04-24,2454.0,536.0,431.0,302.0,1152.0,1016634.0,2570.0,444.0
2020-04-25,2906.0,626.0,496.0,402.0,1349.0,1016132.0,3026.0,456.0
2020-04-26,3494.0,745.0,579.0,454.0,1653.0,1015747.0,3618.0,592.0
2020-04-27,4084.0,868.0,691.0,546.0,1968.0,1014383.0,4294.0,676.0
2020-04-28,4756.0,1047.0,795.0,688.0,2325.0,1012593.0,5134.0,840.0
2020-04-29,5612.0,1195.0,936.0,806.0,2734.0,1010790.0,6061.0,927.0
2020-04-30,6661.0,1419.0,1108.0,931.0,3219.0,1009153.0,7125.0,1064.0
2020-05-01,7941.0,1743.0,1346.0,1055.0,3906.0,1006745.0,8477.0,1352.0
2020-05-02,9391.0,1995.0,1567.0,1187.0,4634.0,1003480.0,10032.0,1555.0
2020-05-03,11193.0,2407.0,1869.0,1470.0,5460.0,999126.0,11902.0,1870.0
2020-05-04,13151.0,2817.0,2102.0,1776.0,6497.0,995785.0,14045.0,2143.0
2020-05-05,15306.0,3343.0,2553.0,2036.0,7686.0,992150.0,16630.0,2585.0
2020-05-06,18012.0,3876.0,3117.0,2405.0,9047.0,985452.0,19645.0,3015.0
2020-05-07,21102.0,4566.0,3768.0,2861.0,10654.0,978530.0,23248.0,3603.0
2020-05-08,24998.0,5406.0,4280.0,3471.0,12713.0,971254.0,27486.0,4238.0
2020-05-09,29438.0,6351.0,5214.0,4012.0,15026.0,962981.0,32478.0,4992.0
2020-05-10,34348.0,7569.0,6153.0,4774.0,17691.0,953267.0,38413.0,5935.0
2020-05-11,40351.0,8895.0,7194.0,5608.0,21027.0,940873.0,45275.0,6862.0
2020-05-12,47330.0,10399.0,8251.0,6739.0,25019.0,927125.0,53314.0,8039.0
2020-05-13,55088.0,12204.0,9716.0,7753.0,29558.0,909511.0,62783.0,9469.0
2020-05-14,63836.0,14083.0,11365.0,8944.0,34927.0,890909.0,73726.0,10943.0
2020-05-15,73786.0,16337.0,13114.0,10592.0,41489.0,867852.0,86208.0,12482.0
2020-05-16,84067.0,18836.0,15314.0,12295.0,48501.0,844209.0,100733.0,14525.0
2020-05-17,95491.0,21460.0,17678.0,14371.0,56736.0,817098.0,117270.0,16537.0
2020-05-18,107652.0,24634.0,20349.0,16635.0,66336.0,786659.0,136270.0,19000.0
2020-05-19,121569.0,27927.0,23016.0,19194.0,77959.0,753581.0,157466.0,21196.0
2020-05-20,135798.0,31372.0,26373.0,21755.0,91653.0,717935.0,181171.0,23705.0
2020-05-21,149506.0,34954.0,29755.0,24770.0,106487.0,679915.0,207389.0,26218.0
2020-05-22,162808.0,38892.0,32956.0,27706.0,122773.0,638917.0,236425.0,29036.0
2020-05-23,175346.0,42453.0,36479.0,31033.0,141721.0,596713.0,268125.0,31700.0
2020-05-24,187294.0,45852.0,40159.0,35087.0,162954.0,553911.0,301910.0,33785.0
2020-05-25,198196.0,49091.0,43751.0,38092.0,186341.0,510771.0,337755.0,35845.0
2020-05-26,206073.0,52050.0,46848.0,41465.0,211538.0,468085.0,375431.0,37676.0
2020-05-27,211208.0,54605.0,49899.0,44508.0,239056.0,426258.0,414536.0,39105.0
2020-05-28,214208.0,56282.0,52185.0,47670.0,269044.0,386186.0,454310.0,39774.0
2020-05-29,214803.0,57605.0,54574.0,50322.0,300532.0,347989.0,494655.0,40345.0
2020-05-30,211814.0,57983.0,55557.0,52548.0,333808.0,313768.0,534814.0,40159.0
2020-05-31,207659.0,57795.0,56348.0,53992.0,368115.0,282011.0,574073.0,39259.0
2020-06-01,200806.0,56567.0,56756.0,55050.0,403260.0,253312.0,612454.0,38381.0
2020-06-02,192271.0,55353.0,56349.0,55473.0,438700.0,227925.0,649681.0,37227.0
2020-06-03,182542.0,53211.0,55245.0,55793.0,474480.0,205244.0,685084.0,35403.0
2020-06-04,171885.0,50731.0,53662.0,54841.0,510329.0,186009.0,718426.0,33342.0
2020-06-05,160741.0,47970.0,51634.0,53553.0,544224.0,168560.0,749720.0,31294.0
2020-06-06,148533.0,45108.0,49224.0,51976.0,578567.0,153510.0,779305.0,29585.0
2020-06-07,136669.0,41897.0,46322.0,49925.0,611336.0,140928.0,806434.0,27129.0
2020-06-08,125310.0,39312.0,43411.0,46942.0,642978.0,129458.0,831557.0,25123.0
2020-06-09,114275.0,35740.0,40388.0,44590.0,672392.0,119903.0,854089.0,22532.0
2020-06-10,103965.0,33297.0,37509.0,41674.0,699196.0,111173.0,874877.0,20788.0
2020-06-11,94093.0,30061.0,34564.0,38615.0,725210.0,104434.0,893712.0,18835.0
2020-06-12,84961.0,27234.0,31592.0,36094.0,747876.0,98262.0,910681.0,16969.0
2020-06-13,75981.0,24357.0,28945.0,33232.0,770141.0,93138.0,925930.0,15249.0
2020-06-14,68431.0,21860.0,26059.0,30558.0,789391.0,89008.0,939518.0,13588.0
2020-06-15,61690.0,20058.0,23553.0,27468.0,808319.0,85438.0,951968.0,12450.0
2020-06-16,54767.0,18246.0,21359.0,25180.0,825620.0,82149.0,963222.0,11254.0
2020-06-17,48643.0,16161.0,19181.0,22731.0,840362.0,79311.0,972941.0,9719.0
2020-06-18,43687.0,14295.0,17335.0,20778.0,853941.0,76802.0,981708.0,8767.0
2020-06-19,38866.0,13004.0,15671.0,18710.0,865854.0,74436.0,989590.0,7882.0
2020-06-20,34493.0,11526.0,13990.0,16581.0,877199.0,72795.0,996739.0,7149.0
2020-06-21,30633.0,10266.0,12563.0,15020.0,887947.0,71120.0,1002937.0,6198.0
2020-06-22,27258.0,9156.0,11256.0,13451.0,897071.0,69484.0,1008488.0,5551.0
2020-06-23,24233.0,8183.0,10002.0,12161.0,905476.0,68116.0,1013383.0,4895.0
2020-06-24,21464.0,7257.0,8802.0,10815.0,913195.0,66948.0,1017702.0,4319.0
2020-06-25,19205.0,6421.0,7972.0,9558.0,919547.0,65973.0,1021491.0,3789.0
2020-06-26,16989.0,5833.0,6911.0,8514.0,924835.0,65456.0,1024957.0,3466.0
2020-06-27,15108.0,5064.0,6246.0,7480.0,929759.0,64860.0,1027989.0,3032.0
2020-06-28,13446.0,4451.0,5597.0,6547.0,934604.0,64147.0,1030696.0,2707.0
2020-06-29,11751.0,3973.0,4882.0,5837.0,939192.0,63578.0,1033117.0,2421.0
2020-06-30,10208.0,3478.0,4287.0,5251.0,943460.0,62862.0,1035242.0,2125.0
2020-07-01,9151.0,3073.0,3838.0,4677.0,945276.0,63065.0,1037105.0,1863.0
2020-07-02,8259.0,2634.0,3431.0,4098.0,948151.0,62591.0,1038703.0,1598.0
2020-07-03,7157.0,2446.0,2962.0,3648.0,950287.0,62095.0,1040271.0,1568.0
2020-07-04,6184.0,2066.0,2673.0,3248.0,953273.0,61611.0,1041553.0,1282.0
2020-07-05,5534.0,1854.0,2319.0,2913.0,954323.0,61655.0,1042649.0,1096.0
2020-07-06,4845.0,1676.0,2025.0,2472.0,955670.0,61256.0,1043620.0,971.0
