time,E,I1,I2,I3,R,S,cumI,diffI
2020-03-06,0.0,2.0,1.0,0.0,0.0,969685.0,0.0,0.0
2020-03-07,1.0,1.0,1.0,0.0,0.0,973047.0,0.0,0.0
2020-03-08,2.0,1.0,0.0,1.0,0.0,979762.0,0.0,0.0
2020-03-09,1.0,1.0,0.0,0.0,0.0,987466.0,0.0,0.0
2020-03-10,0.0,0.0,1.0,0.0,0.0,991900.0,0.0,0.0
2020-03-11,0.0,0.0,0.0,0.0,0.0,997469.0,0.0,0.0
2020-03-12,1.0,0.0,0.0,0.0,1.0,1001513.0,0.0,0.0
2020-03-13,1.0,0.0,0.0,0.0,2.0,1005173.0,0.0,0.0
2020-03-14,0.0,0.0,0.0,1.0,2.0,1007719.0,1.0,1.0
2020-03-15,0.0,0.0,0.0,0.0,2.0,1008584.0,1.0,0.0
2020-03-16,0.0,0.0,0.0,0.0,1.0,1008943.0,1.0,0.0
2020-03-17,0.0,0.0,0.0,0.0,0.0,1009357.0,1.0,0.0
2020-03-18,1.0,0.0,0.0,0.0,0.0,1010413.0,1.0,0.0
2020-03-19,0.0,0.0,1.0,0.0,0.0,1011119.0,2.0,1.0
2020-03-20,1.0,0.0,0.0,2.0,0.0,1013038.0,2.0,0.0
2020-03-21,2.0,0.0,0.0,2.0,0.0,1013362.0,2.0,0.0
2020-03-22,5.0,0.0,0.0,0.0,2.0,1013017.0,2.0,0.0
2020-03-23,3.0,1.0,0.0,0.0,3.0,1013043.0,3.0,1.0
2020-03-24,5.0,1.0,0.0,0.0,3.0,1013924.0,4.0,1.0
2020-03-25,7.0,2.0,0.0,0.0,2.0,1015028.0,6.0,2.0
2020-03-26,11.0,2.0,3.0,0.0,2.0,1016086.0,10.0,4.0
2020-03-27,10.0,0.0,3.0,1.0,3.0,1017041.0,12.0,2.0
2020-03-28,10.0,2.0,0.0,4.0,3.0,1017317.0,14.0,2.0
2020-03-29,11.0,2.0,1.0,1.0,5.0,1016601.0,17.0,3.0
2020-03-30,20.0,1.0,3.0,1.0,6.0,1016953.0,17.0,0.0
2020-03-31,16.0,7.0,3.0,2.0,6.0,1016069.0,24.0,7.0
2020-04-01,23.0,4.0,8.0,8.0,9.0,1016108.0,32.0,8.0
2020-04-02,31.0,3.0,9.0,3.0,12.0,1016951.0,36.0,4.0
2020-04-03,40.0,4.0,7.0,4.0,13.0,1017826.0,39.0,3.0
2020-04-04,39.0,10.0,8.0,4.0,18.0,1019004.0,47.0,8.0
2020-04-05,39.0,12.0,11.0,4.0,19.0,1018628.0,55.0,8.0
2020-04-06,51.0,15.0,9.0,6.0,23.0,1017499.0,66.0,11.0
2020-04-07,72.0,18.0,13.0,13.0,29.0,1018516.0,75.0,9.0
2020-04-08,87.0,18.0,17.0,9.0,39.0,1020040.0,89.0,14.0
2020-04-09,111.0,20.0,15.0,17.0,47.0,1019749.0,99.0,10.0
2020-04-10,117.0,27.0,20.0,12.0,57.0,1019680.0,117.0,18.0
2020-04-11,125.0,39.0,22.0,15.0,59.0,1018567.0,144.0,27.0
2020-04-12,163.0,44.0,31.0,20.0,61.0,1018015.0,171.0,27.0
2020-04-13,211.0,39.0,35.0,24.0,78.0,1018937.0,202.0,31.0
2020-04-14,232.0,56.0,38.0,31.0,114.0,1017809.0,246.0,44.0
2020-04-15,296.0,45.0,50.0,36.0,131.0,1017900.0,283.0,37.0
2020-04-16,352.0,69.0,55.0,46.0,160.0,1017348.0,343.0,60.0
2020-04-17,402.0,79.0,71.0,54.0,201.0,1018728.0,411.0,68.0
2020-04-18,489.0,102.0,84.0,63.0,243.0,1018271.0,489.0,78.0
2020-04-19,621.0,121.0,90.0,84.0,272.0,1018172.0,583.0,94.0
2020-04-20,705.0,155.0,98.0,92.0,309.0,1018429.0,698.0,115.0
2020-04-21,789.0,168.0,139.0,113.0,371.0,1019547.0,836.0,138.0
2020-04-22,933.0,204.0,151.0,120.0,439.0,1019741.0,995.0,159.0
2020-04-23,1075.0,250.0,193.0,156.0,520.0,1019051.0,1206.0,211.0
2020-04-24,1320.0,280.0,195.0,206.0,624.0,1018427.0,1406.0,200.0
2020-04-25,1593.0,359.0,250.0,209.0,772.0,1018356.0,1676.0,270.0
2020-04-26,1979.0,425.0,311.0,253.0,913.0,1019109.0,1982.0,306.0
2020-04-27,2327.0,469.0,381.0,308.0,1063.0,1018833.0,2365.0,383.0
2020-04-28,2582.0,599.0,442.0,314.0,1311.0,1016978.0,2843.0,478.0
2020-04-29,3058.0,644.0,533.0,419.0,1541.0,1015959.0,3304.0,461.0
2020-04-30,3722.0,785.0,631.0,473.0,1791.0,1014670.0,3878.0,574.0
2020-05-01,4390.0,961.0,704.0,605.0,2081.0,1013510.0,4622.0,744.0
2020-05-02,5191.0,1114.0,892.0,706.0,2537.0,1011850.0,5503.0,881.0
2020-05-03,6195.0,1339.0,1080.0,833.0,2962.0,1011285.0,6538.0,1035.0
2020-05-04,7402.0,1607.0,1238.0,977.0,3611.0,1009355.0,7762.0,1224.0
2020-05-05,8681.0,1860.0,1483.0,1153.0,4193.0,1005905.0,9258.0,1496.0
2020-05-06,10252.0,2213.0,1803.0,1368.0,5033.0,1003682.0,11042.0,1784.0
2020-05-07,12171.0,2677.0,2083.0,1640.0,5952.0,999794.0,13065.0,2023.0
2020-05-08,14272.0,3113.0,2449.0,1954.0,7058.0,995759.0,15498.0,2433.0
2020-05-09,16813.0,3697.0,2913.0,2261.0,8456.0,990078.0,18430.0,2932.0
2020-05-10,19848.0,4343.0,3492.0,2630.0,10003.0,983636.0,21775.0,3345.0
2020-05-11,23344.0,5043.0,4092.0,3089.0,11876.0,976696.0,25677.0,3902.0
2020-05-12,27505.0,5982.0,4702.0,3757.0,14144.0,968228.0,30390.0,4713.0
2020-05-13,32154.0,6999.0,5691.0,4396.0,16669.0,957717.0,35811.0,5421.0
2020-05-14,37728.0,8210.0,6628.0,5294.0,19692.0,945090.0,42155.0,6344.0
2020-05-15,43995.0,9612.0,7735.0,6046.0,23219.0,933125.0,49534.0,7379.0
2020-05-16,51025.0,11304.0,9147.0,7225.0,27468.0,918120.0,58490.0,8956.0
2020-05-17,59524.0,13080.0,10564.0,8421.0,32474.0,899557.0,68665.0,10175.0
2020-05-18,68544.0,15257.0,12221.0,9830.0,38178.0,879995.0,80324.0,11659.0
2020-05-19,78571.0,17790.0,14201.0,11382.0,44791.0,857827.0,93904.0,13580.0
2020-05-20,90030.0,20275.0,16414.0,13346.0,52957.0,831280.0,109336.0,15432.0
2020-05-21,101949.0,23211.0,18795.0,15282.0,62164.0,803815.0,126912.0,17576.0
2020-05-22,115006.0,26204.0,21659.0,17513.0,72741.0,771302.0,146857.0,19945.0
2020-05-23,127918.0,29992.0,24452.0,20144.0,84956.0,737122.0,169398.0,22541.0
2020-05-24,141901.0,33391.0,27743.0,23275.0,98680.0,701052.0,194438.0,25040.0
2020-05-25,155569.0,37016.0,31131.0,26415.0,114327.0,661342.0,221997.0,27559.0
2020-05-26,169409.0,40631.0,34702.0,29672.0,132366.0,619355.0,252080.0,30083.0
2020-05-27,181971.0,44384.0,38352.0,32880.0,152642.0,576935.0,284832.0,32752.0
2020-05-28,193122.0,47596.0,42116.0,36501.0,174608.0,533400.0,319814.0,34982.0
2020-05-29,201581.0,50778.0,45713.0,40180.0,199229.0,490501.0,356721.0,36907.0
2020-05-30,208649.0,53739.0,48376.0,43480.0,226103.0,447792.0,395175.0,38454.0
2020-05-31,212997.0,55440.0,51806.0,46601.0,254597.0,405095.0,434749.0,39574.0
2020-06-01,214571.0,56798.0,53755.0,49546.0,285359.0,365293.0,474960.0,40211.0
2020-06-02,213853.0,57723.0,55417.0,51956.0,317681.0,329603.0,515582.0,40622.0
2020-06-03,209906.0,57992.0,56549.0,53671.0,351030.0,296873.0,555779.0,40197.0
2020-06-04,204524.0,57084.0,56572.0,54914.0,386060.0,266260.0,594768.0,38989.0
2020-06-05,196861.0,55869.0,56420.0,55761.0,421025.0,238908.0,632599.0,37831.0
2020-06-06,186439.0,54349.0,55688.0,55610.0,458185.0,215127.0,669005.0,36406.0
2020-06-07,176068.0,51802.0,54310.0,55038.0,492897.0,194327.0,703244.0,34239.0
2020-06-08,165115.0,49290.0,52708.0,53804.0,528394.0,176687.0,735474.0,32230.0
2020-06-09,154075.0,46077.0,50393.0,52743.0,563373.0,160244.0,765506.0,30032.0
2020-06-10,141972.0,43892.0,47468.0,50772.0,596459.0,146705.0,793810.0,28304.0
2020-06-11,130717.0,40715.0,44898.0,48432.0,628393.0,134522.0,819819.0,26009.0
2020-06-12,119570.0,37538.0,42149.0,45836.0,657923.0,124787.0,843751.0,23932.0
2020-06-13,108687.0,34457.0,38758.0,43105.0,685643.0,115942.0,865446.0,21695.0
2020-06-14,98046.0,31525.0,35861.0,40270.0,712028.0,108378.0,885326.0,19880.0
2020-06-15,88977.0,28692.0,32918.0,37417.0,738220.0,101878.0,903024.0,17698.0
2020-06-16,80185.0,25909.0,30023.0,34575.0,760455.0,96286.0,919116.0,16092.0
2020-06-17,71953.0,23423.0,27383.0,31294.0,781806.0,91784.0,933642.0,14526.0
2020-06-18,64315.0,21393.0,24997.0,28885.0,800711.0,87754.0,946938.0,13296.0
2020-06-19,57892.0,18971.0,22456.0,26488.0,817002.0,83775.0,958548.0,11610.0
2020-06-20,51649.0,17221.0,20421.0,24054.0,833005.0,80952.0,969079.0,10531.0
2020-06-21,46165.0,15586.0,18305.0,21527.0,846338.0,78229.0,978459.0,9380.0
2020-06-22,40753.0,13831.0,16458.0,19456.0,860761.0,75713.0,986954.0,8495.0
2020-06-23,36388.0,12187.0,14747.0,17733.0,873175.0,73782.0,994307.0,7353.0
2020-06-24,32364.0,10831.0,13178.0,15831.0,883967.0,71972.0,1000826.0,6519.0
2020-06-25,28732.0,9748.0,11757.0,14286.0,892986.0,70438.0,1006682.0,5856.0
2020-06-26,25743.0,8443.0,10408.0,12889.0,901262.0,69014.0,1011733.0,5051.0
2020-06-27,22919.0,7584.0,9183.0,11370.0,908914.0,67472.0,1016296.0,4563.0
2020-06-28,20372.0,6730.0,8319.0,10095.0,915340.0,66595.0,1020432.0,4136.0
2020-06-29,17963.0,5956.0,7486.0,8910.0,921636.0,65906.0,1024000.0,3568.0
2020-06-30,16006.0,5162.0,6426.0,8121.0,926545.0,65286.0,1027042.0,3042.0
2020-07-01,14211.0,4689.0,5660.0,7164.0,932159.0,64635.0,1029900.0,2858.0
2020-07-02,12458.0,4313.0,5070.0,6289.0,936064.0,64016.0,1032529.0,2629.0
2020-07-03,10998.0,3735.0,4546.0,5507.0,939829.0,63337.0,1034757.0,2228.0
2020-07-04,9772.0,3292.0,4072.0,4971.0,943511.0,62971.0,1036711.0,1954.0
2020-07-05,8667.0,2938.0,3584.0,4362.0,945988.0,62509.0,1038465.0,1754.0
2020-07-06,7537.0,2568.0,3274.0,3871.0,949834.0,62050.0,1040033.0,1568.0
