time,E,I1,I2,I3,R,S,cumI,diffI
2020-03-06,0.0,2.0,0.0,0.0,0.0,970298.0,0.0,0.0
2020-03-07,1.0,0.0,0.0,0.0,0.0,972245.0,0.0,0.0
2020-03-08,1.0,0.0,0.0,0.0,0.0,980904.0,0.0,0.0
2020-03-09,1.0,0.0,0.0,0.0,0.0,986670.0,0.0,0.0
2020-03-10,1.0,0.0,0.0,0.0,0.0,993655.0,0.0,0.0
2020-03-11,1.0,0.0,0.0,0.0,1.0,997730.0,0.0,0.0
2020-03-12,0.0,0.0,1.0,0.0,0.0,1001624.0,0.0,0.0
2020-03-13,0.0,0.0,0.0,0.0,0.0,1003051.0,0.0,0.0
2020-03-14,0.0,0.0,0.0,0.0,0.0,1004342.0,0.0,0.0
2020-03-15,1.0,0.0,1.0,0.0,0.0,1005878.0,0.0,0.0
2020-03-16,3.0,0.0,1.0,0.0,1.0,1007754.0,0.0,0.0
2020-03-17,3.0,1.0,1.0,1.0,2.0,1009826.0,1.0,1.0
2020-03-18,3.0,1.0,1.0,0.0,1.0,1010714.0,2.0,1.0
2020-03-19,5.0,1.0,2.0,0.0,2.0,1010136.0,3.0,1.0
2020-03-20,3.0,3.0,1.0,2.0,4.0,1010780.0,6.0,3.0
2020-03-21,9.0,3.0,2.0,1.0,7.0,1013085.0,7.0,1.0
2020-03-22,9.0,3.0,2.0,0.0,7.0,1014250.0,7.0,0.0
2020-03-23,7.0,3.0,3.0,1.0,7.0,1014368.0,9.0,2.0
2020-03-24,14.0,4.0,3.0,1.0,10.0,1014612.0,10.0,1.0
2020-03-25,27.0,5.0,5.0,3.0,10.0,1013709.0,13.0,3.0
2020-03-26,28.0,4.0,3.0,6.0,11.0,1014485.0,16.0,3.0
2020-03-27,29.0,11.0,8.0,6.0,13.0,1015088.0,24.0,8.0
2020-03-28,31.0,15.0,10.0,5.0,20.0,1016663.0,35.0,11.0
2020-03-29,56.0,13.0,7.0,7.0,26.0,1016317.0,42.0,7.0
2020-03-30,53.0,11.0,7.0,7.0,27.0,1016926.0,51.0,9.0
2020-03-31,66.0,13.0,13.0,7.0,22.0,1016603.0,62.0,11.0
2020-04-01,83.0,16.0,19.0,8.0,29.0,1017651.0,75.0,13.0
2020-04-02,102.0,16.0,20.0,17.0,39.0,1015912.0,91.0,16.0
2020-04-03,99.0,21.0,15.0,18.0,53.0,1016299.0,108.0,17.0
2020-04-04,118.0,29.0,21.0,14.0,66.0,1016216.0,132.0,24.0
2020-04-05,133.0,25.0,26.0,21.0,80.0,1015825.0,151.0,19.0
2020-04-06,158.0,36.0,29.0,20.0,92.0,1016263.0,184.0,33.0
2020-04-07,214.0,40.0,31.0,31.0,108.0,1016207.0,215.0,31.0
2020-04-08,226.0,46.0,47.0,27.0,127.0,1015954.0,262.0,47.0
2020-04-09,280.0,68.0,57.0,40.0,132.0,1017456.0,318.0,56.0
2020-04-10,333.0,77.0,55.0,44.0,177.0,1017733.0,380.0,62.0
2020-04-11,408.0,84.0,70.0,48.0,203.0,1017746.0,450.0,70.0
2020-04-12,452.0,110.0,87.0,73.0,229.0,1017087.0,534.0,84.0
2020-04-13,560.0,142.0,88.0,81.0,280.0,1016768.0,636.0,102.0
2020-04-14,634.0,178.0,95.0,100.0,310.0,1018177.0,770.0,134.0
2020-04-15,755.0,171.0,121.0,105.0,370.0,1018363.0,897.0,127.0
2020-04-16,902.0,171.0,143.0,100.0,432.0,1017513.0,1020.0,123.0
2020-04-17,1029.0,220.0,181.0,115.0,521.0,1017382.0,1197.0,177.0
2020-04-18,1223.0,253.0,203.0,141.0,606.0,1017042.0,1384.0,187.0
2020-04-19,1417.0,291.0,223.0,171.0,704.0,1017916.0,1609.0,225.0
2020-04-20,1694.0,348.0,278.0,204.0,821.0,1017886.0,1884.0,275.0
2020-04-21,1973.0,455.0,354.0,253.0,973.0,1015934.0,2240.0,356.0
2020-04-22,2425.0,532.0,407.0,335.0,1130.0,1015270.0,2666.0,426.0
2020-04-23,2884.0,623.0,491.0,413.0,1381.0,1015085.0,3133.0,467.0
2020-04-24,3412.0,731.0,583.0,430.0,1648.0,1013201.0,3718.0,585.0
2020-04-25,4004.0,906.0,685.0,489.0,1956.0,1013169.0,4420.0,702.0
2020-04-26,4762.0,1019.0,790.0,608.0,2316.0,1011519.0,5212.0,792.0
2020-04-27,5611.0,1191.0,919.0,772.0,2691.0,1010058.0,6156.0,944.0
2020-04-28,6654.0,1350.0,1057.0,844.0,3227.0,1008207.0,7190.0,1034.0
2020-04-29,7799.0,1689.0,1222.0,982.0,3905.0,1006254.0,8495.0,1305.0
2020-04-30,9115.0,1957.0,1578.0,1196.0,4575.0,1003544.0,10026.0,1531.0
2020-05-01,10848.0,2308.0,1839.0,1422.0,5448.0,1002357.0,11872.0,1846.0
2020-05-02,12706.0,2665.0,2177.0,1693.0,6382.0,996363.0,13994.0,2122.0
2020-05-03,15260.0,3178.0,2627.0,2101.0,7589.0,993141.0,16436.0,2442.0
2020-05-04,18038.0,3796.0,3074.0,2370.0,9015.0,988367.0,19425.0,2989.0
2020-05-05,21150.0,4613.0,3702.0,2783.0,10883.0,980826.0,23102.0,3677.0
2020-05-06,24880.0,5508.0,4399.0,3322.0,12724.0,973796.0,27399.0,4297.0
2020-05-07,29315.0,6414.0,5033.0,3958.0,15024.0,964386.0,32196.0,4797.0
2020-05-08,34134.0,7452.0,5988.0,4672.0,17913.0,954180.0,38044.0,5848.0
2020-05-09,39904.0,8772.0,6924.0,5483.0,21010.0,941415.0,44793.0,6749.0
2020-05-10,46639.0,10258.0,8196.0,6410.0,24963.0,927023.0,52783.0,7990.0
2020-05-11,54028.0,12045.0,9457.0,7626.0,29545.0,912014.0,61961.0,9178.0
2020-05-12,62553.0,14031.0,11202.0,8971.0,34676.0,892446.0,72826.0,10865.0
2020-05-13,72335.0,16170.0,12938.0,10480.0,40898.0,871345.0,85229.0,12403.0
2020-05-14,82864.0,18738.0,15140.0,12299.0,48530.0,844609.0,99485.0,14256.0
2020-05-15,95304.0,21462.0,17428.0,14315.0,56669.0,817834.0,115787.0,16302.0
2020-05-16,107778.0,24757.0,20007.0,16587.0,66312.0,788686.0,134792.0,19005.0
2020-05-17,121058.0,27672.0,23219.0,18907.0,77569.0,756682.0,155867.0,21075.0
2020-05-18,134746.0,31245.0,26129.0,21322.0,90340.0,720952.0,179450.0,23583.0
2020-05-19,148674.0,35075.0,29207.0,24460.0,104649.0,682054.0,205839.0,26389.0
2020-05-20,162908.0,38913.0,32772.0,28033.0,121775.0,642355.0,234963.0,29124.0
2020-05-21,175922.0,42709.0,36542.0,31444.0,140397.0,598797.0,266370.0,31407.0
2020-05-22,187446.0,46009.0,40135.0,34797.0,162237.0,555867.0,300315.0,33945.0
2020-05-23,197365.0,49284.0,44089.0,38231.0,185161.0,511599.0,336179.0,35864.0
2020-05-24,205749.0,52351.0,47240.0,41520.0,210830.0,468258.0,374083.0,37904.0
2020-05-25,211083.0,54449.0,50031.0,44498.0,238462.0,427355.0,412789.0,38706.0
2020-05-26,215141.0,56049.0,51832.0,47966.0,267896.0,386786.0,452231.0,39442.0
2020-05-27,215641.0,57167.0,54225.0,50263.0,299212.0,349027.0,492129.0,39898.0
2020-05-28,213506.0,57830.0,55667.0,52726.0,332413.0,314221.0,532306.0,40177.0
2020-05-29,208660.0,58078.0,56589.0,54398.0,366919.0,282352.0,572166.0,39860.0
2020-05-30,201275.0,56695.0,56813.0,55414.0,402606.0,253616.0,610413.0,38247.0
2020-05-31,192850.0,55060.0,56801.0,55470.0,437405.0,227675.0,647488.0,37075.0
2020-06-01,183244.0,53399.0,55366.0,56303.0,473856.0,204716.0,683334.0,35846.0
2020-06-02,171939.0,51093.0,53581.0,55163.0,509569.0,184679.0,716962.0,33628.0
2020-06-03,160524.0,48348.0,51564.0,53917.0,544325.0,167205.0,748264.0,31302.0
2020-06-04,148743.0,45428.0,49209.0,51788.0,579147.0,152387.0,777827.0,29563.0
2020-06-05,136991.0,42168.0,46600.0,50102.0,611226.0,139482.0,805046.0,27219.0
2020-06-06,125279.0,38830.0,43522.0,47638.0,642912.0,128889.0,829699.0,24653.0
2020-06-07,113988.0,35611.0,40200.0,44940.0,671652.0,119667.0,852360.0,22661.0
2020-06-08,103281.0,32819.0,37328.0,41499.0,699809.0,111074.0,872968.0,20608.0
2020-06-09,94115.0,30017.0,34518.0,38721.0,724974.0,104118.0,891821.0,18853.0
2020-06-10,84784.0,27462.0,31545.0,35734.0,748785.0,98237.0,909052.0,17231.0
2020-06-11,76028.0,24727.0,29347.0,33279.0,771231.0,92826.0,924444.0,15392.0
2020-06-12,67963.0,22445.0,26726.0,30557.0,791500.0,88071.0,938363.0,13919.0
2020-06-13,61066.0,20102.0,23691.0,28166.0,810274.0,84439.0,950544.0,12181.0
2020-06-14,54142.0,17974.0,21535.0,25216.0,827061.0,81085.0,961701.0,11157.0
2020-06-15,48462.0,15967.0,19358.0,22676.0,841853.0,78125.0,971383.0,9682.0
2020-06-16,43279.0,14309.0,17258.0,20540.0,855651.0,75362.0,979965.0,8582.0
2020-06-17,38480.0,12776.0,15361.0,18704.0,867423.0,73360.0,987686.0,7721.0
2020-06-18,33969.0,11390.0,13813.0,16690.0,878828.0,71936.0,994591.0,6905.0
2020-06-19,30254.0,10097.0,12229.0,14909.0,889992.0,70200.0,1000663.0,6072.0
2020-06-20,26842.0,9193.0,10993.0,13299.0,898947.0,68630.0,1006182.0,5519.0
2020-06-21,23626.0,8085.0,9891.0,11900.0,907765.0,67466.0,1011062.0,4880.0
2020-06-22,21004.0,7277.0,8809.0,10702.0,915291.0,66358.0,1015359.0,4297.0
2020-06-23,18604.0,6206.0,7730.0,9534.0,920557.0,65403.0,1019115.0,3756.0
2020-06-24,16366.0,5529.0,6878.0,8449.0,926341.0,64630.0,1022505.0,3390.0
2020-06-25,14364.0,4904.0,6100.0,7521.0,931855.0,64010.0,1025453.0,2948.0
2020-06-26,12804.0,4272.0,5488.0,6655.0,935012.0,63415.0,1028031.0,2578.0
2020-06-27,11381.0,3792.0,4707.0,5908.0,940008.0,63059.0,1030324.0,2293.0
2020-06-28,10059.0,3469.0,4272.0,5129.0,944050.0,62273.0,1032389.0,2065.0
2020-06-29,9010.0,3081.0,3681.0,4649.0,945479.0,61531.0,1034209.0,1820.0
2020-06-30,7925.0,2724.0,3289.0,4092.0,948730.0,61512.0,1035831.0,1622.0
2020-07-01,6884.0,2339.0,2922.0,3629.0,950688.0,61237.0,1037266.0,1435.0
2020-07-02,6194.0,2058.0,2621.0,3132.0,953537.0,61106.0,1038495.0,1229.0
2020-07-03,5410.0,1870.0,2219.0,2769.0,956132.0,60619.0,1039611.0,1116.0
2020-07-04,4712.0,1684.0,2016.0,2452.0,957193.0,60522.0,1040608.0,997.0
2020-07-05,4241.0,1443.0,1690.0,2248.0,958384.0,60558.0,1041431.0,823.0
2020-07-06,3814.0,1272.0,1503.0,1857.0,959438.0,60376.0,1042209.0,778.0
