time,E,I1,I2,I3,R,S,cumI,diffI
2020-03-06,0.0,3.0,0.0,0.0,0.0,970460.0,0.0,0.0
2020-03-07,2.0,2.0,1.0,0.0,0.0,972164.0,0.0,0.0
2020-03-08,3.0,0.0,1.0,1.0,0.0,979552.0,0.0,0.0
2020-03-09,3.0,0.0,1.0,1.0,0.0,986433.0,0.0,0.0
2020-03-10,5.0,1.0,0.0,1.0,0.0,991147.0,1.0,1.0
2020-03-11,4.0,0.0,1.0,0.0,0.0,995773.0,1.0,0.0
2020-03-12,2.0,1.0,1.0,0.0,0.0,1000466.0,2.0,1.0
2020-03-13,1.0,1.0,1.0,1.0,0.0,1002335.0,3.0,1.0
2020-03-14,3.0,0.0,1.0,2.0,0.0,1004220.0,3.0,0.0
2020-03-15,3.0,0.0,0.0,0.0,1.0,1007034.0,3.0,0.0
2020-03-16,2.0,1.0,0.0,0.0,3.0,1009499.0,4.0,1.0
2020-03-17,2.0,0.0,0.0,0.0,3.0,1010836.0,4.0,0.0
2020-03-18,3.0,0.0,0.0,0.0,2.0,1011630.0,4.0,0.0
2020-03-19,0.0,3.0,0.0,1.0,3.0,1012544.0,6.0,2.0
2020-03-20,3.0,4.0,1.0,0.0,4.0,1013050.0,7.0,1.0
2020-03-21,6.0,3.0,1.0,1.0,2.0,1013184.0,8.0,1.0
2020-03-22,10.0,1.0,0.0,1.0,3.0,1012055.0,9.0,1.0
2020-03-23,14.0,2.0,0.0,2.0,7.0,1013283.0,11.0,2.0
2020-03-24,14.0,6.0,1.0,1.0,7.0,1013138.0,15.0,4.0
2020-03-25,16.0,4.0,4.0,1.0,9.0,1014965.0,19.0,4.0
2020-03-26,14.0,3.0,6.0,0.0,10.0,1015918.0,22.0,3.0
2020-03-27,12.0,5.0,9.0,3.0,8.0,1016272.0,30.0,8.0
2020-03-28,18.0,8.0,4.0,8.0,14.0,1016634.0,36.0,6.0
2020-03-29,27.0,5.0,3.0,2.0,18.0,1016864.0,36.0,0.0
2020-03-30,34.0,6.0,5.0,4.0,15.0,1017833.0,41.0,5.0
2020-03-31,27.0,10.0,1.0,5.0,14.0,1017778.0,48.0,7.0
2020-04-01,45.0,10.0,5.0,6.0,16.0,1017626.0,53.0,5.0
2020-04-02,48.0,12.0,11.0,3.0,18.0,1017306.0,63.0,10.0
2020-04-03,64.0,15.0,12.0,9.0,30.0,1017033.0,77.0,14.0
2020-04-04,87.0,33.0,13.0,15.0,43.0,1017534.0,101.0,24.0
2020-04-05,120.0,28.0,18.0,17.0,55.0,1016575.0,118.0,17.0
2020-04-06,134.0,28.0,24.0,14.0,60.0,1016609.0,143.0,25.0
2020-04-07,167.0,30.0,29.0,21.0,78.0,1016971.0,167.0,24.0
2020-04-08,197.0,44.0,28.0,25.0,88.0,1018312.0,207.0,40.0
2020-04-09,194.0,47.0,33.0,25.0,99.0,1018771.0,243.0,36.0
2020-04-10,237.0,45.0,39.0,28.0,119.0,1018902.0,276.0,33.0
2020-04-11,272.0,44.0,41.0,35.0,115.0,1018537.0,313.0,37.0
2020-04-12,305.0,54.0,43.0,40.0,134.0,1017212.0,365.0,52.0
2020-04-13,344.0,83.0,48.0,44.0,165.0,1017957.0,428.0,63.0
2020-04-14,407.0,96.0,58.0,43.0,201.0,1018238.0,493.0,65.0
2020-04-15,469.0,111.0,80.0,54.0,235.0,1017495.0,577.0,84.0
2020-04-16,555.0,121.0,110.0,72.0,272.0,1018786.0,682.0,105.0
2020-04-17,691.0,143.0,134.0,91.0,312.0,1018240.0,773.0,91.0
2020-04-18,824.0,182.0,149.0,122.0,376.0,1018359.0,926.0,153.0
2020-04-19,959.0,223.0,170.0,117.0,500.0,1017342.0,1092.0,166.0
2020-04-20,1130.0,254.0,191.0,170.0,569.0,1018848.0,1283.0,191.0
2020-04-21,1363.0,308.0,206.0,185.0,677.0,1019121.0,1520.0,237.0
2020-04-22,1603.0,342.0,269.0,212.0,763.0,1019660.0,1802.0,282.0
2020-04-23,1899.0,394.0,302.0,259.0,903.0,1019014.0,2107.0,305.0
2020-04-24,2241.0,474.0,350.0,300.0,1011.0,1015735.0,2469.0,362.0
2020-04-25,2648.0,591.0,412.0,376.0,1305.0,1015564.0,2912.0,443.0
2020-04-26,3261.0,638.0,514.0,412.0,1544.0,1014671.0,3400.0,488.0
2020-04-27,3833.0,804.0,619.0,489.0,1867.0,1013922.0,4051.0,651.0
2020-04-28,4401.0,971.0,801.0,547.0,2158.0,1011899.0,4808.0,757.0
2020-04-29,5206.0,1174.0,918.0,685.0,2474.0,1011328.0,5732.0,924.0
2020-04-30,6280.0,1294.0,1115.0,784.0,3047.0,1008761.0,6756.0,1024.0
2020-05-01,7466.0,1575.0,1285.0,971.0,3577.0,1008010.0,8012.0,1256.0
2020-05-02,8675.0,1872.0,1464.0,1179.0,4153.0,1004858.0,9498.0,1486.0
2020-05-03,10356.0,2318.0,1687.0,1378.0,5174.0,1000155.0,11247.0,1749.0
2020-05-04,12368.0,2654.0,2112.0,1622.0,6142.0,996456.0,13298.0,2051.0
2020-05-05,14587.0,3178.0,2438.0,1951.0,7313.0,991412.0,15714.0,2416.0
2020-05-06,17274.0,3791.0,2833.0,2221.0,8657.0,987940.0,18544.0,2830.0
2020-05-07,20243.0,4395.0,3479.0,2575.0,10177.0,982038.0,21967.0,3423.0
2020-05-08,23671.0,5212.0,4138.0,3111.0,11925.0,975066.0,26038.0,4071.0
2020-05-09,27831.0,6026.0,4844.0,3705.0,14015.0,965743.0,30694.0,4656.0
2020-05-10,32834.0,7171.0,5685.0,4516.0,16746.0,957382.0,36233.0,5539.0
2020-05-11,39036.0,8443.0,6707.0,5287.0,20138.0,945138.0,42768.0,6535.0
2020-05-12,45384.0,9967.0,8029.0,6282.0,23625.0,931726.0,50596.0,7828.0
2020-05-13,52655.0,11607.0,9167.0,7570.0,28091.0,915593.0,59629.0,9033.0
2020-05-14,60630.0,13504.0,10598.0,8793.0,33149.0,897083.0,70009.0,10380.0
2020-05-15,69956.0,15526.0,12595.0,10113.0,39125.0,877333.0,82006.0,11997.0
2020-05-16,79994.0,18166.0,14640.0,11820.0,46050.0,853131.0,95948.0,13942.0
2020-05-17,91924.0,20621.0,17091.0,13764.0,54038.0,827466.0,111798.0,15850.0
2020-05-18,103918.0,23708.0,19500.0,15943.0,63331.0,797610.0,130003.0,18205.0
2020-05-19,117194.0,26807.0,22393.0,18271.0,74189.0,764994.0,150411.0,20408.0
2020-05-20,131493.0,30368.0,25080.0,20961.0,86810.0,730823.0,173452.0,23041.0
2020-05-21,145493.0,34021.0,28264.0,23901.0,100937.0,693216.0,198916.0,25464.0
2020-05-22,159431.0,37567.0,31866.0,26940.0,117126.0,653801.0,227087.0,28171.0
2020-05-23,171926.0,41081.0,35546.0,29917.0,134930.0,612307.0,257815.0,30728.0
2020-05-24,184265.0,45005.0,39060.0,33363.0,155826.0,569317.0,290792.0,32977.0
2020-05-25,195013.0,48116.0,42807.0,37093.0,177794.0,525742.0,326088.0,35296.0
2020-05-26,203483.0,51142.0,46099.0,40533.0,202445.0,482626.0,363313.0,37225.0
2020-05-27,210374.0,54152.0,48587.0,43515.0,230704.0,440910.0,401933.0,38620.0
2020-05-28,214022.0,56086.0,52170.0,46695.0,258751.0,398162.0,441969.0,40036.0
2020-05-29,215474.0,57169.0,54188.0,50213.0,289309.0,358568.0,482356.0,40387.0
2020-05-30,213261.0,57614.0,55710.0,52630.0,323033.0,322511.0,522591.0,40235.0
2020-05-31,209152.0,57924.0,56472.0,54319.0,356920.0,290702.0,562432.0,39841.0
2020-06-01,203048.0,57394.0,56914.0,55329.0,392085.0,260765.0,601222.0,38790.0
2020-06-02,194914.0,55955.0,56761.0,56045.0,428192.0,234437.0,638818.0,37596.0
2020-06-03,185603.0,53471.0,56118.0,56168.0,463911.0,211115.0,674492.0,35674.0
2020-06-04,175000.0,51537.0,54257.0,55493.0,500520.0,189928.0,708632.0,34140.0
2020-06-05,163134.0,48714.0,52079.0,54476.0,534717.0,172148.0,740614.0,31982.0
2020-06-06,151606.0,46005.0,49724.0,52514.0,568756.0,156368.0,770349.0,29735.0
2020-06-07,139548.0,42992.0,47038.0,50436.0,601949.0,143036.0,797886.0,27537.0
2020-06-08,128298.0,39946.0,44183.0,47934.0,633052.0,131222.0,823332.0,25446.0
2020-06-09,117192.0,36843.0,41451.0,45236.0,663017.0,121601.0,846748.0,23416.0
2020-06-10,106618.0,33692.0,38219.0,42556.0,691133.0,113076.0,867925.0,21177.0
2020-06-11,96660.0,30676.0,35241.0,39981.0,717015.0,105452.0,887047.0,19122.0
2020-06-12,87312.0,27713.0,32197.0,36953.0,742178.0,99332.0,904351.0,17304.0
2020-06-13,78506.0,25458.0,29540.0,34094.0,765200.0,93941.0,920399.0,16048.0
2020-06-14,70743.0,22962.0,26978.0,31021.0,786649.0,89624.0,934533.0,14134.0
2020-06-15,63216.0,20726.0,24414.0,28361.0,805163.0,85468.0,947379.0,12846.0
2020-06-16,56681.0,18612.0,22118.0,25841.0,821386.0,81932.0,958894.0,11515.0
2020-06-17,49902.0,16722.0,19976.0,23411.0,838493.0,78906.0,968965.0,10071.0
2020-06-18,44448.0,14975.0,17735.0,21165.0,853421.0,76328.0,978028.0,9063.0
2020-06-19,39634.0,13192.0,16072.0,19120.0,866145.0,74031.0,986048.0,8020.0
2020-06-20,35137.0,11702.0,14431.0,16981.0,877761.0,71983.0,993170.0,7122.0
2020-06-21,31226.0,10530.0,12660.0,15069.0,888109.0,70307.0,999505.0,6335.0
2020-06-22,27629.0,9391.0,11500.0,13295.0,897360.0,68677.0,1005089.0,5584.0
2020-06-23,24636.0,8504.0,10158.0,12185.0,904645.0,67454.0,1010284.0,5195.0
2020-06-24,22133.0,7387.0,8955.0,11019.0,911923.0,66460.0,1014605.0,4321.0
2020-06-25,19517.0,6511.0,8004.0,9754.0,918467.0,65696.0,1018549.0,3944.0
2020-06-26,17240.0,5801.0,7092.0,8776.0,923703.0,64709.0,1022051.0,3502.0
2020-06-27,15258.0,5148.0,6398.0,7651.0,929409.0,63825.0,1025097.0,3046.0
2020-06-28,13480.0,4480.0,5670.0,6894.0,933460.0,63207.0,1027825.0,2728.0
2020-06-29,12033.0,4018.0,4896.0,5980.0,939148.0,62910.0,1030197.0,2372.0
2020-06-30,10563.0,3576.0,4433.0,5429.0,943070.0,62595.0,1032352.0,2155.0
2020-07-01,9310.0,3191.0,3770.0,4871.0,945734.0,62240.0,1034202.0,1850.0
2020-07-02,8200.0,2787.0,3439.0,4204.0,948083.0,61912.0,1035886.0,1684.0
2020-07-03,7228.0,2561.0,3059.0,3757.0,951922.0,61411.0,1037408.0,1522.0
2020-07-04,6329.0,2215.0,2694.0,3297.0,953220.0,61145.0,1038722.0,1314.0
2020-07-05,5567.0,1882.0,2353.0,2980.0,955299.0,60748.0,1039833.0,1111.0
2020-07-06,4959.0,1639.0,2134.0,2577.0,956213.0,60441.0,1040817.0,984.0
