time,E,I1,I2,I3,R,S,cumI,diffI
2020-03-06,1.0,3.0,0.0,0.0,0.0,969954.0,0.0,0.0
2020-03-07,2.0,1.0,1.0,0.0,0.0,971307.0,0.0,0.0
2020-03-08,1.0,1.0,0.0,0.0,0.0,979361.0,0.0,0.0
2020-03-09,0.0,1.0,1.0,0.0,0.0,987061.0,0.0,0.0
2020-03-10,1.0,1.0,0.0,0.0,1.0,992459.0,0.0,0.0
2020-03-11,0.0,2.0,1.0,0.0,1.0,997365.0,3.0,3.0
2020-03-12,0.0,1.0,0.0,0.0,1.0,1001414.0,3.0,0.0
2020-03-13,0.0,1.0,1.0,0.0,1.0,1004904.0,3.0,0.0
2020-03-14,1.0,0.0,0.0,0.0,0.0,1007713.0,3.0,0.0
2020-03-15,0.0,0.0,0.0,0.0,0.0,1008773.0,3.0,0.0
2020-03-16,0.0,0.0,0.0,0.0,1.0,1009970.0,3.0,0.0
2020-03-17,0.0,0.0,0.0,0.0,2.0,1009912.0,3.0,0.0
2020-03-18,1.0,1.0,0.0,0.0,2.0,1011402.0,3.0,0.0
2020-03-19,1.0,0.0,1.0,0.0,3.0,1010591.0,3.0,0.0
2020-03-20,3.0,0.0,1.0,0.0,4.0,1011356.0,3.0,0.0
2020-03-21,3.0,0.0,0.0,1.0,4.0,1011798.0,3.0,0.0
2020-03-22,4.0,2.0,1.0,1.0,3.0,1013702.0,4.0,1.0
2020-03-23,10.0,1.0,1.0,3.0,1.0,1013646.0,5.0,1.0
2020-03-24,13.0,4.0,1.0,2.0,3.0,1013146.0,7.0,2.0
2020-03-25,10.0,5.0,3.0,1.0,3.0,1013642.0,10.0,3.0
2020-03-26,13.0,1.0,2.0,4.0,2.0,1014406.0,11.0,1.0
2020-03-27,17.0,4.0,2.0,2.0,9.0,1014637.0,15.0,4.0
2020-03-28,23.0,7.0,3.0,3.0,8.0,1014304.0,21.0,6.0
2020-03-29,32.0,6.0,7.0,3.0,11.0,1014454.0,26.0,5.0
2020-03-30,40.0,3.0,6.0,7.0,10.0,1014562.0,28.0,2.0
2020-03-31,38.0,5.0,7.0,4.0,13.0,1014546.0,32.0,4.0
2020-04-01,47.0,10.0,4.0,7.0,15.0,1014614.0,38.0,6.0
2020-04-02,55.0,11.0,3.0,5.0,24.0,1014994.0,44.0,6.0
2020-04-03,44.0,24.0,8.0,5.0,28.0,1017336.0,64.0,20.0
2020-04-04,61.0,15.0,16.0,9.0,34.0,1017689.0,74.0,10.0
2020-04-05,66.0,9.0,18.0,6.0,36.0,1017243.0,86.0,12.0
2020-04-06,79.0,14.0,22.0,12.0,45.0,1017165.0,102.0,16.0
2020-04-07,95.0,21.0,18.0,21.0,57.0,1017208.0,121.0,19.0
2020-04-08,109.0,28.0,9.0,22.0,64.0,1017304.0,139.0,18.0
2020-04-09,124.0,31.0,17.0,14.0,72.0,1017729.0,163.0,24.0
2020-04-10,147.0,34.0,28.0,20.0,74.0,1018665.0,190.0,27.0
2020-04-11,192.0,43.0,31.0,17.0,95.0,1018787.0,221.0,31.0
2020-04-12,214.0,40.0,36.0,38.0,113.0,1017010.0,259.0,38.0
2020-04-13,261.0,56.0,35.0,38.0,120.0,1018498.0,300.0,41.0
2020-04-14,311.0,64.0,53.0,36.0,147.0,1017772.0,357.0,57.0
2020-04-15,340.0,78.0,65.0,40.0,191.0,1017767.0,423.0,66.0
2020-04-16,407.0,105.0,63.0,58.0,222.0,1018348.0,497.0,74.0
2020-04-17,535.0,114.0,84.0,57.0,272.0,1017999.0,584.0,87.0
2020-04-18,588.0,110.0,106.0,83.0,297.0,1018940.0,670.0,86.0
2020-04-19,714.0,137.0,107.0,104.0,382.0,1018536.0,783.0,113.0
2020-04-20,840.0,168.0,112.0,108.0,433.0,1017737.0,905.0,122.0
2020-04-21,998.0,208.0,155.0,142.0,490.0,1018078.0,1064.0,159.0
2020-04-22,1175.0,240.0,198.0,137.0,594.0,1017696.0,1252.0,188.0
2020-04-23,1353.0,307.0,234.0,178.0,727.0,1017097.0,1489.0,237.0
2020-04-24,1690.0,344.0,280.0,241.0,833.0,1016894.0,1743.0,254.0
2020-04-25,1972.0,432.0,319.0,271.0,994.0,1016397.0,2086.0,343.0
2020-04-26,2352.0,521.0,399.0,324.0,1162.0,1015766.0,2497.0,411.0
2020-04-27,2843.0,588.0,482.0,394.0,1403.0,1016135.0,2949.0,452.0
2020-04-28,3337.0,722.0,593.0,428.0,1761.0,1014064.0,3525.0,576.0
2020-04-29,3925.0,859.0,684.0,503.0,2023.0,1013796.0,4225.0,700.0
2020-04-30,4631.0,986.0,791.0,616.0,2309.0,1010864.0,5018.0,793.0
2020-05-01,5486.0,1202.0,949.0,769.0,2724.0,1010089.0,5990.0,972.0
2020-05-02,6605.0,1404.0,1129.0,912.0,3213.0,1007116.0,7107.0,1117.0
2020-05-03,7863.0,1673.0,1329.0,1089.0,3820.0,1005314.0,8460.0,1353.0
2020-05-04,9280.0,2007.0,1565.0,1223.0,4614.0,1004055.0,10031.0,1571.0
2020-05-05,11091.0,2372.0,1855.0,1467.0,5444.0,1000179.0,11924.0,1893.0
2020-05-06,13072.0,2826.0,2204.0,1781.0,6277.0,995335.0,14141.0,2217.0
2020-05-07,15381.0,3445.0,2596.0,2086.0,7562.0,991873.0,16792.0,2651.0
2020-05-08,18133.0,3956.0,3088.0,2531.0,8984.0,985767.0,19854.0,3062.0
2020-05-09,21605.0,4662.0,3673.0,2917.0,10811.0,978245.0,23397.0,3543.0
2020-05-10,25218.0,5512.0,4325.0,3349.0,12760.0,971231.0,27679.0,4282.0
2020-05-11,29800.0,6488.0,5268.0,3957.0,15056.0,962514.0,32672.0,4993.0
2020-05-12,34773.0,7594.0,6162.0,4674.0,17846.0,951849.0,38675.0,6003.0
2020-05-13,40669.0,8907.0,6957.0,5513.0,21203.0,941090.0,45530.0,6855.0
2020-05-14,47078.0,10204.0,8100.0,6494.0,24946.0,927699.0,53550.0,8020.0
2020-05-15,54677.0,11848.0,9479.0,7703.0,29622.0,910469.0,62693.0,9143.0
2020-05-16,63171.0,14082.0,11098.0,8976.0,35251.0,892122.0,73549.0,10856.0
2020-05-17,72574.0,16284.0,12958.0,10536.0,41123.0,870931.0,86052.0,12503.0
2020-05-18,83184.0,18840.0,15114.0,12322.0,48176.0,846672.0,100456.0,14404.0
2020-05-19,95076.0,21179.0,17517.0,14251.0,56537.0,820124.0,116513.0,16057.0
2020-05-20,107319.0,24422.0,19880.0,16627.0,66473.0,789295.0,135096.0,18583.0
2020-05-21,120640.0,27606.0,22841.0,18842.0,77806.0,756906.0,155885.0,20789.0
2020-05-22,133659.0,31044.0,26064.0,21437.0,90584.0,721628.0,179432.0,23547.0
2020-05-23,147567.0,34897.0,28980.0,24536.0,105254.0,684512.0,205626.0,26194.0
2020-05-24,161434.0,38460.0,32794.0,27443.0,121678.0,643233.0,234126.0,28500.0
2020-05-25,174686.0,42653.0,36457.0,30874.0,140647.0,601456.0,265889.0,31763.0
2020-05-26,186840.0,45374.0,39873.0,34511.0,161417.0,558216.0,299150.0,33261.0
2020-05-27,197372.0,49139.0,43235.0,37988.0,184761.0,513709.0,335154.0,36004.0
2020-05-28,204825.0,52329.0,46745.0,41312.0,209954.0,470577.0,372929.0,37775.0
2020-05-29,210917.0,54553.0,49758.0,44350.0,237579.0,428584.0,411653.0,38724.0
2020-05-30,213942.0,56523.0,51917.0,47378.0,267197.0,388976.0,451416.0,39763.0
2020-05-31,214762.0,57306.0,54535.0,50247.0,298467.0,350404.0,491752.0,40336.0
2020-06-01,212535.0,58412.0,55590.0,52672.0,331760.0,314981.0,532370.0,40618.0
2020-06-02,208115.0,57806.0,56712.0,54165.0,365365.0,283175.0,571886.0,39516.0
2020-06-03,201413.0,56715.0,56903.0,54899.0,400813.0,254624.0,610233.0,38347.0
2020-06-04,192916.0,55441.0,56752.0,56029.0,436110.0,229305.0,647804.0,37571.0
2020-06-05,183765.0,53531.0,55396.0,55780.0,472551.0,205705.0,683313.0,35509.0
2020-06-06,172431.0,51037.0,53666.0,55352.0,508920.0,185926.0,717046.0,33733.0
2020-06-07,160828.0,48196.0,51672.0,54050.0,542784.0,169098.0,748503.0,31457.0
2020-06-08,149535.0,45302.0,49243.0,51932.0,577956.0,153866.0,778038.0,29535.0
2020-06-09,137126.0,42532.0,46530.0,49941.0,610830.0,140484.0,805424.0,27386.0
2020-06-10,125244.0,39103.0,43730.0,47485.0,641741.0,129488.0,830426.0,25002.0
2020-06-11,114561.0,36208.0,40775.0,44990.0,670987.0,119761.0,853295.0,22869.0
2020-06-12,104503.0,33146.0,37637.0,41807.0,699695.0,111030.0,873999.0,20704.0
2020-06-13,93904.0,30287.0,34565.0,38897.0,725695.0,104693.0,892965.0,18966.0
2020-06-14,84834.0,27695.0,31654.0,36054.0,749101.0,98908.0,910018.0,17053.0
2020-06-15,75929.0,24711.0,28855.0,32906.0,770013.0,93950.0,925320.0,15302.0
2020-06-16,68449.0,22374.0,26146.0,30383.0,790429.0,89275.0,939106.0,13786.0
2020-06-17,61318.0,19972.0,23891.0,27722.0,808086.0,85496.0,951545.0,12439.0
2020-06-18,54559.0,17983.0,21481.0,25167.0,827375.0,81818.0,962620.0,11075.0
2020-06-19,48570.0,16441.0,19359.0,22682.0,841865.0,78694.0,972649.0,10029.0
2020-06-20,43382.0,14540.0,17357.0,20686.0,855950.0,76079.0,981387.0,8738.0
2020-06-21,38504.0,13005.0,15520.0,18748.0,868660.0,74202.0,989234.0,7847.0
2020-06-22,34312.0,11453.0,13846.0,16720.0,879345.0,71974.0,996283.0,7049.0
2020-06-23,30431.0,10225.0,12536.0,14846.0,889505.0,70407.0,1002573.0,6290.0
2020-06-24,27150.0,9320.0,11241.0,13257.0,898074.0,69021.0,1008048.0,5475.0
2020-06-25,24223.0,8167.0,9998.0,12150.0,906115.0,67470.0,1012978.0,4930.0
2020-06-26,21235.0,7310.0,8771.0,10636.0,914435.0,66385.0,1017305.0,4327.0
2020-06-27,18908.0,6352.0,7989.0,9524.0,920357.0,65727.0,1021130.0,3825.0
2020-06-28,16518.0,5767.0,6923.0,8529.0,924693.0,65003.0,1024565.0,3435.0
2020-06-29,14749.0,4991.0,6120.0,7514.0,930812.0,64244.0,1027519.0,2954.0
2020-06-30,13003.0,4407.0,5386.0,6637.0,933918.0,63830.0,1030159.0,2640.0
2020-07-01,11537.0,3823.0,4836.0,6009.0,939458.0,63207.0,1032432.0,2273.0
2020-07-02,10157.0,3409.0,4231.0,5212.0,941902.0,62526.0,1034477.0,2045.0
2020-07-03,9026.0,2972.0,3704.0,4693.0,945879.0,62097.0,1036232.0,1755.0
2020-07-04,7983.0,2674.0,3202.0,3986.0,949228.0,61898.0,1037861.0,1629.0
2020-07-05,6957.0,2316.0,2918.0,3583.0,949672.0,61694.0,1039271.0,1410.0
2020-07-06,6253.0,2110.0,2460.0,3194.0,952296.0,61457.0,1040517.0,1246.0
