time,E,I1,I2,I3,R,S,cumI,diffI
2020-03-06,0.0,1.0,2.0,0.0,0.0,969832.0,0.0,0.0
2020-03-07,1.0,0.0,1.0,1.0,0.0,971268.0,0.0,0.0
2020-03-08,1.0,0.0,0.0,1.0,1.0,979007.0,1.0,1.0
2020-03-09,1.0,0.0,0.0,0.0,2.0,986139.0,1.0,0.0
2020-03-10,2.0,0.0,0.0,0.0,2.0,991186.0,1.0,0.0
2020-03-11,1.0,0.0,0.0,0.0,1.0,995947.0,1.0,0.0
2020-03-12,0.0,0.0,0.0,0.0,1.0,999855.0,2.0,1.0
2020-03-13,0.0,0.0,0.0,0.0,1.0,1004715.0,2.0,0.0
2020-03-14,0.0,0.0,0.0,0.0,0.0,1006208.0,2.0,0.0
2020-03-15,1.0,0.0,0.0,0.0,1.0,1007937.0,2.0,0.0
2020-03-16,2.0,1.0,0.0,0.0,1.0,1009042.0,3.0,1.0
2020-03-17,2.0,0.0,1.0,0.0,1.0,1010407.0,3.0,0.0
2020-03-18,2.0,0.0,1.0,0.0,0.0,1011319.0,3.0,0.0
2020-03-19,4.0,0.0,1.0,0.0,1.0,1013340.0,3.0,0.0
2020-03-20,4.0,0.0,0.0,1.0,2.0,1013584.0,3.0,0.0
2020-03-21,3.0,0.0,0.0,1.0,3.0,1011726.0,3.0,0.0
2020-03-22,4.0,2.0,0.0,2.0,4.0,1012142.0,5.0,2.0
2020-03-23,4.0,0.0,1.0,1.0,2.0,1011922.0,5.0,0.0
2020-03-24,6.0,1.0,1.0,2.0,1.0,1013608.0,6.0,1.0
2020-03-25,6.0,1.0,2.0,2.0,1.0,1014159.0,8.0,2.0
2020-03-26,11.0,2.0,1.0,2.0,3.0,1015200.0,9.0,1.0
2020-03-27,5.0,4.0,1.0,1.0,4.0,1014389.0,12.0,3.0
2020-03-28,7.0,3.0,2.0,3.0,3.0,1015152.0,14.0,2.0
2020-03-29,13.0,2.0,5.0,2.0,3.0,1013908.0,15.0,1.0
2020-03-30,14.0,2.0,1.0,3.0,6.0,1014944.0,16.0,1.0
2020-03-31,12.0,5.0,2.0,1.0,7.0,1015775.0,20.0,4.0
2020-04-01,16.0,3.0,2.0,3.0,10.0,1016435.0,22.0,2.0
2020-04-02,22.0,7.0,1.0,2.0,11.0,1018273.0,26.0,4.0
2020-04-03,25.0,9.0,4.0,1.0,16.0,1017487.0,29.0,3.0
2020-04-04,44.0,2.0,4.0,2.0,14.0,1017650.0,32.0,3.0
2020-04-05,43.0,8.0,4.0,1.0,18.0,1017680.0,40.0,8.0
2020-04-06,47.0,8.0,7.0,5.0,23.0,1016729.0,47.0,7.0
2020-04-07,49.0,11.0,7.0,6.0,28.0,1016930.0,55.0,8.0
2020-04-08,54.0,13.0,8.0,4.0,32.0,1017689.0,63.0,8.0
2020-04-09,60.0,15.0,9.0,8.0,33.0,1018370.0,74.0,11.0
2020-04-10,68.0,14.0,10.0,14.0,32.0,1018536.0,89.0,15.0
2020-04-11,87.0,21.0,10.0,14.0,40.0,1017293.0,108.0,19.0
2020-04-12,100.0,21.0,15.0,12.0,51.0,1017018.0,120.0,12.0
2020-04-13,113.0,26.0,23.0,14.0,49.0,1016174.0,146.0,26.0
2020-04-14,126.0,26.0,22.0,16.0,56.0,1018379.0,164.0,18.0
2020-04-15,143.0,21.0,25.0,24.0,81.0,1019554.0,182.0,18.0
2020-04-16,182.0,32.0,27.0,25.0,88.0,1019028.0,207.0,25.0
2020-04-17,227.0,42.0,32.0,24.0,88.0,1019241.0,234.0,27.0
2020-04-18,259.0,52.0,43.0,31.0,113.0,1019334.0,278.0,44.0
2020-04-19,298.0,63.0,49.0,46.0,139.0,1018951.0,328.0,50.0
2020-04-20,331.0,84.0,65.0,46.0,174.0,1018791.0,397.0,69.0
2020-04-21,388.0,79.0,73.0,56.0,199.0,1018992.0,460.0,63.0
2020-04-22,514.0,89.0,91.0,68.0,231.0,1019307.0,532.0,72.0
2020-04-23,597.0,117.0,99.0,86.0,270.0,1020453.0,637.0,105.0
2020-04-24,725.0,130.0,115.0,100.0,353.0,1021236.0,746.0,109.0
2020-04-25,885.0,180.0,156.0,111.0,420.0,1021626.0,895.0,149.0
2020-04-26,1047.0,227.0,165.0,142.0,486.0,1019583.0,1073.0,178.0
2020-04-27,1247.0,271.0,192.0,159.0,609.0,1019304.0,1286.0,213.0
2020-04-28,1440.0,317.0,248.0,183.0,722.0,1019355.0,1514.0,228.0
2020-04-29,1692.0,385.0,302.0,223.0,851.0,1019433.0,1812.0,298.0
2020-04-30,2032.0,448.0,335.0,298.0,984.0,1018803.0,2146.0,334.0
2020-05-01,2460.0,528.0,388.0,318.0,1149.0,1017382.0,2548.0,402.0
2020-05-02,2886.0,673.0,485.0,360.0,1395.0,1017250.0,3081.0,533.0
2020-05-03,3404.0,757.0,635.0,440.0,1650.0,1016575.0,3655.0,574.0
2020-05-04,4096.0,863.0,727.0,549.0,1905.0,1015602.0,4342.0,687.0
2020-05-05,4926.0,985.0,849.0,671.0,2315.0,1013695.0,5148.0,806.0
2020-05-06,5742.0,1236.0,983.0,689.0,2768.0,1011030.0,6122.0,974.0
2020-05-07,6667.0,1476.0,1174.0,878.0,3277.0,1009711.0,7303.0,1181.0
2020-05-08,7905.0,1718.0,1379.0,1046.0,3861.0,1008076.0,8620.0,1317.0
2020-05-09,9564.0,2033.0,1579.0,1246.0,4522.0,1004065.0,10182.0,1562.0
2020-05-10,11341.0,2376.0,1886.0,1554.0,5454.0,1002308.0,12047.0,1865.0
2020-05-11,13309.0,2907.0,2257.0,1774.0,6611.0,997784.0,14340.0,2293.0
2020-05-12,15645.0,3339.0,2682.0,2062.0,7837.0,993136.0,16954.0,2614.0
2020-05-13,18469.0,4010.0,3111.0,2455.0,9277.0,986457.0,20039.0,3085.0
2020-05-14,21845.0,4753.0,3717.0,2887.0,10983.0,979686.0,23727.0,3688.0
2020-05-15,25625.0,5558.0,4452.0,3469.0,13026.0,970996.0,28037.0,4310.0
2020-05-16,30484.0,6595.0,5265.0,4136.0,15377.0,962396.0,33187.0,5150.0
2020-05-17,35718.0,7811.0,6272.0,4844.0,18349.0,951074.0,39333.0,6146.0
2020-05-18,41613.0,9074.0,7325.0,5771.0,21451.0,939082.0,46268.0,6935.0
2020-05-19,48218.0,10763.0,8627.0,6825.0,25424.0,925735.0,54672.0,8404.0
2020-05-20,56443.0,12527.0,10007.0,8039.0,30450.0,908198.0,64381.0,9709.0
2020-05-21,65543.0,14591.0,11582.0,9376.0,35652.0,888022.0,75442.0,11061.0
2020-05-22,75553.0,17013.0,13456.0,11004.0,42116.0,866534.0,88497.0,13055.0
2020-05-23,86117.0,19493.0,15682.0,12713.0,49795.0,842539.0,103426.0,14929.0
2020-05-24,98039.0,22125.0,18011.0,14703.0,58569.0,814982.0,120331.0,16905.0
2020-05-25,110810.0,25400.0,20802.0,16690.0,68813.0,785074.0,139714.0,19383.0
2020-05-26,124172.0,28293.0,23896.0,19355.0,80480.0,749962.0,161348.0,21634.0
2020-05-27,137499.0,31980.0,26981.0,22292.0,93482.0,713508.0,185432.0,24084.0
2020-05-28,151947.0,35992.0,30084.0,25381.0,109059.0,674334.0,212320.0,26888.0
2020-05-29,165639.0,39458.0,33829.0,28416.0,126367.0,632924.0,241709.0,29389.0
2020-05-30,178654.0,42795.0,37584.0,31956.0,145598.0,590819.0,273494.0,31785.0
2020-05-31,190376.0,46732.0,40935.0,35327.0,167214.0,546462.0,307870.0,34376.0
2020-06-01,200062.0,49904.0,44489.0,38887.0,191017.0,502736.0,344394.0,36524.0
2020-06-02,207872.0,52785.0,47393.0,42317.0,217154.0,459588.0,382254.0,37860.0
2020-06-03,212089.0,54996.0,50808.0,45500.0,245250.0,418205.0,421674.0,39420.0
2020-06-04,215895.0,56769.0,53262.0,48312.0,275803.0,378307.0,461850.0,40176.0
2020-06-05,215192.0,57715.0,55305.0,50968.0,307446.0,340615.0,502461.0,40611.0
2020-06-06,213060.0,57928.0,56754.0,52985.0,340488.0,305681.0,542584.0,40123.0
2020-06-07,207301.0,57801.0,57154.0,54837.0,374979.0,274158.0,582155.0,39571.0
2020-06-08,199421.0,56879.0,56862.0,55558.0,410957.0,246190.0,620665.0,38510.0
2020-06-09,190413.0,55062.0,56428.0,55810.0,448124.0,221689.0,657776.0,37111.0
2020-06-10,180103.0,53041.0,54685.0,55765.0,483465.0,199344.0,692680.0,34904.0
2020-06-11,169597.0,50229.0,52795.0,54880.0,518879.0,180235.0,725401.0,32721.0
2020-06-12,157895.0,47335.0,50898.0,53421.0,554294.0,163214.0,756102.0,30701.0
2020-06-13,146144.0,44609.0,48654.0,51531.0,588457.0,149111.0,784845.0,28743.0
2020-06-14,134750.0,41567.0,45814.0,49512.0,620008.0,136512.0,811541.0,26696.0
2020-06-15,122995.0,38071.0,42986.0,46522.0,650399.0,125728.0,835974.0,24433.0
2020-06-16,111602.0,35013.0,40029.0,43846.0,680033.0,116615.0,858152.0,22178.0
2020-06-17,101587.0,32171.0,36577.0,41086.0,706819.0,108878.0,878308.0,20156.0
2020-06-18,91985.0,29498.0,33726.0,38094.0,731973.0,102286.0,896757.0,18449.0
2020-06-19,82132.0,26734.0,31222.0,35197.0,755132.0,96808.0,913441.0,16684.0
2020-06-20,73681.0,24117.0,28370.0,32379.0,776786.0,91929.0,928458.0,15017.0
2020-06-21,66006.0,21668.0,25684.0,29523.0,795980.0,87334.0,941900.0,13442.0
2020-06-22,59261.0,19485.0,23186.0,26871.0,814727.0,83222.0,953995.0,12095.0
2020-06-23,52535.0,17575.0,20722.0,24610.0,830544.0,79850.0,964817.0,10822.0
2020-06-24,46754.0,15635.0,18577.0,22425.0,846162.0,77286.0,974190.0,9373.0
2020-06-25,42172.0,13853.0,16781.0,19836.0,858817.0,74944.0,982605.0,8415.0
2020-06-26,37590.0,12473.0,15149.0,17935.0,872799.0,72687.0,990302.0,7697.0
2020-06-27,33397.0,11260.0,13579.0,16179.0,882901.0,70924.0,997037.0,6735.0
2020-06-28,29635.0,9904.0,12156.0,14345.0,893013.0,69421.0,1003048.0,6011.0
2020-06-29,26280.0,8730.0,10794.0,13037.0,902128.0,68113.0,1008399.0,5351.0
2020-06-30,23102.0,7792.0,9475.0,11643.0,909824.0,66923.0,1013096.0,4697.0
2020-07-01,20338.0,6973.0,8339.0,10184.0,915485.0,66079.0,1017267.0,4171.0
2020-07-02,18092.0,6066.0,7468.0,9130.0,921890.0,65057.0,1020959.0,3692.0
2020-07-03,15999.0,5355.0,6576.0,8247.0,926449.0,64483.0,1024220.0,3261.0
2020-07-04,14181.0,4790.0,5872.0,7194.0,932930.0,63827.0,1027010.0,2790.0
2020-07-05,12571.0,4208.0,5234.0,6362.0,937087.0,63299.0,1029572.0,2562.0
2020-07-06,11132.0,3764.0,4608.0,5713.0,939941.0,62561.0,1031825.0,2253.0
