time,E,I1,I2,I3,R,S,cumI,diffI
2020-03-06,1.0,3.0,0.0,0.0,0.0,970436.0,0.0,0.0
2020-03-07,2.0,0.0,2.0,0.0,0.0,972255.0,0.0,0.0
2020-03-08,2.0,0.0,1.0,1.0,0.0,979607.0,0.0,0.0
2020-03-09,1.0,0.0,0.0,1.0,1.0,987641.0,0.0,0.0
2020-03-10,2.0,0.0,0.0,0.0,2.0,992707.0,0.0,0.0
2020-03-11,3.0,0.0,0.0,0.0,2.0,997787.0,0.0,0.0
2020-03-12,3.0,0.0,0.0,0.0,1.0,1000549.0,1.0,1.0
2020-03-13,2.0,0.0,0.0,0.0,0.0,1004929.0,1.0,0.0
2020-03-14,2.0,0.0,0.0,0.0,0.0,1006836.0,1.0,0.0
2020-03-15,2.0,0.0,1.0,0.0,0.0,1008793.0,2.0,1.0
2020-03-16,1.0,1.0,0.0,0.0,0.0,1009596.0,3.0,1.0
2020-03-17,1.0,0.0,0.0,0.0,0.0,1010747.0,3.0,0.0
2020-03-18,1.0,1.0,0.0,0.0,0.0,1012269.0,3.0,0.0
2020-03-19,6.0,1.0,0.0,1.0,1.0,1011390.0,3.0,0.0
2020-03-20,4.0,0.0,0.0,1.0,1.0,1012603.0,3.0,0.0
2020-03-21,6.0,2.0,0.0,0.0,2.0,1014242.0,5.0,2.0
2020-03-22,7.0,3.0,1.0,0.0,0.0,1013487.0,6.0,1.0
2020-03-23,8.0,1.0,3.0,0.0,1.0,1014996.0,7.0,1.0
2020-03-24,6.0,3.0,2.0,1.0,3.0,1015029.0,11.0,4.0
2020-03-25,6.0,3.0,1.0,2.0,5.0,1014748.0,13.0,2.0
2020-03-26,8.0,1.0,1.0,2.0,5.0,1014861.0,14.0,1.0
2020-03-27,10.0,1.0,1.0,2.0,4.0,1015663.0,15.0,1.0
2020-03-28,9.0,3.0,0.0,0.0,3.0,1016584.0,17.0,2.0
2020-03-29,12.0,3.0,2.0,1.0,1.0,1015917.0,20.0,3.0
2020-03-30,17.0,2.0,5.0,3.0,3.0,1017198.0,22.0,2.0
2020-03-31,14.0,2.0,5.0,4.0,7.0,1016724.0,23.0,1.0
2020-04-01,14.0,5.0,5.0,5.0,12.0,1016908.0,28.0,5.0
2020-04-02,25.0,7.0,1.0,6.0,15.0,1017526.0,32.0,4.0
2020-04-03,30.0,1.0,5.0,2.0,16.0,1019396.0,36.0,4.0
2020-04-04,30.0,11.0,3.0,5.0,21.0,1018512.0,46.0,10.0
2020-04-05,46.0,11.0,4.0,4.0,25.0,1019091.0,51.0,5.0
2020-04-06,62.0,14.0,7.0,4.0,33.0,1018838.0,59.0,8.0
2020-04-07,65.0,13.0,6.0,4.0,26.0,1017805.0,65.0,6.0
2020-04-08,71.0,7.0,9.0,5.0,24.0,1016739.0,71.0,6.0
2020-04-09,73.0,16.0,9.0,7.0,30.0,1016479.0,89.0,18.0
2020-04-10,72.0,14.0,9.0,10.0,34.0,1018776.0,99.0,10.0
2020-04-11,98.0,27.0,17.0,23.0,38.0,1018515.0,119.0,20.0
2020-04-12,126.0,30.0,23.0,18.0,50.0,1018635.0,135.0,16.0
2020-04-13,145.0,38.0,30.0,13.0,77.0,1019354.0,162.0,27.0
2020-04-14,196.0,40.0,30.0,26.0,89.0,1019809.0,185.0,23.0
2020-04-15,205.0,51.0,35.0,34.0,108.0,1019330.0,229.0,44.0
2020-04-16,260.0,38.0,45.0,36.0,116.0,1018178.0,260.0,31.0
2020-04-17,284.0,60.0,48.0,32.0,130.0,1018394.0,317.0,57.0
2020-04-18,327.0,71.0,61.0,34.0,156.0,1018775.0,375.0,58.0
2020-04-19,369.0,93.0,69.0,57.0,173.0,1017591.0,446.0,71.0
2020-04-20,446.0,112.0,64.0,43.0,205.0,1017956.0,533.0,87.0
2020-04-21,519.0,123.0,94.0,63.0,248.0,1017886.0,620.0,87.0
2020-04-22,597.0,139.0,113.0,86.0,304.0,1019028.0,729.0,109.0
2020-04-23,765.0,165.0,144.0,99.0,350.0,1020375.0,854.0,125.0
2020-04-24,919.0,198.0,164.0,122.0,423.0,1019182.0,1017.0,163.0
2020-04-25,1105.0,244.0,192.0,145.0,466.0,1019477.0,1194.0,177.0
2020-04-26,1307.0,297.0,226.0,154.0,598.0,1019062.0,1408.0,214.0
2020-04-27,1488.0,321.0,257.0,196.0,698.0,1019848.0,1665.0,257.0
2020-04-28,1672.0,377.0,280.0,246.0,812.0,1018486.0,1952.0,287.0
2020-04-29,2010.0,448.0,319.0,283.0,1016.0,1017615.0,2286.0,334.0
2020-04-30,2481.0,566.0,415.0,338.0,1193.0,1018148.0,2718.0,432.0
2020-05-01,2941.0,619.0,470.0,421.0,1460.0,1018283.0,3188.0,470.0
2020-05-02,3542.0,726.0,559.0,464.0,1770.0,1017144.0,3762.0,574.0
2020-05-03,4187.0,859.0,668.0,564.0,2080.0,1016258.0,4452.0,690.0
2020-05-04,5008.0,1000.0,833.0,660.0,2420.0,1014287.0,5237.0,785.0
2020-05-05,5808.0,1258.0,952.0,781.0,2845.0,1011436.0,6268.0,1031.0
2020-05-06,6835.0,1509.0,1200.0,883.0,3337.0,1008644.0,7435.0,1167.0
2020-05-07,8346.0,1745.0,1417.0,1175.0,3945.0,1005220.0,8794.0,1359.0
2020-05-08,9860.0,2107.0,1634.0,1380.0,4751.0,1002914.0,10484.0,1690.0
2020-05-09,11680.0,2576.0,1987.0,1565.0,5633.0,999835.0,12475.0,1991.0
2020-05-10,13888.0,2954.0,2282.0,1861.0,6862.0,994782.0,14829.0,2354.0
2020-05-11,16204.0,3514.0,2786.0,2123.0,7989.0,990337.0,17558.0,2729.0
2020-05-12,19299.0,4225.0,3290.0,2663.0,9490.0,985032.0,20831.0,3273.0
2020-05-13,22599.0,4875.0,3862.0,3014.0,11218.0,977795.0,24542.0,3711.0
2020-05-14,26471.0,5630.0,4487.0,3610.0,13487.0,970220.0,28926.0,4384.0
2020-05-15,30853.0,6612.0,5380.0,4289.0,15882.0,960998.0,34083.0,5157.0
2020-05-16,36105.0,7867.0,6218.0,4900.0,18752.0,949413.0,40187.0,6104.0
2020-05-17,42046.0,9087.0,7325.0,5847.0,22094.0,937691.0,47373.0,7186.0
2020-05-18,48928.0,10605.0,8500.0,6827.0,26085.0,922630.0,55516.0,8143.0
2020-05-19,56949.0,12682.0,9899.0,8084.0,30923.0,905819.0,65349.0,9833.0
2020-05-20,65674.0,14776.0,11688.0,9321.0,36274.0,887823.0,76610.0,11261.0
2020-05-21,75573.0,17073.0,13817.0,10842.0,42896.0,865953.0,89700.0,13090.0
2020-05-22,86661.0,19353.0,15903.0,12657.0,50497.0,839815.0,104530.0,14830.0
2020-05-23,98328.0,22061.0,18326.0,14727.0,59436.0,811897.0,121417.0,16887.0
2020-05-24,111174.0,25177.0,21023.0,16929.0,69468.0,780963.0,140718.0,19301.0
2020-05-25,124845.0,28739.0,24046.0,19482.0,81397.0,747598.0,162508.0,21790.0
2020-05-26,139227.0,32281.0,27086.0,22518.0,95033.0,710629.0,186925.0,24417.0
2020-05-27,153392.0,36197.0,30333.0,25601.0,110233.0,670897.0,214086.0,27161.0
2020-05-28,166749.0,39824.0,34511.0,28750.0,127612.0,628586.0,244015.0,29929.0
2020-05-29,179459.0,43640.0,37850.0,32207.0,146755.0,586395.0,276233.0,32218.0
2020-05-30,190808.0,47246.0,41277.0,35581.0,169429.0,541592.0,310690.0,34457.0
2020-05-31,200421.0,50280.0,45075.0,39357.0,193562.0,498574.0,347434.0,36744.0
2020-06-01,209035.0,52806.0,48088.0,42649.0,220434.0,455595.0,385507.0,38073.0
2020-06-02,214028.0,55263.0,50664.0,45854.0,248176.0,412681.0,425099.0,39592.0
2020-06-03,215745.0,56650.0,53528.0,48982.0,278591.0,373110.0,465355.0,40256.0
2020-06-04,214400.0,57779.0,54940.0,51347.0,310893.0,336226.0,505861.0,40506.0
2020-06-05,211568.0,57715.0,56808.0,53454.0,344003.0,302091.0,545976.0,40115.0
2020-06-06,206649.0,57352.0,57045.0,55246.0,379518.0,271760.0,585183.0,39207.0
2020-06-07,198780.0,56354.0,56999.0,56175.0,415863.0,244592.0,623494.0,38311.0
2020-06-08,189840.0,54830.0,55830.0,56197.0,451207.0,218433.0,660146.0,36652.0
2020-06-09,179252.0,52384.0,54671.0,55890.0,488350.0,196992.0,694720.0,34574.0
2020-06-10,168259.0,49932.0,52333.0,55216.0,523840.0,177548.0,727504.0,32784.0
2020-06-11,155488.0,47448.0,50639.0,53091.0,559494.0,161181.0,758467.0,30963.0
2020-06-12,143903.0,44342.0,48165.0,51149.0,592734.0,146967.0,786942.0,28475.0
2020-06-13,132042.0,41118.0,45411.0,48925.0,624457.0,134811.0,813116.0,26174.0
2020-06-14,120632.0,37769.0,41970.0,46233.0,654445.0,124278.0,836959.0,23843.0
2020-06-15,109635.0,35076.0,39248.0,43262.0,684565.0,115299.0,858985.0,22026.0
2020-06-16,99409.0,31962.0,36262.0,40709.0,711559.0,107691.0,878938.0,19953.0
2020-06-17,89816.0,28947.0,33082.0,37896.0,736804.0,100984.0,896847.0,17909.0
2020-06-18,81478.0,26158.0,30386.0,34996.0,759617.0,94916.0,913033.0,16186.0
2020-06-19,73211.0,23701.0,27693.0,32082.0,781732.0,90509.0,927565.0,14532.0
2020-06-20,65567.0,21391.0,25214.0,29370.0,800260.0,86275.0,940919.0,13354.0
2020-06-21,58793.0,19275.0,22803.0,26615.0,817662.0,82762.0,952643.0,11724.0
2020-06-22,52233.0,17493.0,20654.0,24087.0,832981.0,80122.0,963383.0,10740.0
2020-06-23,46289.0,15470.0,18474.0,21856.0,848417.0,76941.0,972811.0,9428.0
2020-06-24,41312.0,13654.0,16634.0,19794.0,862238.0,74818.0,981144.0,8333.0
2020-06-25,36624.0,12194.0,14635.0,18002.0,873892.0,72765.0,988542.0,7398.0
2020-06-26,32703.0,11109.0,13257.0,15912.0,883545.0,70984.0,995178.0,6636.0
2020-06-27,29071.0,9865.0,11800.0,14147.0,893693.0,69515.0,1001160.0,5982.0
2020-06-28,25658.0,8898.0,10543.0,12789.0,901979.0,68158.0,1006572.0,5412.0
2020-06-29,22813.0,8010.0,9451.0,11385.0,910186.0,67086.0,1011363.0,4791.0
2020-06-30,19976.0,6864.0,8537.0,10214.0,917088.0,66008.0,1015424.0,4061.0
2020-07-01,18133.0,5950.0,7506.0,9210.0,924026.0,65222.0,1018922.0,3498.0
2020-07-02,15904.0,5405.0,6534.0,8042.0,927806.0,64405.0,1022158.0,3236.0
2020-07-03,13926.0,4719.0,5731.0,7128.0,933386.0,63746.0,1025054.0,2896.0
2020-07-04,12197.0,4191.0,5018.0,6310.0,937644.0,63038.0,1027569.0,2515.0
2020-07-05,10876.0,3755.0,4468.0,5513.0,941832.0,62521.0,1029819.0,2250.0
2020-07-06,9707.0,3289.0,4147.0,4860.0,945731.0,62324.0,1031792.0,1973.0
