time,E,I1,I2,I3,R,S,cumI,diffI
2020-03-06,0.0,2.0,0.0,0.0,0.0,970043.0,0.0,0.0
2020-03-07,1.0,0.0,1.0,0.0,0.0,972486.0,0.0,0.0
2020-03-08,1.0,0.0,0.0,0.0,1.0,979066.0,0.0,0.0
2020-03-09,1.0,1.0,0.0,0.0,0.0,986428.0,1.0,1.0
2020-03-10,0.0,0.0,1.0,0.0,0.0,992804.0,1.0,0.0
2020-03-11,0.0,0.0,0.0,1.0,0.0,996460.0,1.0,0.0
2020-03-12,0.0,0.0,0.0,0.0,0.0,1000573.0,1.0,0.0
2020-03-13,2.0,0.0,0.0,0.0,1.0,1002728.0,1.0,0.0
2020-03-14,3.0,0.0,0.0,0.0,2.0,1005053.0,1.0,0.0
2020-03-15,2.0,0.0,0.0,0.0,1.0,1007474.0,1.0,0.0
2020-03-16,1.0,0.0,0.0,0.0,4.0,1009282.0,1.0,0.0
2020-03-17,0.0,0.0,0.0,0.0,3.0,1010685.0,1.0,0.0
2020-03-18,1.0,0.0,0.0,0.0,1.0,1011664.0,1.0,0.0
2020-03-19,3.0,1.0,0.0,0.0,1.0,1011683.0,2.0,1.0
2020-03-20,1.0,1.0,2.0,0.0,1.0,1011953.0,4.0,2.0
2020-03-21,3.0,2.0,1.0,1.0,2.0,1012163.0,5.0,1.0
2020-03-22,6.0,3.0,0.0,2.0,3.0,1013366.0,7.0,2.0
2020-03-23,10.0,2.0,1.0,1.0,3.0,1013704.0,8.0,1.0
2020-03-24,10.0,4.0,2.0,2.0,4.0,1013174.0,11.0,3.0
2020-03-25,20.0,0.0,3.0,1.0,7.0,1014159.0,11.0,0.0
2020-03-26,12.0,4.0,2.0,2.0,8.0,1013588.0,18.0,7.0
2020-03-27,17.0,5.0,2.0,4.0,9.0,1015506.0,20.0,2.0
2020-03-28,28.0,4.0,8.0,3.0,11.0,1015817.0,25.0,5.0
2020-03-29,31.0,5.0,4.0,6.0,11.0,1016977.0,30.0,5.0
2020-03-30,27.0,6.0,5.0,7.0,13.0,1016671.0,36.0,6.0
2020-03-31,38.0,12.0,3.0,9.0,20.0,1016425.0,46.0,10.0
2020-04-01,47.0,14.0,5.0,9.0,24.0,1016509.0,60.0,14.0
2020-04-02,53.0,13.0,10.0,7.0,26.0,1016077.0,68.0,8.0
2020-04-03,56.0,15.0,9.0,9.0,24.0,1015186.0,78.0,10.0
2020-04-04,52.0,16.0,10.0,6.0,23.0,1016414.0,89.0,11.0
2020-04-05,59.0,13.0,7.0,11.0,25.0,1017228.0,94.0,5.0
2020-04-06,74.0,12.0,14.0,13.0,34.0,1016338.0,101.0,7.0
2020-04-07,78.0,17.0,8.0,13.0,41.0,1017063.0,115.0,14.0
2020-04-08,89.0,26.0,14.0,11.0,52.0,1016476.0,133.0,18.0
2020-04-09,105.0,29.0,23.0,15.0,58.0,1017400.0,160.0,27.0
2020-04-10,132.0,31.0,25.0,18.0,76.0,1017402.0,179.0,19.0
2020-04-11,142.0,35.0,28.0,26.0,83.0,1017895.0,212.0,33.0
2020-04-12,203.0,29.0,30.0,33.0,93.0,1019119.0,237.0,25.0
2020-04-13,235.0,43.0,40.0,34.0,106.0,1018950.0,277.0,40.0
2020-04-14,270.0,56.0,49.0,42.0,125.0,1019193.0,324.0,47.0
2020-04-15,333.0,90.0,52.0,46.0,152.0,1020178.0,398.0,74.0
2020-04-16,395.0,87.0,95.0,54.0,177.0,1019578.0,471.0,73.0
2020-04-17,449.0,90.0,78.0,66.0,218.0,1019186.0,540.0,69.0
2020-04-18,587.0,103.0,93.0,75.0,276.0,1017905.0,623.0,83.0
2020-04-19,703.0,135.0,108.0,89.0,296.0,1019037.0,740.0,117.0
2020-04-20,810.0,173.0,137.0,88.0,379.0,1019196.0,880.0,140.0
2020-04-21,975.0,194.0,166.0,118.0,474.0,1018982.0,1032.0,152.0
2020-04-22,1143.0,233.0,190.0,143.0,561.0,1019512.0,1199.0,167.0
2020-04-23,1360.0,288.0,213.0,180.0,644.0,1019100.0,1417.0,218.0
2020-04-24,1534.0,326.0,252.0,229.0,763.0,1018936.0,1687.0,270.0
2020-04-25,1821.0,369.0,323.0,237.0,903.0,1019365.0,1969.0,282.0
2020-04-26,2183.0,446.0,400.0,278.0,1066.0,1018255.0,2327.0,358.0
2020-04-27,2604.0,544.0,464.0,323.0,1221.0,1016718.0,2754.0,427.0
2020-04-28,3142.0,632.0,507.0,423.0,1482.0,1015252.0,3253.0,499.0
2020-04-29,3750.0,769.0,586.0,498.0,1790.0,1013142.0,3836.0,583.0
2020-04-30,4370.0,980.0,708.0,564.0,2119.0,1013417.0,4593.0,757.0
2020-05-01,5069.0,1128.0,861.0,674.0,2513.0,1011170.0,5479.0,886.0
2020-05-02,5970.0,1243.0,1067.0,792.0,2963.0,1009063.0,6495.0,1016.0
2020-05-03,7117.0,1552.0,1230.0,925.0,3514.0,1006026.0,7739.0,1244.0
2020-05-04,8396.0,1753.0,1458.0,1091.0,4168.0,1003261.0,9120.0,1381.0
2020-05-05,9928.0,2091.0,1680.0,1302.0,4897.0,999846.0,10750.0,1630.0
2020-05-06,11620.0,2507.0,1970.0,1536.0,5865.0,997361.0,12720.0,1970.0
2020-05-07,13964.0,3079.0,2358.0,1867.0,6888.0,993372.0,15096.0,2376.0
2020-05-08,16415.0,3600.0,2932.0,2224.0,8251.0,987982.0,17891.0,2795.0
2020-05-09,19505.0,4245.0,3338.0,2670.0,9958.0,981126.0,21106.0,3215.0
2020-05-10,22935.0,4961.0,4001.0,3060.0,11711.0,975350.0,24958.0,3852.0
2020-05-11,27121.0,5862.0,4759.0,3638.0,13752.0,968073.0,29513.0,4555.0
2020-05-12,31745.0,6866.0,5564.0,4365.0,16332.0,958060.0,34893.0,5380.0
2020-05-13,37444.0,8206.0,6408.0,5128.0,19355.0,946555.0,41133.0,6240.0
2020-05-14,43606.0,9726.0,7561.0,6192.0,22910.0,934376.0,48641.0,7508.0
2020-05-15,50907.0,11213.0,9012.0,7141.0,27114.0,918730.0,57205.0,8564.0
2020-05-16,59152.0,13044.0,10449.0,8456.0,32083.0,901510.0,67377.0,10172.0
2020-05-17,67996.0,15136.0,12277.0,9710.0,37868.0,881414.0,78987.0,11610.0
2020-05-18,78040.0,17273.0,14241.0,11558.0,44722.0,859190.0,92434.0,13447.0
2020-05-19,89986.0,20012.0,16387.0,13238.0,52591.0,832980.0,107658.0,15224.0
2020-05-20,102126.0,22885.0,18933.0,15397.0,61484.0,804062.0,125196.0,17538.0
2020-05-21,114610.0,26199.0,21688.0,17771.0,72168.0,772789.0,145170.0,19974.0
2020-05-22,128121.0,30002.0,24591.0,20327.0,84325.0,737238.0,167885.0,22715.0
2020-05-23,142003.0,33087.0,27943.0,22951.0,98389.0,700194.0,192609.0,24724.0
2020-05-24,155711.0,36997.0,31292.0,26520.0,113891.0,660520.0,220410.0,27801.0
2020-05-25,170007.0,40814.0,34900.0,29761.0,132114.0,618265.0,250700.0,30290.0
2020-05-26,182676.0,44421.0,38513.0,32927.0,152396.0,574230.0,283337.0,32637.0
2020-05-27,193455.0,47728.0,42045.0,36604.0,173914.0,530396.0,318159.0,34822.0
2020-05-28,202844.0,50629.0,45336.0,39854.0,198492.0,487516.0,354828.0,36669.0
2020-05-29,209573.0,53282.0,48730.0,43302.0,225406.0,444667.0,393498.0,38670.0
2020-05-30,213679.0,55512.0,51345.0,46308.0,255407.0,404465.0,432895.0,39397.0
2020-05-31,215382.0,57175.0,53567.0,49368.0,286272.0,366270.0,473009.0,40114.0
2020-06-01,214145.0,57480.0,55331.0,51930.0,318892.0,329346.0,513168.0,40159.0
2020-06-02,211070.0,57464.0,56531.0,53894.0,352699.0,295275.0,552993.0,39825.0
2020-06-03,204706.0,57008.0,56584.0,55220.0,387947.0,264958.0,592087.0,39094.0
2020-06-04,195858.0,56124.0,56365.0,56034.0,424206.0,237504.0,630148.0,38061.0
2020-06-05,186630.0,54047.0,55920.0,55622.0,460617.0,213606.0,666242.0,36094.0
2020-06-06,176177.0,51926.0,54609.0,55361.0,496909.0,192144.0,700558.0,34316.0
2020-06-07,165158.0,49214.0,52511.0,54734.0,530790.0,173602.0,732733.0,32175.0
2020-06-08,153696.0,46443.0,50156.0,53046.0,565487.0,157772.0,763032.0,30299.0
2020-06-09,140933.0,43496.0,47348.0,51123.0,598756.0,144277.0,791157.0,28125.0
2020-06-10,130179.0,40226.0,44525.0,48590.0,630540.0,132776.0,816699.0,25542.0
2020-06-11,118754.0,37318.0,41739.0,45854.0,661116.0,122778.0,840440.0,23741.0
2020-06-12,107698.0,34360.0,38389.0,42942.0,688974.0,114154.0,862091.0,21651.0
2020-06-13,97728.0,31262.0,35524.0,40057.0,715440.0,106808.0,881596.0,19505.0
2020-06-14,88072.0,28372.0,32602.0,37176.0,740296.0,100134.0,899182.0,17586.0
2020-06-15,79214.0,25915.0,29604.0,34228.0,763171.0,94446.0,915137.0,15955.0
2020-06-16,71191.0,23262.0,27124.0,31216.0,783732.0,89795.0,929410.0,14273.0
2020-06-17,63654.0,21032.0,24485.0,28692.0,804013.0,85658.0,942290.0,12880.0
2020-06-18,56891.0,18879.0,22201.0,25949.0,821411.0,82245.0,953727.0,11437.0
2020-06-19,50757.0,16861.0,20270.0,23617.0,836845.0,79271.0,964031.0,10304.0
2020-06-20,45349.0,15041.0,18086.0,21274.0,852271.0,76587.0,973148.0,9117.0
2020-06-21,40631.0,13334.0,16177.0,19296.0,864419.0,74301.0,981282.0,8134.0
2020-06-22,35713.0,11952.0,14305.0,17314.0,875992.0,72175.0,988686.0,7404.0
2020-06-23,31509.0,10689.0,12876.0,15602.0,886140.0,70583.0,995086.0,6400.0
2020-06-24,28023.0,9473.0,11315.0,14084.0,895408.0,69246.0,1000663.0,5577.0
2020-06-25,24776.0,8296.0,10250.0,12369.0,903980.0,68180.0,1005681.0,5018.0
2020-06-26,22036.0,7334.0,9339.0,11098.0,910343.0,66815.0,1010128.0,4447.0
2020-06-27,19640.0,6619.0,8087.0,9807.0,916680.0,65592.0,1014144.0,4016.0
2020-06-28,17334.0,5921.0,7210.0,8669.0,923440.0,64830.0,1017624.0,3480.0
2020-06-29,15354.0,5261.0,6497.0,7617.0,927722.0,63925.0,1020784.0,3160.0
2020-06-30,13493.0,4633.0,5507.0,6984.0,933262.0,63444.0,1023535.0,2751.0
2020-07-01,11977.0,4043.0,4950.0,6118.0,937412.0,62869.0,1025943.0,2408.0
2020-07-02,10466.0,3685.0,4411.0,5345.0,940926.0,62217.0,1028132.0,2189.0
2020-07-03,9308.0,3155.0,3909.0,4822.0,943323.0,61732.0,1030029.0,1897.0
2020-07-04,8241.0,2738.0,3407.0,4290.0,947329.0,61431.0,1031670.0,1641.0
2020-07-05,7301.0,2466.0,3006.0,3781.0,950054.0,61389.0,1033164.0,1494.0
2020-07-06,6392.0,2254.0,2766.0,3253.0,952225.0,61048.0,1034511.0,1347.0
