time,E,I1,I2,I3,R,S,cumI,diffI
2020-03-06,0.0,2.0,1.0,0.0,0.0,970486.0,0.0,0.0
2020-03-07,1.0,0.0,1.0,0.0,0.0,973116.0,0.0,0.0
2020-03-08,2.0,0.0,0.0,1.0,0.0,979651.0,0.0,0.0
2020-03-09,1.0,0.0,0.0,0.0,1.0,986295.0,1.0,1.0
2020-03-10,0.0,0.0,0.0,0.0,1.0,992210.0,1.0,0.0
2020-03-11,0.0,0.0,0.0,0.0,1.0,996259.0,1.0,0.0
2020-03-12,0.0,0.0,0.0,0.0,1.0,999665.0,1.0,0.0
2020-03-13,1.0,0.0,0.0,0.0,2.0,1003255.0,1.0,0.0
2020-03-14,1.0,0.0,0.0,0.0,2.0,1007365.0,1.0,0.0
2020-03-15,1.0,0.0,0.0,0.0,2.0,1008606.0,1.0,0.0
2020-03-16,2.0,0.0,0.0,0.0,2.0,1008863.0,1.0,0.0
2020-03-17,2.0,0.0,0.0,0.0,1.0,1009575.0,1.0,0.0
2020-03-18,2.0,2.0,0.0,0.0,1.0,1011180.0,2.0,1.0
2020-03-19,3.0,1.0,2.0,0.0,3.0,1012951.0,3.0,1.0
2020-03-20,3.0,2.0,1.0,1.0,2.0,1013646.0,4.0,1.0
2020-03-21,3.0,1.0,1.0,1.0,2.0,1013194.0,4.0,0.0
2020-03-22,2.0,1.0,2.0,0.0,2.0,1013324.0,5.0,1.0
2020-03-23,7.0,1.0,1.0,1.0,2.0,1012701.0,5.0,0.0
2020-03-24,7.0,3.0,0.0,0.0,3.0,1013310.0,6.0,1.0
2020-03-25,8.0,0.0,3.0,1.0,2.0,1014500.0,6.0,0.0
2020-03-26,9.0,2.0,3.0,1.0,3.0,1014894.0,8.0,2.0
2020-03-27,12.0,3.0,1.0,4.0,1.0,1014746.0,9.0,1.0
2020-03-28,13.0,2.0,1.0,3.0,3.0,1014673.0,11.0,2.0
2020-03-29,19.0,2.0,1.0,2.0,4.0,1015983.0,12.0,1.0
2020-03-30,24.0,5.0,3.0,2.0,6.0,1015970.0,15.0,3.0
2020-03-31,27.0,5.0,4.0,3.0,10.0,1014920.0,16.0,1.0
2020-04-01,23.0,10.0,2.0,3.0,12.0,1015031.0,24.0,8.0
2020-04-02,26.0,9.0,5.0,3.0,9.0,1015285.0,29.0,5.0
2020-04-03,32.0,7.0,8.0,4.0,13.0,1014739.0,31.0,2.0
2020-04-04,35.0,8.0,9.0,4.0,16.0,1016341.0,36.0,5.0
2020-04-05,48.0,7.0,9.0,11.0,20.0,1015086.0,42.0,6.0
2020-04-06,54.0,14.0,9.0,9.0,37.0,1015222.0,56.0,14.0
2020-04-07,81.0,13.0,11.0,10.0,44.0,1015691.0,63.0,7.0
2020-04-08,100.0,11.0,16.0,11.0,43.0,1016759.0,74.0,11.0
2020-04-09,95.0,23.0,10.0,14.0,40.0,1016166.0,100.0,26.0
2020-04-10,115.0,28.0,25.0,11.0,53.0,1016288.0,124.0,24.0
2020-04-11,139.0,36.0,25.0,23.0,49.0,1017501.0,146.0,22.0
2020-04-12,167.0,32.0,34.0,20.0,70.0,1018116.0,170.0,24.0
2020-04-13,175.0,46.0,30.0,22.0,83.0,1017412.0,212.0,42.0
2020-04-14,188.0,46.0,23.0,29.0,90.0,1017295.0,245.0,33.0
2020-04-15,229.0,48.0,31.0,34.0,121.0,1017688.0,277.0,32.0
2020-04-16,274.0,64.0,43.0,35.0,130.0,1017646.0,323.0,46.0
2020-04-17,335.0,74.0,58.0,43.0,150.0,1018288.0,379.0,56.0
2020-04-18,441.0,76.0,78.0,53.0,159.0,1019573.0,429.0,50.0
2020-04-19,486.0,108.0,76.0,74.0,212.0,1019946.0,510.0,81.0
2020-04-20,551.0,140.0,94.0,70.0,258.0,1020044.0,612.0,102.0
2020-04-21,677.0,153.0,126.0,88.0,319.0,1020599.0,736.0,124.0
2020-04-22,808.0,169.0,137.0,110.0,363.0,1019540.0,877.0,141.0
2020-04-23,970.0,205.0,166.0,118.0,454.0,1020175.0,1041.0,164.0
2020-04-24,1081.0,249.0,191.0,126.0,562.0,1018931.0,1236.0,195.0
2020-04-25,1306.0,255.0,217.0,158.0,646.0,1017744.0,1428.0,192.0
2020-04-26,1490.0,310.0,251.0,168.0,732.0,1017666.0,1686.0,258.0
2020-04-27,1738.0,380.0,304.0,234.0,853.0,1017948.0,1983.0,297.0
2020-04-28,2054.0,450.0,339.0,278.0,1046.0,1016623.0,2325.0,342.0
2020-04-29,2398.0,574.0,387.0,328.0,1239.0,1017906.0,2740.0,415.0
2020-04-30,2892.0,614.0,488.0,384.0,1437.0,1017249.0,3239.0,499.0
2020-05-01,3384.0,773.0,573.0,422.0,1694.0,1014429.0,3830.0,591.0
2020-05-02,4078.0,884.0,689.0,514.0,2024.0,1013430.0,4490.0,660.0
2020-05-03,4986.0,1029.0,799.0,645.0,2402.0,1011142.0,5254.0,764.0
2020-05-04,5742.0,1275.0,945.0,766.0,2890.0,1010283.0,6286.0,1032.0
2020-05-05,6855.0,1490.0,1168.0,944.0,3413.0,1009362.0,7489.0,1203.0
2020-05-06,8068.0,1750.0,1376.0,1088.0,4126.0,1005868.0,8887.0,1398.0
2020-05-07,9543.0,2030.0,1588.0,1253.0,4851.0,1002590.0,10490.0,1603.0
2020-05-08,11237.0,2417.0,1869.0,1471.0,5654.0,999400.0,12353.0,1863.0
2020-05-09,13148.0,2910.0,2227.0,1799.0,6615.0,996575.0,14615.0,2262.0
2020-05-10,15575.0,3443.0,2651.0,2149.0,7920.0,991303.0,17247.0,2632.0
2020-05-11,18255.0,4039.0,3115.0,2476.0,9303.0,985859.0,20319.0,3072.0
2020-05-12,21823.0,4760.0,3682.0,2974.0,11141.0,978317.0,23962.0,3643.0
2020-05-13,25609.0,5691.0,4396.0,3535.0,13192.0,970191.0,28421.0,4459.0
2020-05-14,30267.0,6607.0,5242.0,4197.0,15646.0,962395.0,33465.0,5044.0
2020-05-15,35220.0,7698.0,6156.0,4855.0,18375.0,952933.0,39530.0,6065.0
2020-05-16,41211.0,8994.0,7235.0,5695.0,21745.0,940245.0,46549.0,7019.0
2020-05-17,48007.0,10569.0,8392.0,6590.0,25611.0,927095.0,54598.0,8049.0
2020-05-18,55818.0,12461.0,9792.0,7785.0,30020.0,908831.0,64297.0,9699.0
2020-05-19,64403.0,14501.0,11482.0,9117.0,35413.0,890498.0,75395.0,11098.0
2020-05-20,74191.0,16727.0,13539.0,10666.0,41681.0,868955.0,88273.0,12878.0
2020-05-21,85033.0,18947.0,15421.0,12551.0,49129.0,844100.0,102708.0,14435.0
2020-05-22,96768.0,21596.0,17870.0,14366.0,57538.0,816924.0,119431.0,16723.0
2020-05-23,108785.0,24670.0,20485.0,16738.0,67609.0,786556.0,138523.0,19092.0
2020-05-24,122167.0,28097.0,23373.0,19056.0,78926.0,753184.0,159869.0,21346.0
2020-05-25,135925.0,31498.0,26563.0,21708.0,92260.0,717109.0,183583.0,23714.0
2020-05-26,149629.0,35484.0,29797.0,24644.0,106891.0,679110.0,210187.0,26604.0
2020-05-27,163060.0,39141.0,33087.0,28088.0,123723.0,638956.0,239261.0,29074.0
2020-05-28,176022.0,42645.0,36780.0,31582.0,142002.0,595946.0,270743.0,31482.0
2020-05-29,187508.0,46155.0,40085.0,35106.0,163484.0,552580.0,304623.0,33880.0
2020-05-30,197782.0,49217.0,43783.0,38150.0,187338.0,509117.0,340654.0,36031.0
2020-05-31,205155.0,52051.0,47020.0,41546.0,212572.0,466464.0,378136.0,37482.0
2020-06-01,211373.0,54432.0,49339.0,44829.0,240086.0,424041.0,417214.0,39078.0
2020-06-02,214292.0,56405.0,52443.0,47664.0,270051.0,383710.0,457408.0,40194.0
2020-06-03,214359.0,57370.0,54727.0,50554.0,301891.0,346698.0,497431.0,40023.0
2020-06-04,211823.0,58376.0,56290.0,52522.0,335352.0,312530.0,537982.0,40551.0
2020-06-05,206993.0,58081.0,57000.0,54317.0,369472.0,280652.0,577573.0,39591.0
2020-06-06,200750.0,57051.0,57071.0,55669.0,404312.0,251585.0,615999.0,38426.0
2020-06-07,192502.0,55171.0,56570.0,55972.0,440066.0,226113.0,652960.0,36961.0
2020-06-08,181986.0,52971.0,55549.0,55685.0,475752.0,203221.0,688440.0,35480.0
2020-06-09,171083.0,50846.0,53932.0,55061.0,511997.0,183672.0,722005.0,33565.0
2020-06-10,159582.0,48112.0,51641.0,53460.0,547139.0,166807.0,753459.0,31454.0
2020-06-11,147509.0,45131.0,48906.0,51721.0,580677.0,152436.0,782499.0,29040.0
2020-06-12,136021.0,41829.0,46169.0,49582.0,613025.0,140118.0,809245.0,26746.0
2020-06-13,124800.0,38555.0,43307.0,47360.0,642974.0,129040.0,834056.0,24811.0
2020-06-14,113924.0,35619.0,40195.0,44578.0,671826.0,119735.0,856687.0,22631.0
2020-06-15,102955.0,32654.0,37345.0,41374.0,699834.0,111654.0,877457.0,20770.0
2020-06-16,93399.0,29755.0,34208.0,38313.0,726171.0,104418.0,895921.0,18464.0
2020-06-17,84048.0,27113.0,31508.0,35760.0,749500.0,98703.0,912973.0,17052.0
2020-06-18,75820.0,24698.0,28951.0,32792.0,772425.0,93713.0,928126.0,15153.0
2020-06-19,68208.0,22118.0,25963.0,30297.0,790699.0,89452.0,941853.0,13727.0
2020-06-20,61134.0,20037.0,23848.0,27522.0,808976.0,85324.0,954244.0,12391.0
2020-06-21,54935.0,18169.0,21436.0,25236.0,825502.0,82181.0,965228.0,10984.0
2020-06-22,49228.0,16200.0,19493.0,22840.0,840716.0,79353.0,975039.0,9811.0
2020-06-23,43762.0,14424.0,17327.0,20625.0,855134.0,76726.0,983862.0,8823.0
2020-06-24,39074.0,13008.0,15709.0,18607.0,868231.0,74383.0,991766.0,7904.0
2020-06-25,34525.0,11601.0,13962.0,16768.0,878965.0,72379.0,998916.0,7150.0
2020-06-26,30669.0,10329.0,12734.0,14925.0,888657.0,70550.0,1005178.0,6262.0
2020-06-27,27065.0,9242.0,11180.0,13543.0,898161.0,69055.0,1010738.0,5560.0
2020-06-28,24020.0,8248.0,9802.0,12087.0,905507.0,67683.0,1015722.0,4984.0
2020-06-29,21432.0,7194.0,8764.0,10860.0,913339.0,66805.0,1020049.0,4327.0
2020-06-30,18866.0,6422.0,7755.0,9569.0,920097.0,65912.0,1023935.0,3886.0
2020-07-01,16688.0,5768.0,6883.0,8510.0,925741.0,64942.0,1027308.0,3373.0
2020-07-02,14841.0,5006.0,6003.0,7569.0,930548.0,64280.0,1030139.0,2831.0
2020-07-03,13113.0,4422.0,5372.0,6607.0,935734.0,63512.0,1032779.0,2640.0
2020-07-04,11662.0,3890.0,4828.0,5940.0,939074.0,62893.0,1035133.0,2354.0
2020-07-05,10409.0,3464.0,4320.0,5160.0,942303.0,62760.0,1037248.0,2115.0
2020-07-06,9103.0,3155.0,3774.0,4661.0,945113.0,62459.0,1039112.0,1864.0
