time,E,I1,I2,I3,R,S,cumI,diffI
2020-03-06,0.0,3.0,0.0,0.0,0.0,970019.0,0.0,0.0
2020-03-07,2.0,1.0,1.0,0.0,0.0,973892.0,0.0,0.0
2020-03-08,4.0,0.0,1.0,0.0,0.0,980261.0,0.0,0.0
2020-03-09,3.0,0.0,0.0,0.0,0.0,986665.0,1.0,1.0
2020-03-10,3.0,0.0,0.0,0.0,0.0,992095.0,1.0,0.0
2020-03-11,2.0,1.0,0.0,0.0,0.0,996466.0,1.0,0.0
2020-03-12,1.0,2.0,0.0,0.0,0.0,1000049.0,2.0,1.0
2020-03-13,2.0,4.0,1.0,0.0,0.0,1003747.0,3.0,1.0
2020-03-14,4.0,1.0,1.0,0.0,0.0,1005426.0,3.0,0.0
2020-03-15,6.0,1.0,2.0,1.0,1.0,1006971.0,4.0,1.0
2020-03-16,9.0,3.0,1.0,1.0,1.0,1008137.0,8.0,4.0
2020-03-17,8.0,4.0,1.0,2.0,1.0,1008769.0,11.0,3.0
2020-03-18,15.0,3.0,1.0,3.0,3.0,1008742.0,13.0,2.0
2020-03-19,7.0,4.0,1.0,1.0,3.0,1009542.0,14.0,1.0
2020-03-20,10.0,1.0,2.0,1.0,4.0,1010117.0,14.0,0.0
2020-03-21,18.0,3.0,3.0,1.0,6.0,1011714.0,17.0,3.0
2020-03-22,14.0,5.0,3.0,0.0,10.0,1011849.0,21.0,4.0
2020-03-23,22.0,4.0,5.0,0.0,10.0,1011651.0,24.0,3.0
2020-03-24,22.0,8.0,3.0,4.0,11.0,1012524.0,31.0,7.0
2020-03-25,29.0,8.0,6.0,1.0,17.0,1013671.0,37.0,6.0
2020-03-26,29.0,8.0,7.0,2.0,15.0,1014179.0,44.0,7.0
2020-03-27,33.0,13.0,7.0,6.0,11.0,1015086.0,55.0,11.0
2020-03-28,49.0,19.0,7.0,12.0,20.0,1015770.0,63.0,8.0
2020-03-29,59.0,20.0,8.0,12.0,20.0,1015174.0,74.0,11.0
2020-03-30,64.0,15.0,11.0,14.0,23.0,1015327.0,85.0,11.0
2020-03-31,74.0,17.0,9.0,12.0,34.0,1016177.0,95.0,10.0
2020-04-01,88.0,23.0,13.0,11.0,37.0,1016199.0,115.0,20.0
2020-04-02,106.0,20.0,25.0,11.0,42.0,1016357.0,134.0,19.0
2020-04-03,114.0,19.0,14.0,17.0,51.0,1017310.0,152.0,18.0
2020-04-04,111.0,30.0,15.0,13.0,63.0,1017096.0,175.0,23.0
2020-04-05,127.0,35.0,31.0,14.0,71.0,1017025.0,205.0,30.0
2020-04-06,149.0,34.0,35.0,18.0,79.0,1018127.0,229.0,24.0
2020-04-07,183.0,29.0,34.0,25.0,92.0,1017423.0,247.0,18.0
2020-04-08,231.0,49.0,38.0,32.0,113.0,1016939.0,292.0,45.0
2020-04-09,281.0,63.0,54.0,35.0,140.0,1016385.0,338.0,46.0
2020-04-10,324.0,70.0,59.0,38.0,163.0,1016808.0,390.0,52.0
2020-04-11,422.0,77.0,74.0,56.0,201.0,1016418.0,450.0,60.0
2020-04-12,469.0,95.0,80.0,71.0,232.0,1016506.0,524.0,74.0
2020-04-13,557.0,122.0,86.0,87.0,236.0,1016833.0,620.0,96.0
2020-04-14,647.0,133.0,112.0,97.0,307.0,1016765.0,725.0,105.0
2020-04-15,794.0,159.0,120.0,108.0,384.0,1018097.0,838.0,113.0
2020-04-16,947.0,183.0,164.0,105.0,432.0,1017768.0,978.0,140.0
2020-04-17,1027.0,233.0,180.0,151.0,531.0,1017057.0,1152.0,174.0
2020-04-18,1230.0,276.0,215.0,157.0,670.0,1017679.0,1366.0,214.0
2020-04-19,1473.0,334.0,255.0,199.0,777.0,1016959.0,1616.0,250.0
2020-04-20,1755.0,369.0,306.0,232.0,920.0,1016725.0,1894.0,278.0
2020-04-21,2101.0,461.0,356.0,300.0,1070.0,1016339.0,2265.0,371.0
2020-04-22,2514.0,585.0,454.0,331.0,1260.0,1015702.0,2736.0,471.0
2020-04-23,2955.0,622.0,515.0,418.0,1418.0,1015067.0,3220.0,484.0
2020-04-24,3485.0,792.0,591.0,466.0,1669.0,1013784.0,3836.0,616.0
2020-04-25,4145.0,855.0,726.0,579.0,2009.0,1012053.0,4508.0,672.0
2020-04-26,4987.0,1025.0,836.0,688.0,2433.0,1011136.0,5263.0,755.0
2020-04-27,5948.0,1283.0,980.0,780.0,2892.0,1011039.0,6302.0,1039.0
2020-04-28,7049.0,1549.0,1134.0,892.0,3398.0,1008982.0,7461.0,1159.0
2020-04-29,8296.0,1775.0,1444.0,1060.0,4034.0,1004793.0,8838.0,1377.0
2020-04-30,9829.0,2128.0,1717.0,1295.0,4771.0,1002127.0,10527.0,1689.0
2020-05-01,11652.0,2599.0,2000.0,1560.0,5763.0,997670.0,12531.0,2004.0
2020-05-02,14045.0,3016.0,2336.0,1891.0,6774.0,994518.0,14787.0,2256.0
2020-05-03,16676.0,3669.0,2764.0,2201.0,8098.0,988664.0,17706.0,2919.0
2020-05-04,19363.0,4268.0,3337.0,2614.0,9564.0,983024.0,20998.0,3292.0
2020-05-05,22812.0,4968.0,3909.0,3112.0,11418.0,977112.0,24767.0,3769.0
2020-05-06,26791.0,5819.0,4683.0,3747.0,13514.0,968736.0,29326.0,4559.0
2020-05-07,31364.0,6943.0,5360.0,4397.0,16067.0,959766.0,34720.0,5394.0
2020-05-08,36694.0,8070.0,6407.0,5082.0,19239.0,948956.0,40956.0,6236.0
2020-05-09,43079.0,9636.0,7289.0,5891.0,22650.0,935935.0,48300.0,7344.0
2020-05-10,49789.0,10988.0,8944.0,6870.0,26768.0,919407.0,56875.0,8575.0
2020-05-11,57741.0,12779.0,10190.0,8161.0,31392.0,902316.0,66684.0,9809.0
2020-05-12,66283.0,14880.0,11777.0,9603.0,37068.0,884511.0,78135.0,11451.0
2020-05-13,76654.0,17090.0,13824.0,11181.0,43369.0,861578.0,91328.0,13193.0
2020-05-14,87337.0,19525.0,15898.0,13087.0,51199.0,837380.0,106245.0,14917.0
2020-05-15,98835.0,22350.0,18375.0,14816.0,60218.0,809516.0,123523.0,17278.0
2020-05-16,111696.0,25509.0,20955.0,17307.0,70307.0,779156.0,143008.0,19485.0
2020-05-17,125229.0,28775.0,23908.0,19836.0,81897.0,744862.0,164653.0,21645.0
2020-05-18,138700.0,32605.0,27149.0,22486.0,95337.0,708421.0,189211.0,24558.0
2020-05-19,152566.0,36003.0,30386.0,25746.0,110814.0,669512.0,216147.0,26936.0
2020-05-20,166190.0,40119.0,33985.0,28665.0,128409.0,628664.0,246012.0,29865.0
2020-05-21,179163.0,43334.0,37672.0,32203.0,148043.0,585742.0,278107.0,32095.0
2020-05-22,190615.0,47143.0,41250.0,35678.0,169043.0,543647.0,312539.0,34432.0
2020-05-23,200709.0,49955.0,44515.0,39388.0,192831.0,498976.0,348725.0,36186.0
2020-05-24,207653.0,52812.0,47952.0,42352.0,219371.0,455651.0,386790.0,38065.0
2020-05-25,212171.0,55292.0,50483.0,45723.0,247714.0,414280.0,425894.0,39104.0
2020-05-26,215893.0,56517.0,52975.0,48510.0,278565.0,375073.0,465631.0,39737.0
2020-05-27,214799.0,57601.0,55337.0,51178.0,310460.0,338026.0,506139.0,40508.0
2020-05-28,211765.0,57915.0,56106.0,53397.0,344105.0,303379.0,545734.0,39595.0
2020-05-29,206036.0,57444.0,56593.0,54476.0,378550.0,272613.0,585317.0,39583.0
2020-05-30,198731.0,56557.0,56519.0,55430.0,414156.0,245094.0,623701.0,38384.0
2020-05-31,189690.0,54928.0,56111.0,55695.0,450102.0,220111.0,660564.0,36863.0
2020-06-01,179285.0,52525.0,55154.0,55794.0,485646.0,198247.0,695568.0,35004.0
2020-06-02,168421.0,50164.0,52947.0,54843.0,521530.0,179436.0,728327.0,32759.0
2020-06-03,157435.0,47369.0,50845.0,53139.0,556287.0,162968.0,759049.0,30722.0
2020-06-04,145501.0,44434.0,47991.0,51422.0,590118.0,147929.0,787689.0,28640.0
2020-06-05,133859.0,41459.0,45428.0,48861.0,623044.0,135719.0,814023.0,26334.0
2020-06-06,122273.0,38135.0,42710.0,46567.0,652800.0,125178.0,838275.0,24252.0
2020-06-07,111899.0,35127.0,39790.0,43814.0,681368.0,116472.0,860399.0,22124.0
2020-06-08,100895.0,31931.0,36348.0,40822.0,708396.0,108831.0,880440.0,20041.0
2020-06-09,91166.0,29505.0,33679.0,37606.0,733526.0,101707.0,898879.0,18439.0
2020-06-10,82097.0,26596.0,30910.0,34713.0,757876.0,95820.0,915140.0,16261.0
2020-06-11,73668.0,23812.0,28109.0,31935.0,778693.0,90792.0,930050.0,14910.0
2020-06-12,66264.0,21392.0,25434.0,29257.0,798415.0,86595.0,943477.0,13427.0
2020-06-13,59180.0,19299.0,22894.0,26994.0,815484.0,82761.0,955434.0,11957.0
2020-06-14,52487.0,17478.0,20680.0,24476.0,831135.0,79661.0,966114.0,10680.0
2020-06-15,46912.0,15635.0,18760.0,21987.0,846106.0,77073.0,975554.0,9440.0
2020-06-16,41777.0,13868.0,16651.0,20131.0,859752.0,74961.0,983892.0,8338.0
2020-06-17,37185.0,12443.0,14904.0,17940.0,872577.0,72876.0,991399.0,7507.0
2020-06-18,32868.0,11124.0,13459.0,15834.0,882908.0,71154.0,998145.0,6746.0
2020-06-19,29100.0,9774.0,11965.0,14285.0,892619.0,69285.0,1004145.0,6000.0
2020-06-20,25798.0,8855.0,10710.0,12923.0,900770.0,67946.0,1009535.0,5390.0
2020-06-21,22676.0,7744.0,9534.0,11690.0,909020.0,66752.0,1014219.0,4684.0
2020-06-22,20088.0,7026.0,8337.0,10339.0,915770.0,65934.0,1018481.0,4262.0
2020-06-23,17825.0,6054.0,7416.0,9241.0,921969.0,64735.0,1022012.0,3531.0
2020-06-24,15593.0,5364.0,6634.0,8170.0,927297.0,64077.0,1025243.0,3231.0
2020-06-25,13806.0,4594.0,5772.0,7339.0,932242.0,63443.0,1028048.0,2805.0
2020-06-26,12457.0,4015.0,5093.0,6358.0,936918.0,63024.0,1030541.0,2493.0
2020-06-27,10940.0,3650.0,4585.0,5548.0,939677.0,62261.0,1032748.0,2207.0
2020-06-28,9613.0,3210.0,4064.0,4983.0,943204.0,62023.0,1034788.0,2040.0
2020-06-29,8544.0,2943.0,3552.0,4372.0,946881.0,61293.0,1036476.0,1688.0
2020-06-30,7577.0,2565.0,3110.0,3901.0,950072.0,61290.0,1038040.0,1564.0
2020-07-01,6745.0,2184.0,2834.0,3378.0,952349.0,61125.0,1039324.0,1284.0
2020-07-02,5871.0,1879.0,2495.0,2998.0,954193.0,60793.0,1040488.0,1164.0
2020-07-03,5252.0,1672.0,2147.0,2674.0,956223.0,60897.0,1041465.0,977.0
2020-07-04,4622.0,1472.0,1850.0,2264.0,957845.0,60617.0,1042351.0,886.0
2020-07-05,4035.0,1299.0,1662.0,1969.0,959850.0,60354.0,1043154.0,803.0
2020-07-06,3553.0,1135.0,1467.0,1792.0,960200.0,60269.0,1043842.0,688.0
