time,E,I1,I2,I3,R,S,cumI,diffI
2020-03-06,1.0,2.0,0.0,0.0,0.0,969925.0,0.0,0.0
2020-03-07,2.0,3.0,0.0,0.0,0.0,973904.0,1.0,1.0
2020-03-08,5.0,4.0,0.0,0.0,0.0,980755.0,2.0,1.0
2020-03-09,3.0,4.0,1.0,1.0,0.0,987560.0,4.0,2.0
2020-03-10,2.0,4.0,1.0,1.0,1.0,993147.0,5.0,1.0
2020-03-11,3.0,1.0,2.0,0.0,2.0,997439.0,5.0,0.0
2020-03-12,4.0,1.0,0.0,1.0,1.0,1001373.0,6.0,1.0
2020-03-13,5.0,0.0,1.0,1.0,2.0,1003811.0,6.0,0.0
2020-03-14,4.0,1.0,1.0,0.0,1.0,1005686.0,8.0,2.0
2020-03-15,2.0,0.0,1.0,0.0,1.0,1007699.0,8.0,0.0
2020-03-16,1.0,0.0,0.0,0.0,1.0,1009882.0,8.0,0.0
2020-03-17,1.0,0.0,0.0,0.0,0.0,1009909.0,8.0,0.0
2020-03-18,0.0,1.0,0.0,0.0,0.0,1009074.0,9.0,1.0
2020-03-19,1.0,2.0,0.0,0.0,0.0,1011292.0,10.0,1.0
2020-03-20,2.0,0.0,0.0,0.0,1.0,1012733.0,10.0,0.0
2020-03-21,1.0,1.0,0.0,0.0,1.0,1012754.0,11.0,1.0
2020-03-22,2.0,3.0,1.0,0.0,3.0,1013770.0,13.0,2.0
2020-03-23,11.0,2.0,0.0,3.0,2.0,1013445.0,14.0,1.0
2020-03-24,12.0,4.0,1.0,1.0,2.0,1014273.0,16.0,2.0
2020-03-25,11.0,2.0,2.0,1.0,2.0,1014258.0,18.0,2.0
2020-03-26,11.0,4.0,3.0,0.0,5.0,1015547.0,21.0,3.0
2020-03-27,14.0,2.0,3.0,2.0,8.0,1016294.0,22.0,1.0
2020-03-28,21.0,6.0,3.0,1.0,7.0,1015967.0,25.0,3.0
2020-03-29,27.0,5.0,3.0,3.0,8.0,1017353.0,28.0,3.0
2020-03-30,22.0,4.0,4.0,3.0,11.0,1017407.0,34.0,6.0
2020-03-31,32.0,7.0,8.0,1.0,10.0,1016119.0,44.0,10.0
2020-04-01,43.0,9.0,11.0,0.0,11.0,1016485.0,51.0,7.0
2020-04-02,46.0,8.0,10.0,3.0,16.0,1016903.0,54.0,3.0
2020-04-03,54.0,16.0,8.0,4.0,26.0,1016741.0,67.0,13.0
2020-04-04,56.0,13.0,12.0,3.0,31.0,1017235.0,75.0,8.0
2020-04-05,71.0,5.0,13.0,8.0,40.0,1018622.0,77.0,2.0
2020-04-06,91.0,13.0,13.0,8.0,45.0,1018418.0,88.0,11.0
2020-04-07,102.0,24.0,16.0,12.0,49.0,1018133.0,108.0,20.0
2020-04-08,121.0,24.0,20.0,20.0,56.0,1017632.0,124.0,16.0
2020-04-09,138.0,31.0,15.0,20.0,76.0,1018393.0,145.0,21.0
2020-04-10,158.0,37.0,23.0,23.0,99.0,1017733.0,176.0,31.0
2020-04-11,203.0,46.0,34.0,25.0,105.0,1018996.0,210.0,34.0
2020-04-12,255.0,57.0,54.0,28.0,112.0,1019610.0,262.0,52.0
2020-04-13,313.0,66.0,42.0,41.0,126.0,1019308.0,319.0,57.0
2020-04-14,358.0,82.0,42.0,47.0,166.0,1018593.0,378.0,59.0
2020-04-15,392.0,81.0,65.0,56.0,195.0,1018101.0,437.0,59.0
2020-04-16,465.0,117.0,72.0,62.0,255.0,1016667.0,524.0,87.0
2020-04-17,561.0,119.0,78.0,78.0,275.0,1016919.0,610.0,86.0
2020-04-18,637.0,140.0,106.0,85.0,327.0,1016669.0,719.0,109.0
2020-04-19,757.0,153.0,116.0,90.0,407.0,1017248.0,848.0,129.0
2020-04-20,910.0,212.0,149.0,114.0,466.0,1017003.0,1009.0,161.0
2020-04-21,1121.0,239.0,173.0,141.0,524.0,1016605.0,1180.0,171.0
2020-04-22,1304.0,287.0,235.0,163.0,629.0,1015914.0,1410.0,230.0
2020-04-23,1539.0,339.0,285.0,199.0,744.0,1015520.0,1683.0,273.0
2020-04-24,1829.0,407.0,311.0,260.0,933.0,1016401.0,2012.0,329.0
2020-04-25,2227.0,483.0,377.0,280.0,1128.0,1016731.0,2407.0,395.0
2020-04-26,2631.0,536.0,431.0,336.0,1320.0,1016021.0,2835.0,428.0
2020-04-27,2997.0,635.0,497.0,400.0,1568.0,1015219.0,3341.0,506.0
2020-04-28,3485.0,762.0,608.0,421.0,1796.0,1015448.0,3943.0,602.0
2020-04-29,4170.0,926.0,708.0,554.0,2122.0,1014966.0,4647.0,704.0
2020-04-30,4915.0,1081.0,858.0,652.0,2509.0,1012713.0,5481.0,834.0
2020-05-01,5854.0,1281.0,965.0,756.0,2994.0,1011351.0,6486.0,1005.0
2020-05-02,7075.0,1536.0,1161.0,896.0,3570.0,1008358.0,7678.0,1192.0
2020-05-03,8331.0,1800.0,1418.0,1091.0,4197.0,1006032.0,9097.0,1419.0
2020-05-04,9885.0,2156.0,1724.0,1324.0,4902.0,1001674.0,10830.0,1733.0
2020-05-05,11798.0,2500.0,2046.0,1575.0,5942.0,997191.0,12738.0,1908.0
2020-05-06,13911.0,3024.0,2410.0,1933.0,7050.0,992787.0,15058.0,2320.0
2020-05-07,16635.0,3518.0,2816.0,2259.0,8366.0,987988.0,17803.0,2745.0
2020-05-08,19458.0,4212.0,3317.0,2621.0,10060.0,983075.0,21109.0,3306.0
2020-05-09,23121.0,4864.0,3828.0,3149.0,11705.0,976668.0,24836.0,3727.0
2020-05-10,26971.0,5880.0,4666.0,3502.0,13798.0,967987.0,29394.0,4558.0
2020-05-11,31927.0,6896.0,5519.0,4247.0,16513.0,958073.0,34682.0,5288.0
2020-05-12,37574.0,8049.0,6505.0,5067.0,19422.0,946588.0,40985.0,6303.0
2020-05-13,43663.0,9547.0,7675.0,6035.0,23031.0,933727.0,48486.0,7501.0
2020-05-14,51154.0,11139.0,9057.0,7217.0,27221.0,919078.0,57262.0,8776.0
2020-05-15,59488.0,13341.0,10606.0,8480.0,32366.0,900840.0,67527.0,10265.0
2020-05-16,68694.0,15351.0,12270.0,9874.0,38688.0,881193.0,79364.0,11837.0
2020-05-17,79228.0,17559.0,14255.0,11599.0,45580.0,857102.0,92883.0,13519.0
2020-05-18,90249.0,20151.0,16555.0,13512.0,53400.0,830733.0,108500.0,15617.0
2020-05-19,102445.0,23327.0,18763.0,15450.0,62860.0,802785.0,126204.0,17704.0
2020-05-20,115334.0,26170.0,21842.0,17751.0,73117.0,771690.0,146046.0,19842.0
2020-05-21,128677.0,30090.0,24547.0,20446.0,85651.0,736110.0,168650.0,22604.0
2020-05-22,142430.0,33641.0,27936.0,23322.0,99372.0,698032.0,193615.0,24965.0
2020-05-23,156022.0,37031.0,31630.0,26048.0,115224.0,656916.0,221137.0,27522.0
2020-05-24,169886.0,40499.0,34645.0,29822.0,132882.0,616134.0,251225.0,30088.0
2020-05-25,181700.0,44654.0,38505.0,32808.0,152885.0,574539.0,284075.0,32850.0
2020-05-26,193515.0,48375.0,42342.0,36321.0,175422.0,529923.0,319370.0,35295.0
2020-05-27,203260.0,50898.0,46184.0,40033.0,200528.0,485997.0,356115.0,36745.0
2020-05-28,209678.0,53978.0,48690.0,43801.0,227752.0,443519.0,394758.0,38643.0
2020-05-29,214161.0,55732.0,51319.0,47068.0,256536.0,401938.0,434107.0,39349.0
2020-05-30,215677.0,57232.0,53634.0,49730.0,287422.0,363139.0,474366.0,40259.0
2020-05-31,213998.0,57616.0,55365.0,51790.0,320188.0,327177.0,514493.0,40127.0
2020-06-01,210256.0,57685.0,56169.0,53370.0,354573.0,294157.0,554278.0,39785.0
2020-06-02,204267.0,57478.0,56570.0,54616.0,389463.0,263131.0,593404.0,39126.0
2020-06-03,196410.0,56471.0,56289.0,55843.0,424367.0,236065.0,631342.0,37938.0
2020-06-04,186698.0,54555.0,55963.0,56067.0,460648.0,212288.0,667683.0,36341.0
2020-06-05,176553.0,51765.0,54409.0,55496.0,498050.0,190938.0,701772.0,34089.0
2020-06-06,165511.0,49256.0,52334.0,54362.0,533337.0,172738.0,733968.0,32196.0
2020-06-07,153168.0,46308.0,50142.0,52747.0,566977.0,157270.0,764135.0,30167.0
2020-06-08,141091.0,43208.0,47278.0,50877.0,601379.0,143502.0,792010.0,27875.0
2020-06-09,129139.0,40546.0,44407.0,48312.0,632909.0,131980.0,817996.0,25986.0
2020-06-10,117878.0,37251.0,41857.0,45592.0,663298.0,121792.0,841667.0,23671.0
2020-06-11,107193.0,33859.0,38371.0,42727.0,692154.0,113244.0,863022.0,21355.0
2020-06-12,96937.0,30873.0,35580.0,39844.0,716490.0,105620.0,882256.0,19234.0
2020-06-13,87372.0,28207.0,32673.0,37124.0,741422.0,99007.0,899926.0,17670.0
2020-06-14,78499.0,25621.0,29826.0,34175.0,764188.0,93733.0,915745.0,15819.0
2020-06-15,70243.0,22886.0,27349.0,31067.0,783603.0,89111.0,929803.0,14058.0
2020-06-16,62565.0,20905.0,24267.0,28655.0,802624.0,85343.0,942643.0,12840.0
2020-06-17,55931.0,18621.0,22121.0,26179.0,821819.0,81984.0,954040.0,11397.0
2020-06-18,50435.0,16439.0,19728.0,23606.0,837986.0,78815.0,964025.0,9985.0
2020-06-19,45006.0,14947.0,17958.0,21009.0,853289.0,76134.0,973176.0,9151.0
2020-06-20,40061.0,13253.0,16107.0,18904.0,864416.0,73994.0,981246.0,8070.0
2020-06-21,35579.0,11868.0,14450.0,17077.0,875813.0,71976.0,988439.0,7193.0
2020-06-22,31557.0,10579.0,12772.0,15270.0,886308.0,70420.0,994846.0,6407.0
2020-06-23,28154.0,9338.0,11597.0,13647.0,895539.0,68828.0,1000456.0,5610.0
2020-06-24,24955.0,8541.0,10270.0,12267.0,905131.0,67413.0,1005539.0,5083.0
2020-06-25,22092.0,7568.0,9001.0,11012.0,912635.0,66583.0,1010121.0,4582.0
2020-06-26,19525.0,6580.0,8068.0,9643.0,918834.0,65287.0,1014142.0,4021.0
2020-06-27,17292.0,5875.0,7142.0,8637.0,925125.0,64639.0,1017627.0,3485.0
2020-06-28,15328.0,5070.0,6344.0,7823.0,931099.0,63945.0,1020657.0,3030.0
2020-06-29,13463.0,4546.0,5590.0,6844.0,934103.0,63233.0,1023502.0,2845.0
2020-06-30,11946.0,3953.0,4795.0,6079.0,938031.0,62391.0,1025874.0,2372.0
2020-07-01,10652.0,3477.0,4357.0,5262.0,941077.0,61985.0,1027996.0,2122.0
2020-07-02,9412.0,3080.0,3833.0,4688.0,944855.0,61753.0,1029841.0,1845.0
2020-07-03,8185.0,2679.0,3352.0,4126.0,947875.0,61292.0,1031482.0,1641.0
2020-07-04,7284.0,2469.0,2961.0,3675.0,950093.0,60997.0,1032980.0,1498.0
2020-07-05,6384.0,2138.0,2667.0,3230.0,952269.0,60649.0,1034261.0,1281.0
2020-07-06,5576.0,1902.0,2371.0,2846.0,954083.0,60607.0,1035429.0,1168.0
