time,E,I1,I2,I3,R,S,cumI,diffI
2020-03-06,1.0,2.0,1.0,0.0,0.0,969917.0,0.0,0.0
2020-03-07,3.0,1.0,2.0,0.0,0.0,972101.0,1.0,1.0
2020-03-08,3.0,2.0,1.0,0.0,0.0,979781.0,3.0,2.0
2020-03-09,4.0,4.0,1.0,0.0,0.0,986848.0,4.0,1.0
2020-03-10,7.0,2.0,1.0,2.0,0.0,992222.0,5.0,1.0
2020-03-11,5.0,0.0,2.0,0.0,2.0,996775.0,5.0,0.0
2020-03-12,5.0,0.0,2.0,0.0,0.0,1000935.0,6.0,1.0
2020-03-13,4.0,0.0,0.0,2.0,0.0,1004612.0,7.0,1.0
2020-03-14,6.0,0.0,0.0,0.0,3.0,1005533.0,7.0,0.0
2020-03-15,3.0,1.0,1.0,0.0,3.0,1006815.0,8.0,1.0
2020-03-16,4.0,1.0,0.0,0.0,3.0,1007413.0,9.0,1.0
2020-03-17,5.0,0.0,0.0,0.0,2.0,1009670.0,9.0,0.0
2020-03-18,3.0,2.0,0.0,0.0,2.0,1011182.0,11.0,2.0
2020-03-19,4.0,0.0,2.0,0.0,4.0,1012463.0,12.0,1.0
2020-03-20,6.0,1.0,1.0,1.0,6.0,1012351.0,13.0,1.0
2020-03-21,7.0,3.0,1.0,1.0,6.0,1013039.0,15.0,2.0
2020-03-22,6.0,3.0,1.0,0.0,4.0,1013837.0,16.0,1.0
2020-03-23,9.0,4.0,1.0,2.0,4.0,1012674.0,18.0,2.0
2020-03-24,8.0,3.0,2.0,1.0,4.0,1012898.0,20.0,2.0
2020-03-25,10.0,2.0,1.0,1.0,7.0,1012654.0,21.0,1.0
2020-03-26,12.0,2.0,2.0,0.0,6.0,1013510.0,22.0,1.0
2020-03-27,18.0,4.0,3.0,1.0,8.0,1014858.0,24.0,2.0
2020-03-28,21.0,7.0,3.0,2.0,10.0,1014592.0,29.0,5.0
2020-03-29,18.0,7.0,3.0,6.0,14.0,1015303.0,33.0,4.0
2020-03-30,20.0,5.0,4.0,1.0,17.0,1016947.0,38.0,5.0
2020-03-31,24.0,7.0,5.0,1.0,14.0,1017036.0,43.0,5.0
2020-04-01,32.0,9.0,6.0,5.0,17.0,1015409.0,50.0,7.0
2020-04-02,32.0,7.0,7.0,3.0,18.0,1015824.0,57.0,7.0
2020-04-03,43.0,10.0,7.0,6.0,23.0,1016695.0,64.0,7.0
2020-04-04,45.0,8.0,8.0,6.0,28.0,1017016.0,71.0,7.0
2020-04-05,72.0,6.0,15.0,8.0,33.0,1016712.0,77.0,6.0
2020-04-06,85.0,13.0,9.0,15.0,43.0,1017061.0,87.0,10.0
2020-04-07,102.0,19.0,15.0,10.0,48.0,1017358.0,100.0,13.0
2020-04-08,135.0,31.0,16.0,18.0,46.0,1017918.0,123.0,23.0
2020-04-09,139.0,32.0,25.0,17.0,53.0,1018316.0,154.0,31.0
2020-04-10,174.0,35.0,29.0,18.0,65.0,1017230.0,179.0,25.0
2020-04-11,214.0,45.0,42.0,32.0,82.0,1016482.0,222.0,43.0
2020-04-12,278.0,59.0,45.0,36.0,114.0,1017783.0,259.0,37.0
2020-04-13,332.0,60.0,65.0,42.0,151.0,1016737.0,312.0,53.0
2020-04-14,360.0,66.0,55.0,53.0,168.0,1017498.0,372.0,60.0
2020-04-15,444.0,87.0,68.0,69.0,202.0,1016553.0,453.0,81.0
2020-04-16,514.0,107.0,83.0,76.0,250.0,1016711.0,542.0,89.0
2020-04-17,598.0,130.0,107.0,69.0,297.0,1017775.0,641.0,99.0
2020-04-18,708.0,157.0,109.0,86.0,353.0,1017470.0,760.0,119.0
2020-04-19,828.0,182.0,138.0,121.0,424.0,1017763.0,905.0,145.0
2020-04-20,1010.0,207.0,178.0,139.0,501.0,1017513.0,1046.0,141.0
2020-04-21,1180.0,218.0,201.0,158.0,561.0,1016574.0,1243.0,197.0
2020-04-22,1383.0,306.0,219.0,186.0,683.0,1017071.0,1491.0,248.0
2020-04-23,1642.0,354.0,280.0,226.0,793.0,1016700.0,1768.0,277.0
2020-04-24,1987.0,427.0,340.0,266.0,923.0,1015517.0,2090.0,322.0
2020-04-25,2437.0,476.0,381.0,318.0,1086.0,1014543.0,2472.0,382.0
2020-04-26,2847.0,601.0,469.0,383.0,1282.0,1014187.0,2943.0,471.0
2020-04-27,3307.0,703.0,573.0,412.0,1569.0,1014625.0,3493.0,550.0
2020-04-28,3790.0,842.0,660.0,524.0,1833.0,1013627.0,4139.0,646.0
2020-04-29,4584.0,988.0,808.0,640.0,2210.0,1011554.0,4933.0,794.0
2020-04-30,5496.0,1169.0,935.0,752.0,2672.0,1009439.0,5867.0,934.0
2020-05-01,6693.0,1408.0,1081.0,855.0,3160.0,1008493.0,6942.0,1075.0
2020-05-02,7730.0,1747.0,1324.0,1051.0,3748.0,1006632.0,8355.0,1413.0
2020-05-03,9310.0,1960.0,1633.0,1234.0,4450.0,1002360.0,9902.0,1547.0
2020-05-04,10923.0,2308.0,1845.0,1517.0,5279.0,999005.0,11780.0,1878.0
2020-05-05,12868.0,2772.0,2221.0,1652.0,6364.0,994343.0,13927.0,2147.0
2020-05-06,15124.0,3264.0,2593.0,1982.0,7486.0,991198.0,16424.0,2497.0
2020-05-07,17637.0,3828.0,3030.0,2434.0,8869.0,984756.0,19437.0,3013.0
2020-05-08,21012.0,4647.0,3607.0,2808.0,10548.0,979287.0,23038.0,3601.0
2020-05-09,24695.0,5468.0,4265.0,3379.0,12564.0,971951.0,27290.0,4252.0
2020-05-10,29626.0,6387.0,5102.0,4043.0,14940.0,962767.0,32185.0,4895.0
2020-05-11,34536.0,7591.0,6033.0,4668.0,17967.0,951233.0,38062.0,5877.0
2020-05-12,40414.0,8973.0,7109.0,5586.0,21228.0,939576.0,45047.0,6985.0
2020-05-13,47604.0,10331.0,8314.0,6604.0,25010.0,925950.0,52939.0,7892.0
2020-05-14,55348.0,12409.0,9772.0,7728.0,29570.0,909415.0,62539.0,9600.0
2020-05-15,63832.0,14349.0,11512.0,9160.0,35146.0,890229.0,73645.0,11106.0
2020-05-16,73984.0,16278.0,13256.0,10742.0,41363.0,868847.0,86177.0,12532.0
2020-05-17,84583.0,18851.0,15350.0,12324.0,48580.0,844756.0,100624.0,14447.0
2020-05-18,96392.0,21743.0,17531.0,14638.0,56882.0,816387.0,117301.0,16677.0
2020-05-19,108788.0,24930.0,20395.0,16628.0,67256.0,785629.0,136419.0,19118.0
2020-05-20,122062.0,28219.0,23394.0,19041.0,78764.0,751187.0,157809.0,21390.0
2020-05-21,136342.0,31772.0,26639.0,21908.0,92209.0,715257.0,181705.0,23896.0
2020-05-22,150111.0,35398.0,30189.0,24828.0,106976.0,676165.0,208365.0,26660.0
2020-05-23,163812.0,39310.0,33506.0,28338.0,124146.0,633892.0,237576.0,29211.0
2020-05-24,176896.0,42756.0,37026.0,31675.0,143707.0,590866.0,269273.0,31697.0
2020-05-25,188469.0,46358.0,40598.0,35170.0,165347.0,548428.0,303409.0,34136.0
2020-05-26,198793.0,49739.0,44224.0,38411.0,188963.0,505204.0,339619.0,36210.0
2020-05-27,206360.0,52657.0,47203.0,42201.0,214861.0,462329.0,377710.0,38091.0
2020-05-28,211951.0,54868.0,50346.0,45511.0,242852.0,419612.0,416923.0,39213.0
2020-05-29,214297.0,56818.0,52862.0,48152.0,273208.0,379484.0,457088.0,40165.0
2020-05-30,214993.0,57445.0,55077.0,50877.0,305265.0,341397.0,497211.0,40123.0
2020-05-31,212218.0,57835.0,55986.0,53413.0,340264.0,306847.0,537277.0,40066.0
2020-06-01,206612.0,58098.0,56796.0,54850.0,375306.0,274885.0,577068.0,39791.0
2020-06-02,199824.0,56709.0,56602.0,55824.0,410981.0,246259.0,615457.0,38389.0
2020-06-03,190291.0,54800.0,56402.0,55882.0,446868.0,221183.0,652440.0,36983.0
2020-06-04,180272.0,52689.0,55173.0,55494.0,483884.0,199107.0,687264.0,34824.0
2020-06-05,169685.0,49873.0,53050.0,54709.0,519453.0,179421.0,720066.0,32802.0
2020-06-06,157371.0,47574.0,50870.0,53269.0,555206.0,162261.0,751334.0,31268.0
2020-06-07,145264.0,44451.0,48609.0,51285.0,590056.0,147789.0,779995.0,28661.0
2020-06-08,133058.0,41405.0,45616.0,49231.0,621844.0,135103.0,806629.0,26634.0
2020-06-09,121922.0,38252.0,42349.0,46802.0,652936.0,124336.0,830752.0,24123.0
2020-06-10,110569.0,35255.0,39511.0,43948.0,681623.0,114936.0,852942.0,22190.0
2020-06-11,100264.0,31871.0,36849.0,41005.0,709286.0,107227.0,872863.0,19921.0
2020-06-12,90518.0,29159.0,33545.0,38129.0,735209.0,100271.0,891135.0,18272.0
2020-06-13,81842.0,26198.0,30668.0,34962.0,758885.0,94440.0,907427.0,16292.0
2020-06-14,73250.0,24057.0,27960.0,31932.0,780271.0,89734.0,922367.0,14940.0
2020-06-15,65126.0,21461.0,25382.0,29107.0,800217.0,85762.0,935470.0,13103.0
2020-06-16,58159.0,19161.0,22907.0,26969.0,819022.0,81536.0,947211.0,11741.0
2020-06-17,51713.0,17078.0,20397.0,24239.0,835100.0,78707.0,957553.0,10342.0
2020-06-18,46157.0,15267.0,18388.0,21975.0,849489.0,75703.0,966766.0,9213.0
2020-06-19,40863.0,13628.0,16434.0,19849.0,863520.0,73509.0,975267.0,8501.0
2020-06-20,36327.0,12066.0,14662.0,17714.0,876158.0,71397.0,982610.0,7343.0
2020-06-21,32252.0,10761.0,13205.0,15861.0,886452.0,69724.0,989198.0,6588.0
2020-06-22,28566.0,9340.0,11638.0,14072.0,895883.0,67909.0,994874.0,5676.0
2020-06-23,25080.0,8484.0,10311.0,12467.0,904661.0,66944.0,1000149.0,5275.0
2020-06-24,22233.0,7577.0,9002.0,11101.0,911725.0,65708.0,1004590.0,4441.0
2020-06-25,19596.0,6715.0,8149.0,9944.0,919760.0,64837.0,1008698.0,4108.0
2020-06-26,17579.0,5723.0,7314.0,8854.0,925753.0,63717.0,1012130.0,3432.0
2020-06-27,15313.0,5195.0,6422.0,7819.0,931199.0,63193.0,1015327.0,3197.0
2020-06-28,13413.0,4694.0,5557.0,6801.0,936013.0,62615.0,1018058.0,2731.0
2020-06-29,11878.0,4003.0,4951.0,6063.0,939565.0,61918.0,1020436.0,2378.0
2020-06-30,10445.0,3516.0,4475.0,5357.0,942483.0,61378.0,1022565.0,2129.0
2020-07-01,9178.0,3049.0,3868.0,4783.0,946490.0,60892.0,1024372.0,1807.0
2020-07-02,8013.0,2774.0,3426.0,4244.0,949753.0,60740.0,1026077.0,1705.0
2020-07-03,7072.0,2375.0,3035.0,3802.0,953139.0,60352.0,1027486.0,1409.0
2020-07-04,6315.0,2073.0,2592.0,3269.0,955188.0,60081.0,1028713.0,1227.0
2020-07-05,5508.0,1981.0,2320.0,2860.0,956432.0,59944.0,1029913.0,1200.0
2020-07-06,4922.0,1698.0,2103.0,2578.0,958364.0,59423.0,1030939.0,1026.0
