time,E,I1,I2,I3,R,S,cumI,diffI
2020-03-06,0.0,3.0,0.0,0.0,0.0,970432.0,0.0,0.0
2020-03-07,0.0,1.0,1.0,0.0,0.0,973519.0,0.0,0.0
2020-03-08,0.0,0.0,0.0,1.0,0.0,980329.0,0.0,0.0
2020-03-09,0.0,0.0,0.0,0.0,1.0,988717.0,0.0,0.0
2020-03-10,1.0,0.0,0.0,0.0,1.0,992935.0,0.0,0.0
2020-03-11,1.0,0.0,0.0,0.0,1.0,996376.0,0.0,0.0
2020-03-12,1.0,0.0,0.0,0.0,0.0,999842.0,0.0,0.0
2020-03-13,1.0,0.0,0.0,0.0,0.0,1002192.0,0.0,0.0
2020-03-14,1.0,1.0,0.0,0.0,0.0,1005963.0,1.0,1.0
2020-03-15,0.0,1.0,0.0,1.0,0.0,1006676.0,2.0,1.0
2020-03-16,0.0,0.0,1.0,0.0,0.0,1008202.0,2.0,0.0
2020-03-17,1.0,0.0,1.0,0.0,0.0,1010715.0,2.0,0.0
2020-03-18,1.0,0.0,0.0,0.0,1.0,1011580.0,2.0,0.0
2020-03-19,2.0,0.0,0.0,1.0,0.0,1011119.0,2.0,0.0
2020-03-20,3.0,0.0,0.0,0.0,3.0,1010334.0,2.0,0.0
2020-03-21,2.0,0.0,0.0,0.0,3.0,1011113.0,2.0,0.0
2020-03-22,1.0,0.0,0.0,0.0,3.0,1011103.0,2.0,0.0
2020-03-23,3.0,0.0,0.0,0.0,1.0,1012806.0,2.0,0.0
2020-03-24,3.0,1.0,0.0,0.0,2.0,1012733.0,3.0,1.0
2020-03-25,5.0,1.0,0.0,0.0,1.0,1012329.0,4.0,1.0
2020-03-26,6.0,2.0,2.0,0.0,2.0,1014340.0,5.0,1.0
2020-03-27,9.0,1.0,0.0,1.0,1.0,1014383.0,6.0,1.0
2020-03-28,10.0,2.0,0.0,1.0,2.0,1014405.0,8.0,2.0
2020-03-29,8.0,2.0,0.0,0.0,3.0,1013664.0,11.0,3.0
2020-03-30,8.0,4.0,1.0,0.0,2.0,1014535.0,14.0,3.0
2020-03-31,10.0,3.0,3.0,0.0,4.0,1015280.0,15.0,1.0
2020-04-01,10.0,4.0,3.0,4.0,4.0,1015611.0,18.0,3.0
2020-04-02,13.0,6.0,3.0,2.0,8.0,1016002.0,22.0,4.0
2020-04-03,17.0,3.0,2.0,3.0,8.0,1016016.0,23.0,1.0
2020-04-04,15.0,1.0,3.0,3.0,8.0,1016191.0,23.0,0.0
2020-04-05,21.0,4.0,5.0,4.0,12.0,1017958.0,28.0,5.0
2020-04-06,31.0,8.0,4.0,2.0,8.0,1017341.0,34.0,6.0
2020-04-07,33.0,8.0,1.0,6.0,12.0,1016351.0,38.0,4.0
2020-04-08,30.0,5.0,9.0,5.0,15.0,1017465.0,43.0,5.0
2020-04-09,49.0,7.0,4.0,8.0,21.0,1017734.0,50.0,7.0
2020-04-10,58.0,11.0,11.0,5.0,22.0,1017868.0,58.0,8.0
2020-04-11,74.0,18.0,15.0,7.0,29.0,1018243.0,70.0,12.0
2020-04-12,77.0,17.0,9.0,17.0,31.0,1018322.0,81.0,11.0
2020-04-13,91.0,18.0,16.0,12.0,41.0,1018577.0,94.0,13.0
2020-04-14,110.0,20.0,20.0,18.0,55.0,1018938.0,111.0,17.0
2020-04-15,111.0,25.0,20.0,18.0,69.0,1018640.0,136.0,25.0
2020-04-16,138.0,23.0,20.0,22.0,85.0,1017271.0,153.0,17.0
2020-04-17,164.0,38.0,23.0,16.0,104.0,1018782.0,177.0,24.0
2020-04-18,178.0,53.0,22.0,24.0,118.0,1017877.0,220.0,43.0
2020-04-19,203.0,53.0,37.0,18.0,130.0,1018641.0,255.0,35.0
2020-04-20,266.0,62.0,38.0,32.0,151.0,1018812.0,297.0,42.0
2020-04-21,306.0,67.0,52.0,42.0,152.0,1017514.0,347.0,50.0
2020-04-22,374.0,82.0,61.0,51.0,188.0,1017348.0,410.0,63.0
2020-04-23,442.0,92.0,90.0,63.0,231.0,1017675.0,485.0,75.0
2020-04-24,544.0,115.0,85.0,102.0,270.0,1018394.0,570.0,85.0
2020-04-25,646.0,155.0,114.0,92.0,342.0,1018589.0,694.0,124.0
2020-04-26,810.0,177.0,134.0,101.0,380.0,1019999.0,826.0,132.0
2020-04-27,950.0,221.0,169.0,120.0,471.0,1019265.0,1006.0,180.0
2020-04-28,1171.0,240.0,211.0,147.0,562.0,1019181.0,1187.0,181.0
2020-04-29,1356.0,303.0,216.0,170.0,680.0,1019313.0,1424.0,237.0
2020-04-30,1654.0,330.0,247.0,220.0,794.0,1020084.0,1683.0,259.0
2020-05-01,1946.0,377.0,313.0,250.0,886.0,1019162.0,2005.0,322.0
2020-05-02,2230.0,448.0,368.0,280.0,1055.0,1018773.0,2368.0,363.0
2020-05-03,2603.0,595.0,402.0,341.0,1280.0,1016928.0,2817.0,449.0
2020-05-04,3151.0,707.0,550.0,422.0,1510.0,1015997.0,3354.0,537.0
2020-05-05,3774.0,810.0,627.0,521.0,1847.0,1014750.0,3955.0,601.0
2020-05-06,4590.0,1006.0,724.0,634.0,2213.0,1012950.0,4735.0,780.0
2020-05-07,5481.0,1168.0,898.0,667.0,2622.0,1011484.0,5660.0,925.0
2020-05-08,6392.0,1387.0,1062.0,821.0,3041.0,1009607.0,6754.0,1094.0
2020-05-09,7476.0,1589.0,1273.0,988.0,3621.0,1006842.0,7969.0,1215.0
2020-05-10,8906.0,1878.0,1509.0,1144.0,4265.0,1004469.0,9471.0,1502.0
2020-05-11,10564.0,2255.0,1813.0,1357.0,5064.0,1001630.0,11227.0,1756.0
2020-05-12,12272.0,2746.0,2135.0,1629.0,6054.0,997652.0,13398.0,2171.0
2020-05-13,14510.0,3066.0,2500.0,1980.0,7187.0,994555.0,15721.0,2323.0
2020-05-14,17242.0,3692.0,3006.0,2298.0,8733.0,989743.0,18625.0,2904.0
2020-05-15,20351.0,4399.0,3559.0,2650.0,10402.0,982248.0,22047.0,3422.0
2020-05-16,24153.0,5202.0,4257.0,3260.0,12348.0,973290.0,26114.0,4067.0
2020-05-17,28260.0,6203.0,4963.0,3907.0,14699.0,965265.0,31004.0,4890.0
2020-05-18,33267.0,7234.0,5735.0,4725.0,17470.0,955815.0,36705.0,5701.0
2020-05-19,38973.0,8460.0,6817.0,5402.0,20703.0,944789.0,43314.0,6609.0
2020-05-20,45641.0,9965.0,8004.0,6254.0,24377.0,931886.0,51019.0,7705.0
2020-05-21,53133.0,11675.0,9510.0,7438.0,28853.0,915811.0,60187.0,9168.0
2020-05-22,61580.0,13546.0,10985.0,8717.0,33646.0,896050.0,70650.0,10463.0
2020-05-23,70912.0,15667.0,12606.0,10089.0,39844.0,876648.0,82861.0,12211.0
2020-05-24,81168.0,18277.0,14726.0,11676.0,47008.0,853189.0,96866.0,14005.0
2020-05-25,92544.0,21056.0,16936.0,13671.0,55181.0,826046.0,112922.0,16056.0
2020-05-26,104830.0,23831.0,19837.0,16004.0,64695.0,796930.0,131190.0,18268.0
2020-05-27,118133.0,27234.0,22315.0,18428.0,75478.0,763866.0,151603.0,20413.0
2020-05-28,132016.0,30632.0,25469.0,21086.0,87852.0,728383.0,174843.0,23240.0
2020-05-29,145991.0,34416.0,28780.0,24070.0,102703.0,689193.0,200641.0,25798.0
2020-05-30,159731.0,37888.0,32143.0,27163.0,118591.0,649178.0,228864.0,28223.0
2020-05-31,173216.0,41853.0,35924.0,30234.0,137211.0,608228.0,259782.0,30918.0
2020-06-01,185016.0,45209.0,39551.0,33824.0,157325.0,564811.0,292966.0,33184.0
2020-06-02,195871.0,48391.0,43045.0,37487.0,180673.0,520440.0,328356.0,35390.0
2020-06-03,204355.0,51974.0,45898.0,41305.0,205883.0,477147.0,365799.0,37443.0
2020-06-04,210677.0,54422.0,49452.0,44670.0,233313.0,434500.0,404788.0,38989.0
2020-06-05,214980.0,56517.0,52349.0,47354.0,262898.0,392508.0,444550.0,39762.0
2020-06-06,215371.0,57602.0,54352.0,50073.0,294725.0,354354.0,484825.0,40275.0
2020-06-07,213894.0,58104.0,55953.0,52113.0,327566.0,318077.0,525057.0,40232.0
2020-06-08,209121.0,57879.0,57087.0,54182.0,361884.0,285133.0,565033.0,39976.0
2020-06-09,202446.0,57043.0,56987.0,55542.0,396818.0,256580.0,603812.0,38779.0
2020-06-10,194954.0,56176.0,56703.0,56203.0,433125.0,230262.0,641444.0,37632.0
2020-06-11,185267.0,53858.0,55680.0,56010.0,468887.0,207561.0,677324.0,35880.0
2020-06-12,174387.0,51552.0,54006.0,54860.0,504749.0,186696.0,711296.0,33972.0
2020-06-13,162972.0,48577.0,51885.0,53664.0,538810.0,169391.0,742980.0,31684.0
2020-06-14,150674.0,45647.0,49556.0,52337.0,572679.0,154388.0,772808.0,29828.0
2020-06-15,138586.0,43155.0,46634.0,50332.0,605821.0,141237.0,800538.0,27730.0
2020-06-16,126771.0,39840.0,44168.0,47695.0,637945.0,130034.0,825961.0,25423.0
2020-06-17,115934.0,36599.0,41056.0,45096.0,668059.0,120008.0,849099.0,23138.0
2020-06-18,105396.0,33649.0,37967.0,42397.0,697163.0,111395.0,870178.0,21079.0
2020-06-19,95334.0,30569.0,35128.0,38994.0,722284.0,104427.0,889113.0,18935.0
2020-06-20,85618.0,27573.0,32171.0,36462.0,746927.0,97896.0,906475.0,17362.0
2020-06-21,76844.0,24910.0,29103.0,33634.0,768353.0,92904.0,921949.0,15474.0
2020-06-22,68628.0,22471.0,26633.0,30871.0,788889.0,88441.0,935989.0,14040.0
2020-06-23,61277.0,20257.0,24153.0,27979.0,807869.0,84889.0,948503.0,12514.0
2020-06-24,55150.0,18220.0,21935.0,25359.0,826213.0,81302.0,959705.0,11202.0
2020-06-25,49101.0,16165.0,19674.0,22815.0,842302.0,78350.0,969558.0,9853.0
2020-06-26,43618.0,14443.0,17521.0,20616.0,853965.0,75772.0,978462.0,8904.0
2020-06-27,38953.0,12801.0,15757.0,18822.0,866702.0,73590.0,986414.0,7952.0
2020-06-28,34547.0,11493.0,14149.0,16812.0,878966.0,71616.0,993429.0,7015.0
2020-06-29,30757.0,10225.0,12488.0,15096.0,890561.0,70219.0,999686.0,6257.0
2020-06-30,27300.0,9183.0,11154.0,13490.0,898717.0,68639.0,1005254.0,5568.0
2020-07-01,24286.0,8005.0,9964.0,12065.0,906012.0,67234.0,1010084.0,4830.0
2020-07-02,21380.0,7101.0,8802.0,10816.0,914408.0,66216.0,1014478.0,4394.0
2020-07-03,19104.0,6242.0,7802.0,9673.0,919943.0,65049.0,1018317.0,3839.0
2020-07-04,16919.0,5603.0,6914.0,8365.0,925925.0,64496.0,1021690.0,3373.0
2020-07-05,14984.0,4951.0,6044.0,7518.0,931614.0,63876.0,1024734.0,3044.0
2020-07-06,13183.0,4482.0,5518.0,6665.0,935766.0,62982.0,1027452.0,2718.0
