time,E,I1,I2,I3,R,S,cumI,diffI
2020-03-06,0.0,3.0,0.0,0.0,0.0,970182.0,0.0,0.0
2020-03-07,1.0,0.0,1.0,0.0,2.0,971444.0,0.0,0.0
2020-03-08,1.0,0.0,0.0,0.0,2.0,978641.0,0.0,0.0
2020-03-09,1.0,0.0,0.0,0.0,1.0,986569.0,0.0,0.0
2020-03-10,0.0,0.0,0.0,0.0,1.0,993058.0,0.0,0.0
2020-03-11,0.0,0.0,0.0,0.0,1.0,997419.0,0.0,0.0
2020-03-12,0.0,0.0,0.0,0.0,1.0,1001001.0,0.0,0.0
2020-03-13,0.0,0.0,0.0,0.0,0.0,1003235.0,0.0,0.0
2020-03-14,2.0,0.0,1.0,0.0,0.0,1006066.0,0.0,0.0
2020-03-15,1.0,0.0,0.0,0.0,0.0,1005348.0,0.0,0.0
2020-03-16,1.0,0.0,0.0,1.0,1.0,1006993.0,0.0,0.0
2020-03-17,1.0,0.0,0.0,0.0,1.0,1007746.0,0.0,0.0
2020-03-18,0.0,0.0,0.0,0.0,2.0,1008900.0,0.0,0.0
2020-03-19,0.0,0.0,0.0,0.0,0.0,1009917.0,0.0,0.0
2020-03-20,1.0,0.0,0.0,1.0,0.0,1010166.0,0.0,0.0
2020-03-21,1.0,0.0,0.0,1.0,0.0,1011395.0,1.0,1.0
2020-03-22,1.0,0.0,0.0,0.0,1.0,1011480.0,1.0,0.0
2020-03-23,0.0,0.0,1.0,1.0,1.0,1011612.0,2.0,1.0
2020-03-24,3.0,0.0,1.0,1.0,1.0,1013278.0,2.0,0.0
2020-03-25,2.0,0.0,1.0,0.0,2.0,1014300.0,3.0,1.0
2020-03-26,2.0,0.0,0.0,1.0,2.0,1014909.0,3.0,0.0
2020-03-27,3.0,1.0,0.0,0.0,3.0,1015564.0,3.0,0.0
2020-03-28,3.0,1.0,0.0,0.0,3.0,1014841.0,3.0,0.0
2020-03-29,7.0,1.0,0.0,1.0,2.0,1014297.0,4.0,1.0
2020-03-30,10.0,1.0,1.0,0.0,3.0,1015745.0,5.0,1.0
2020-03-31,7.0,3.0,3.0,0.0,4.0,1015728.0,9.0,4.0
2020-04-01,9.0,2.0,2.0,2.0,5.0,1015134.0,10.0,1.0
2020-04-02,14.0,4.0,4.0,2.0,8.0,1016605.0,13.0,3.0
2020-04-03,18.0,4.0,2.0,5.0,12.0,1017361.0,14.0,1.0
2020-04-04,17.0,6.0,4.0,4.0,11.0,1017468.0,20.0,6.0
2020-04-05,20.0,5.0,6.0,2.0,12.0,1016986.0,22.0,2.0
2020-04-06,19.0,2.0,6.0,5.0,18.0,1018796.0,27.0,5.0
2020-04-07,25.0,6.0,5.0,4.0,21.0,1018260.0,32.0,5.0
2020-04-08,29.0,5.0,8.0,4.0,19.0,1018280.0,37.0,5.0
2020-04-09,40.0,10.0,9.0,9.0,22.0,1017553.0,43.0,6.0
2020-04-10,60.0,10.0,14.0,6.0,22.0,1018128.0,53.0,10.0
2020-04-11,74.0,11.0,12.0,10.0,35.0,1018722.0,63.0,10.0
2020-04-12,75.0,21.0,13.0,11.0,45.0,1020136.0,78.0,15.0
2020-04-13,102.0,23.0,16.0,14.0,48.0,1019562.0,88.0,10.0
2020-04-14,119.0,26.0,25.0,19.0,75.0,1019227.0,110.0,22.0
2020-04-15,137.0,29.0,28.0,20.0,81.0,1019320.0,138.0,28.0
2020-04-16,169.0,44.0,38.0,20.0,86.0,1018697.0,172.0,34.0
2020-04-17,208.0,54.0,34.0,28.0,92.0,1019569.0,215.0,43.0
2020-04-18,267.0,48.0,49.0,32.0,118.0,1020961.0,255.0,40.0
2020-04-19,341.0,72.0,51.0,48.0,139.0,1021631.0,315.0,60.0
2020-04-20,390.0,83.0,56.0,48.0,175.0,1020143.0,377.0,62.0
2020-04-21,425.0,106.0,62.0,59.0,199.0,1020390.0,467.0,90.0
2020-04-22,490.0,109.0,83.0,79.0,255.0,1021195.0,548.0,81.0
2020-04-23,581.0,128.0,97.0,93.0,308.0,1020054.0,646.0,98.0
2020-04-24,714.0,151.0,110.0,95.0,377.0,1019005.0,760.0,114.0
2020-04-25,809.0,170.0,159.0,90.0,416.0,1018979.0,903.0,143.0
2020-04-26,956.0,226.0,176.0,104.0,508.0,1019057.0,1059.0,156.0
2020-04-27,1134.0,285.0,192.0,161.0,592.0,1019248.0,1254.0,195.0
2020-04-28,1373.0,297.0,216.0,208.0,692.0,1018322.0,1488.0,234.0
2020-04-29,1731.0,371.0,283.0,235.0,797.0,1018935.0,1749.0,261.0
2020-04-30,2063.0,430.0,336.0,319.0,981.0,1018157.0,2104.0,355.0
2020-05-01,2436.0,558.0,366.0,359.0,1188.0,1016992.0,2517.0,413.0
2020-05-02,2968.0,618.0,474.0,400.0,1401.0,1015877.0,2961.0,444.0
2020-05-03,3514.0,719.0,575.0,436.0,1709.0,1015765.0,3544.0,583.0
2020-05-04,4011.0,885.0,710.0,518.0,2024.0,1015205.0,4248.0,704.0
2020-05-05,4790.0,1065.0,817.0,696.0,2368.0,1013335.0,5067.0,819.0
2020-05-06,5742.0,1243.0,972.0,770.0,2830.0,1011699.0,6015.0,948.0
2020-05-07,6796.0,1410.0,1154.0,922.0,3349.0,1009046.0,7126.0,1111.0
2020-05-08,7977.0,1769.0,1375.0,1087.0,3962.0,1006525.0,8514.0,1388.0
2020-05-09,9558.0,2005.0,1615.0,1302.0,4784.0,1003835.0,10089.0,1575.0
2020-05-10,11239.0,2425.0,1913.0,1501.0,5609.0,1000096.0,11986.0,1897.0
2020-05-11,13292.0,2956.0,2184.0,1804.0,6752.0,996917.0,14272.0,2286.0
2020-05-12,15675.0,3444.0,2709.0,2155.0,7910.0,991386.0,16945.0,2673.0
2020-05-13,18527.0,4012.0,3152.0,2544.0,9402.0,986565.0,20122.0,3177.0
2020-05-14,21867.0,4837.0,3800.0,2858.0,11098.0,979590.0,23830.0,3708.0
2020-05-15,25651.0,5646.0,4513.0,3533.0,13117.0,970875.0,28231.0,4401.0
2020-05-16,29950.0,6691.0,5222.0,4138.0,15587.0,962822.0,33370.0,5139.0
2020-05-17,35264.0,7862.0,6076.0,4924.0,18451.0,951800.0,39441.0,6071.0
2020-05-18,41399.0,9171.0,7278.0,5698.0,21766.0,939321.0,46493.0,7052.0
2020-05-19,48551.0,10696.0,8543.0,6814.0,25572.0,925783.0,54719.0,8226.0
2020-05-20,56014.0,12364.0,9920.0,7993.0,30295.0,907972.0,64337.0,9618.0
2020-05-21,64861.0,14315.0,11533.0,9303.0,35815.0,887743.0,75374.0,11037.0
2020-05-22,74822.0,16561.0,13360.0,10841.0,42333.0,865145.0,88260.0,12886.0
2020-05-23,85742.0,19324.0,15418.0,12557.0,49764.0,840869.0,103008.0,14748.0
2020-05-24,97962.0,22119.0,17942.0,14563.0,58819.0,813768.0,119824.0,16816.0
2020-05-25,110548.0,25056.0,20634.0,16852.0,68593.0,782113.0,138951.0,19127.0
2020-05-26,123735.0,28973.0,23631.0,19352.0,80133.0,747084.0,160770.0,21819.0
2020-05-27,137565.0,32212.0,27216.0,22324.0,93799.0,711291.0,185168.0,24398.0
2020-05-28,152036.0,35472.0,30610.0,25316.0,109183.0,671326.0,211893.0,26725.0
2020-05-29,166092.0,39655.0,33757.0,28477.0,126106.0,631636.0,241312.0,29419.0
2020-05-30,178895.0,43403.0,37674.0,32136.0,145412.0,589471.0,273601.0,32289.0
2020-05-31,191023.0,46611.0,40933.0,35611.0,167097.0,546043.0,307806.0,34205.0
2020-06-01,201003.0,49666.0,44755.0,39140.0,190896.0,501930.0,344146.0,36340.0
2020-06-02,207996.0,53033.0,47816.0,42449.0,217148.0,458603.0,382358.0,38212.0
2020-06-03,212450.0,55080.0,50765.0,45571.0,245496.0,416460.0,421873.0,39515.0
2020-06-04,214682.0,56286.0,53190.0,48571.0,276446.0,376628.0,461562.0,39689.0
2020-06-05,215039.0,57428.0,54785.0,51167.0,308785.0,338949.0,501859.0,40297.0
2020-06-06,212060.0,57991.0,55537.0,53359.0,341773.0,304788.0,541937.0,40078.0
2020-06-07,206848.0,57632.0,56463.0,54422.0,376184.0,273367.0,581240.0,39303.0
2020-06-08,199709.0,56624.0,56710.0,55348.0,412066.0,244825.0,619585.0,38345.0
2020-06-09,190361.0,54671.0,56087.0,56055.0,448467.0,220587.0,656026.0,36441.0
2020-06-10,180386.0,52833.0,55067.0,55575.0,484414.0,198947.0,691147.0,35121.0
2020-06-11,168570.0,50432.0,53235.0,54866.0,519981.0,179651.0,724412.0,33265.0
2020-06-12,156736.0,47488.0,51196.0,53466.0,555025.0,163147.0,755225.0,30813.0
2020-06-13,145689.0,44365.0,48126.0,51907.0,588570.0,148191.0,783550.0,28325.0
2020-06-14,133898.0,41369.0,45691.0,48995.0,621645.0,136233.0,810096.0,26546.0
2020-06-15,122493.0,38365.0,42532.0,46587.0,651770.0,126266.0,834469.0,24373.0
2020-06-16,111528.0,35134.0,39753.0,43694.0,681254.0,117204.0,856615.0,22146.0
2020-06-17,100897.0,32238.0,36841.0,40654.0,707678.0,109402.0,876817.0,20202.0
2020-06-18,91268.0,29376.0,34008.0,37900.0,732197.0,102510.0,895180.0,18363.0
2020-06-19,82039.0,26620.0,30805.0,34708.0,754848.0,96694.0,911772.0,16592.0
2020-06-20,74091.0,23925.0,28202.0,32102.0,776398.0,91937.0,926527.0,14755.0
2020-06-21,66142.0,21457.0,25535.0,29445.0,796910.0,87535.0,939910.0,13383.0
2020-06-22,59471.0,19423.0,22840.0,26974.0,815141.0,83452.0,951801.0,11891.0
2020-06-23,52665.0,17695.0,20632.0,24297.0,830863.0,80485.0,962736.0,10935.0
2020-06-24,47002.0,15323.0,18909.0,22252.0,845464.0,77904.0,972020.0,9284.0
2020-06-25,41830.0,13869.0,16891.0,20047.0,860104.0,75317.0,980610.0,8590.0
2020-06-26,37330.0,12189.0,14918.0,17857.0,872064.0,73556.0,987887.0,7277.0
2020-06-27,32973.0,10973.0,13208.0,16173.0,882942.0,71569.0,994700.0,6813.0
2020-06-28,29288.0,9866.0,11898.0,14500.0,892571.0,69772.0,1000721.0,6021.0
2020-06-29,26063.0,8785.0,10720.0,12938.0,900743.0,68300.0,1006013.0,5292.0
2020-06-30,23256.0,7794.0,9432.0,11500.0,909178.0,67351.0,1010669.0,4656.0
2020-07-01,20529.0,6890.0,8425.0,10281.0,915511.0,66399.0,1014796.0,4127.0
2020-07-02,18230.0,6128.0,7473.0,9116.0,922349.0,65312.0,1018437.0,3641.0
2020-07-03,16112.0,5329.0,6675.0,8023.0,928135.0,64349.0,1021677.0,3240.0
2020-07-04,13972.0,4813.0,5935.0,7300.0,932496.0,63558.0,1024646.0,2969.0
2020-07-05,12271.0,4326.0,5232.0,6334.0,936410.0,62926.0,1027176.0,2530.0
2020-07-06,10939.0,3721.0,4694.0,5601.0,940451.0,62454.0,1029398.0,2222.0
