time,E,I1,I2,I3,R,S,cumI,diffI
2020-03-06,1.0,1.0,0.0,0.0,0.0,970072.0,0.0,0.0
2020-03-07,1.0,0.0,1.0,0.0,0.0,972305.0,0.0,0.0
2020-03-08,1.0,0.0,1.0,0.0,0.0,980618.0,0.0,0.0
2020-03-09,3.0,0.0,0.0,0.0,1.0,985910.0,0.0,0.0
2020-03-10,0.0,1.0,0.0,0.0,0.0,990681.0,1.0,1.0
2020-03-11,1.0,0.0,0.0,0.0,0.0,994849.0,1.0,0.0
2020-03-12,2.0,0.0,1.0,0.0,0.0,999840.0,1.0,0.0
2020-03-13,4.0,0.0,0.0,1.0,0.0,1003036.0,1.0,0.0
2020-03-14,3.0,0.0,1.0,0.0,0.0,1004534.0,2.0,1.0
2020-03-15,5.0,1.0,0.0,0.0,1.0,1007244.0,3.0,1.0
2020-03-16,5.0,0.0,1.0,0.0,1.0,1009973.0,3.0,0.0
2020-03-17,4.0,2.0,0.0,0.0,2.0,1010920.0,5.0,2.0
2020-03-18,2.0,1.0,1.0,1.0,1.0,1010692.0,5.0,0.0
2020-03-19,4.0,1.0,3.0,2.0,2.0,1012190.0,6.0,1.0
2020-03-20,3.0,0.0,1.0,3.0,1.0,1012625.0,6.0,0.0
2020-03-21,5.0,1.0,0.0,3.0,2.0,1013252.0,6.0,0.0
2020-03-22,7.0,1.0,0.0,3.0,2.0,1013257.0,6.0,0.0
2020-03-23,7.0,2.0,1.0,1.0,4.0,1013391.0,8.0,2.0
2020-03-24,8.0,1.0,2.0,1.0,6.0,1013035.0,9.0,1.0
2020-03-25,8.0,4.0,1.0,3.0,5.0,1014651.0,12.0,3.0
2020-03-26,5.0,5.0,0.0,3.0,9.0,1013524.0,14.0,2.0
2020-03-27,8.0,0.0,3.0,0.0,8.0,1014401.0,14.0,0.0
2020-03-28,14.0,3.0,0.0,0.0,10.0,1014469.0,16.0,2.0
2020-03-29,24.0,5.0,3.0,2.0,7.0,1014702.0,21.0,5.0
2020-03-30,24.0,4.0,4.0,4.0,9.0,1015326.0,24.0,3.0
2020-03-31,22.0,5.0,6.0,3.0,7.0,1015658.0,30.0,6.0
2020-04-01,31.0,6.0,8.0,5.0,7.0,1015417.0,34.0,4.0
2020-04-02,35.0,8.0,4.0,6.0,16.0,1015619.0,38.0,4.0
2020-04-03,35.0,7.0,6.0,5.0,21.0,1017672.0,43.0,5.0
2020-04-04,51.0,10.0,6.0,6.0,19.0,1016924.0,50.0,7.0
2020-04-05,56.0,14.0,11.0,7.0,27.0,1016989.0,65.0,15.0
2020-04-06,84.0,14.0,4.0,11.0,38.0,1017882.0,69.0,4.0
2020-04-07,93.0,17.0,8.0,7.0,48.0,1017636.0,78.0,9.0
2020-04-08,90.0,19.0,11.0,14.0,50.0,1018698.0,96.0,18.0
2020-04-09,109.0,20.0,19.0,13.0,56.0,1017611.0,112.0,16.0
2020-04-10,119.0,26.0,21.0,13.0,71.0,1017958.0,140.0,28.0
2020-04-11,146.0,34.0,24.0,19.0,73.0,1017992.0,164.0,24.0
2020-04-12,170.0,33.0,33.0,25.0,97.0,1018197.0,189.0,25.0
2020-04-13,196.0,42.0,28.0,33.0,99.0,1017863.0,220.0,31.0
2020-04-14,232.0,47.0,36.0,30.0,130.0,1017609.0,257.0,37.0
2020-04-15,272.0,50.0,48.0,25.0,160.0,1017522.0,289.0,32.0
2020-04-16,326.0,58.0,51.0,44.0,169.0,1017072.0,337.0,48.0
2020-04-17,369.0,90.0,58.0,48.0,206.0,1017120.0,409.0,72.0
2020-04-18,423.0,90.0,72.0,66.0,229.0,1018534.0,478.0,69.0
2020-04-19,534.0,104.0,82.0,72.0,279.0,1018114.0,550.0,72.0
2020-04-20,668.0,118.0,102.0,81.0,324.0,1019180.0,636.0,86.0
2020-04-21,772.0,164.0,123.0,104.0,381.0,1019516.0,766.0,130.0
2020-04-22,873.0,212.0,157.0,135.0,442.0,1019139.0,930.0,164.0
2020-04-23,1071.0,233.0,188.0,126.0,550.0,1019436.0,1108.0,178.0
2020-04-24,1310.0,258.0,221.0,184.0,649.0,1019654.0,1316.0,208.0
2020-04-25,1504.0,356.0,255.0,212.0,742.0,1019847.0,1597.0,281.0
2020-04-26,1800.0,382.0,257.0,279.0,859.0,1018799.0,1871.0,274.0
2020-04-27,2173.0,470.0,349.0,295.0,1086.0,1018472.0,2232.0,361.0
2020-04-28,2495.0,539.0,424.0,316.0,1280.0,1016421.0,2642.0,410.0
2020-04-29,2925.0,634.0,491.0,370.0,1469.0,1014705.0,3126.0,484.0
2020-04-30,3497.0,768.0,572.0,455.0,1722.0,1013815.0,3705.0,579.0
2020-05-01,4232.0,875.0,724.0,535.0,2103.0,1013211.0,4376.0,671.0
2020-05-02,5009.0,1033.0,883.0,643.0,2467.0,1013213.0,5247.0,871.0
2020-05-03,6029.0,1225.0,1024.0,807.0,2877.0,1011831.0,6208.0,961.0
2020-05-04,7079.0,1491.0,1190.0,893.0,3458.0,1008500.0,7421.0,1213.0
2020-05-05,8329.0,1838.0,1350.0,1095.0,4242.0,1005330.0,8844.0,1423.0
2020-05-06,9919.0,2105.0,1692.0,1321.0,4925.0,1001897.0,10472.0,1628.0
2020-05-07,11845.0,2531.0,2001.0,1626.0,5862.0,997224.0,12450.0,1978.0
2020-05-08,14140.0,3088.0,2357.0,1822.0,6947.0,994575.0,14873.0,2423.0
2020-05-09,16691.0,3616.0,2750.0,2210.0,8321.0,989187.0,17631.0,2758.0
2020-05-10,19513.0,4172.0,3292.0,2540.0,9714.0,983603.0,20900.0,3269.0
2020-05-11,22634.0,4957.0,3886.0,3004.0,11445.0,976678.0,24758.0,3858.0
2020-05-12,26644.0,5922.0,4617.0,3525.0,13694.0,970203.0,29330.0,4572.0
2020-05-13,31436.0,6716.0,5448.0,4383.0,16128.0,959190.0,34467.0,5137.0
2020-05-14,36524.0,8028.0,6339.0,5056.0,19174.0,947252.0,40804.0,6337.0
2020-05-15,42685.0,9381.0,7501.0,5940.0,22823.0,935718.0,47993.0,7189.0
2020-05-16,50086.0,11073.0,8763.0,7171.0,26899.0,920434.0,56492.0,8499.0
2020-05-17,58518.0,12666.0,10383.0,8169.0,31870.0,903153.0,66340.0,9848.0
2020-05-18,67287.0,14913.0,11919.0,9622.0,37290.0,883844.0,77919.0,11579.0
2020-05-19,77508.0,17422.0,13935.0,11245.0,43829.0,861386.0,91222.0,13303.0
2020-05-20,88585.0,19849.0,16416.0,12929.0,51620.0,835686.0,106453.0,15231.0
2020-05-21,100133.0,22898.0,18712.0,15187.0,60755.0,807328.0,123980.0,17527.0
2020-05-22,113778.0,25744.0,21298.0,17366.0,71148.0,776075.0,143366.0,19386.0
2020-05-23,126930.0,29251.0,24011.0,19911.0,83108.0,741418.0,165452.0,22086.0
2020-05-24,140647.0,32618.0,27659.0,22909.0,96504.0,703557.0,190156.0,24704.0
2020-05-25,154530.0,36353.0,30929.0,25810.0,112430.0,664872.0,217503.0,27347.0
2020-05-26,167372.0,40100.0,34355.0,29264.0,130085.0,623553.0,247393.0,29890.0
2020-05-27,180926.0,43602.0,37895.0,32426.0,150246.0,580540.0,279666.0,32273.0
2020-05-28,191807.0,46941.0,41396.0,36111.0,171806.0,536834.0,314192.0,34526.0
2020-05-29,201173.0,50330.0,45095.0,39456.0,195740.0,493501.0,350984.0,36792.0
2020-05-30,208419.0,53022.0,47930.0,42758.0,223005.0,450511.0,389080.0,38096.0
2020-05-31,213252.0,55441.0,50922.0,45637.0,251222.0,409605.0,428472.0,39392.0
2020-06-01,214927.0,56802.0,53668.0,48715.0,281104.0,370707.0,468475.0,40003.0
2020-06-02,213896.0,57262.0,55216.0,51211.0,312839.0,334221.0,508707.0,40232.0
2020-06-03,210510.0,57533.0,55921.0,53249.0,346176.0,300523.0,548562.0,39855.0
2020-06-04,205153.0,56950.0,56764.0,54492.0,380926.0,270261.0,588023.0,39461.0
2020-06-05,198101.0,56059.0,56525.0,55229.0,416925.0,242515.0,625848.0,37825.0
2020-06-06,188977.0,54558.0,55905.0,55834.0,452821.0,217945.0,662449.0,36601.0
2020-06-07,178657.0,52315.0,54873.0,55608.0,488786.0,196851.0,697303.0,34854.0
2020-06-08,167311.0,49831.0,53220.0,54285.0,524594.0,178225.0,730105.0,32802.0
2020-06-09,155398.0,47068.0,50690.0,53000.0,559605.0,162374.0,761052.0,30947.0
2020-06-10,144131.0,44081.0,48017.0,51078.0,592118.0,148016.0,789392.0,28340.0
2020-06-11,132605.0,40715.0,45143.0,48885.0,624146.0,135863.0,815587.0,26195.0
2020-06-12,120989.0,37931.0,42088.0,45899.0,654726.0,125546.0,839851.0,24264.0
2020-06-13,110101.0,34957.0,39136.0,43333.0,682668.0,116232.0,861854.0,22003.0
2020-06-14,99837.0,31664.0,36101.0,40462.0,709112.0,108500.0,881767.0,19913.0
2020-06-15,89956.0,29001.0,33173.0,37400.0,734759.0,101960.0,899897.0,18130.0
2020-06-16,81416.0,26061.0,30594.0,34883.0,758267.0,96312.0,915999.0,16102.0
2020-06-17,72782.0,23606.0,27606.0,31990.0,779595.0,91399.0,930639.0,14640.0
2020-06-18,65359.0,21184.0,24948.0,29513.0,799507.0,87213.0,943926.0,13287.0
2020-06-19,58284.0,19262.0,22626.0,26501.0,817607.0,83686.0,955602.0,11676.0
2020-06-20,52394.0,17198.0,20532.0,24083.0,832150.0,80643.0,965927.0,10325.0
2020-06-21,46965.0,15522.0,18428.0,21925.0,846877.0,78052.0,975309.0,9382.0
2020-06-22,41689.0,13936.0,16481.0,19718.0,860719.0,75401.0,983746.0,8437.0
2020-06-23,37265.0,12379.0,14768.0,17864.0,872606.0,73481.0,991193.0,7447.0
2020-06-24,33178.0,11082.0,13339.0,15906.0,884777.0,71471.0,997934.0,6741.0
2020-06-25,29377.0,9954.0,11812.0,14265.0,892730.0,69802.0,1003881.0,5947.0
2020-06-26,25918.0,8921.0,10575.0,12704.0,900712.0,68222.0,1009156.0,5275.0
2020-06-27,23038.0,7899.0,9415.0,11539.0,908887.0,67330.0,1013946.0,4790.0
2020-06-28,20394.0,6915.0,8375.0,10297.0,916611.0,66620.0,1018065.0,4119.0
2020-06-29,17977.0,6075.0,7527.0,9177.0,922527.0,65513.0,1021723.0,3658.0
2020-06-30,15819.0,5553.0,6591.0,8089.0,927891.0,64710.0,1024949.0,3226.0
2020-07-01,14124.0,4849.0,5871.0,7068.0,932007.0,64160.0,1027741.0,2792.0
2020-07-02,12548.0,4232.0,5176.0,6498.0,936964.0,63598.0,1030316.0,2575.0
2020-07-03,11055.0,3775.0,4474.0,5681.0,939541.0,63039.0,1032537.0,2221.0
2020-07-04,9738.0,3443.0,4011.0,5005.0,943407.0,62797.0,1034519.0,1982.0
2020-07-05,8608.0,2945.0,3537.0,4478.0,946107.0,62539.0,1036292.0,1773.0
2020-07-06,7662.0,2575.0,3080.0,3892.0,948975.0,61837.0,1037819.0,1527.0
