time,E,I1,I2,I3,R,S,cumI,diffI
2020-03-06,0.0,3.0,0.0,0.0,0.0,970293.0,0.0,0.0
2020-03-07,2.0,1.0,0.0,2.0,0.0,973703.0,0.0,0.0
2020-03-08,1.0,0.0,0.0,1.0,1.0,979894.0,0.0,0.0
2020-03-09,1.0,1.0,0.0,1.0,0.0,985865.0,0.0,0.0
2020-03-10,1.0,0.0,0.0,0.0,1.0,992119.0,0.0,0.0
2020-03-11,2.0,0.0,0.0,0.0,1.0,996251.0,0.0,0.0
2020-03-12,0.0,0.0,0.0,0.0,0.0,999770.0,0.0,0.0
2020-03-13,0.0,0.0,0.0,0.0,0.0,1002946.0,0.0,0.0
2020-03-14,1.0,0.0,1.0,0.0,0.0,1004727.0,0.0,0.0
2020-03-15,1.0,0.0,0.0,1.0,0.0,1007832.0,0.0,0.0
2020-03-16,0.0,0.0,1.0,0.0,2.0,1009201.0,1.0,1.0
2020-03-17,3.0,0.0,0.0,1.0,2.0,1009108.0,1.0,0.0
2020-03-18,5.0,0.0,0.0,1.0,1.0,1009865.0,1.0,0.0
2020-03-19,2.0,1.0,1.0,0.0,1.0,1010009.0,3.0,2.0
2020-03-20,2.0,1.0,1.0,1.0,1.0,1010532.0,4.0,1.0
2020-03-21,1.0,0.0,0.0,1.0,4.0,1011244.0,4.0,0.0
2020-03-22,3.0,0.0,0.0,1.0,2.0,1012754.0,4.0,0.0
2020-03-23,3.0,0.0,0.0,1.0,1.0,1013241.0,4.0,0.0
2020-03-24,2.0,0.0,0.0,0.0,1.0,1013333.0,4.0,0.0
2020-03-25,1.0,1.0,0.0,0.0,2.0,1013420.0,5.0,1.0
2020-03-26,2.0,0.0,0.0,1.0,1.0,1013727.0,5.0,0.0
2020-03-27,4.0,0.0,1.0,1.0,2.0,1014031.0,5.0,0.0
2020-03-28,5.0,1.0,1.0,1.0,4.0,1014603.0,6.0,1.0
2020-03-29,10.0,2.0,2.0,1.0,5.0,1014424.0,8.0,2.0
2020-03-30,10.0,5.0,1.0,0.0,4.0,1013977.0,10.0,2.0
2020-03-31,12.0,3.0,1.0,2.0,6.0,1015329.0,11.0,1.0
2020-04-01,13.0,2.0,2.0,3.0,8.0,1015803.0,14.0,3.0
2020-04-02,17.0,1.0,2.0,1.0,11.0,1015700.0,15.0,1.0
2020-04-03,18.0,6.0,3.0,2.0,13.0,1016931.0,19.0,4.0
2020-04-04,26.0,7.0,4.0,0.0,14.0,1019098.0,23.0,4.0
2020-04-05,27.0,5.0,5.0,1.0,12.0,1017981.0,26.0,3.0
2020-04-06,35.0,4.0,7.0,4.0,11.0,1018105.0,30.0,4.0
2020-04-07,39.0,11.0,4.0,5.0,11.0,1018313.0,39.0,9.0
2020-04-08,45.0,7.0,7.0,5.0,18.0,1018458.0,44.0,5.0
2020-04-09,53.0,14.0,3.0,4.0,23.0,1017778.0,52.0,8.0
2020-04-10,64.0,17.0,8.0,5.0,30.0,1017640.0,65.0,13.0
2020-04-11,85.0,17.0,17.0,6.0,31.0,1017558.0,79.0,14.0
2020-04-12,102.0,17.0,22.0,9.0,45.0,1018309.0,91.0,12.0
2020-04-13,92.0,23.0,16.0,14.0,46.0,1017866.0,113.0,22.0
2020-04-14,131.0,29.0,11.0,18.0,52.0,1017880.0,132.0,19.0
2020-04-15,133.0,48.0,19.0,16.0,65.0,1017566.0,166.0,34.0
2020-04-16,166.0,39.0,32.0,24.0,71.0,1019164.0,190.0,24.0
2020-04-17,207.0,52.0,33.0,33.0,90.0,1018832.0,225.0,35.0
2020-04-18,226.0,64.0,40.0,31.0,109.0,1018191.0,283.0,58.0
2020-04-19,314.0,61.0,46.0,29.0,128.0,1017738.0,316.0,33.0
2020-04-20,345.0,74.0,53.0,43.0,159.0,1018313.0,383.0,67.0
2020-04-21,404.0,82.0,65.0,45.0,173.0,1017842.0,443.0,60.0
2020-04-22,482.0,106.0,79.0,62.0,207.0,1019441.0,541.0,98.0
2020-04-23,589.0,119.0,95.0,80.0,249.0,1020054.0,640.0,99.0
2020-04-24,676.0,137.0,99.0,90.0,297.0,1019196.0,749.0,109.0
2020-04-25,727.0,156.0,131.0,102.0,368.0,1020485.0,877.0,128.0
2020-04-26,955.0,189.0,164.0,133.0,459.0,1019760.0,1027.0,150.0
2020-04-27,1099.0,230.0,156.0,161.0,526.0,1020030.0,1209.0,182.0
2020-04-28,1290.0,274.0,194.0,188.0,645.0,1020166.0,1413.0,204.0
2020-04-29,1501.0,323.0,269.0,192.0,751.0,1018609.0,1683.0,270.0
2020-04-30,1814.0,359.0,323.0,223.0,894.0,1019507.0,1984.0,301.0
2020-05-01,2193.0,469.0,387.0,309.0,1060.0,1018728.0,2356.0,372.0
2020-05-02,2611.0,565.0,436.0,370.0,1222.0,1017355.0,2787.0,431.0
2020-05-03,3177.0,657.0,529.0,420.0,1411.0,1015122.0,3301.0,514.0
2020-05-04,3674.0,794.0,610.0,496.0,1723.0,1015259.0,3922.0,621.0
2020-05-05,4275.0,905.0,723.0,598.0,2055.0,1013712.0,4611.0,689.0
2020-05-06,5209.0,1091.0,879.0,690.0,2437.0,1011994.0,5472.0,861.0
2020-05-07,6065.0,1325.0,1002.0,811.0,2930.0,1010755.0,6485.0,1013.0
2020-05-08,7036.0,1538.0,1209.0,977.0,3475.0,1009414.0,7704.0,1219.0
2020-05-09,8433.0,1741.0,1467.0,1121.0,4215.0,1006328.0,9080.0,1376.0
2020-05-10,9953.0,2163.0,1680.0,1314.0,4944.0,1003511.0,10803.0,1723.0
2020-05-11,11825.0,2477.0,1989.0,1556.0,5830.0,999513.0,12720.0,1917.0
2020-05-12,13750.0,2999.0,2314.0,1861.0,6748.0,995740.0,15080.0,2360.0
2020-05-13,16123.0,3446.0,2766.0,2174.0,8118.0,991159.0,17772.0,2692.0
2020-05-14,19233.0,4025.0,3243.0,2596.0,9761.0,986428.0,20919.0,3147.0
2020-05-15,22593.0,4813.0,3820.0,3073.0,11573.0,978947.0,24711.0,3792.0
2020-05-16,26254.0,5817.0,4523.0,3536.0,13454.0,970483.0,29275.0,4564.0
2020-05-17,30940.0,6777.0,5413.0,4104.0,16098.0,961208.0,34486.0,5211.0
2020-05-18,36513.0,7862.0,6346.0,4988.0,19120.0,949323.0,40577.0,6091.0
2020-05-19,42592.0,9169.0,7403.0,5898.0,22544.0,937293.0,47715.0,7138.0
2020-05-20,49399.0,10930.0,8755.0,6893.0,26539.0,920984.0,56199.0,8484.0
2020-05-21,57467.0,12689.0,10234.0,8175.0,31116.0,904781.0,65944.0,9745.0
2020-05-22,66847.0,14870.0,12110.0,9737.0,36804.0,883459.0,77337.0,11393.0
2020-05-23,76959.0,17200.0,13967.0,11326.0,43760.0,860616.0,90493.0,13156.0
2020-05-24,88051.0,19740.0,16123.0,13023.0,51593.0,836154.0,105765.0,15272.0
2020-05-25,100048.0,22731.0,18470.0,15201.0,60969.0,807339.0,123218.0,17453.0
2020-05-26,112711.0,25738.0,21329.0,17458.0,71130.0,776785.0,142786.0,19568.0
2020-05-27,126151.0,29065.0,24386.0,20003.0,83141.0,742983.0,164703.0,21917.0
2020-05-28,140531.0,32594.0,27531.0,22992.0,96848.0,706090.0,189339.0,24636.0
2020-05-29,154088.0,36498.0,30679.0,25871.0,111904.0,666324.0,216737.0,27398.0
2020-05-30,167979.0,40297.0,34140.0,28927.0,129849.0,625248.0,246667.0,29930.0
2020-05-31,180167.0,43895.0,37918.0,32470.0,149184.0,581862.0,279102.0,32435.0
2020-06-01,191805.0,47243.0,41508.0,36347.0,170841.0,538683.0,313682.0,34580.0
2020-06-02,201288.0,50625.0,44943.0,39657.0,195689.0,493608.0,350405.0,36723.0
2020-06-03,208520.0,53146.0,48489.0,43137.0,221623.0,451201.0,388688.0,38283.0
2020-06-04,213256.0,55252.0,51204.0,46148.0,250369.0,409140.0,428185.0,39497.0
2020-06-05,214928.0,56915.0,53291.0,49281.0,281277.0,369509.0,468380.0,40195.0
2020-06-06,213908.0,57826.0,55054.0,51451.0,313904.0,333608.0,508546.0,40166.0
2020-06-07,210916.0,58119.0,56160.0,53841.0,348100.0,299240.0,548850.0,40304.0
2020-06-08,205369.0,57309.0,56769.0,54699.0,382990.0,268990.0,587900.0,39050.0
2020-06-09,197303.0,55919.0,56663.0,55837.0,417806.0,241952.0,625952.0,38052.0
2020-06-10,188469.0,54293.0,55876.0,56055.0,454033.0,217057.0,662310.0,36358.0
2020-06-11,178201.0,52228.0,54276.0,55738.0,490228.0,195904.0,696722.0,34412.0
2020-06-12,167379.0,49345.0,52436.0,54629.0,526011.0,177239.0,729209.0,32487.0
2020-06-13,155719.0,46678.0,50269.0,52896.0,560429.0,160525.0,759652.0,30443.0
2020-06-14,143781.0,43879.0,47549.0,50958.0,593164.0,146910.0,788040.0,28388.0
2020-06-15,131713.0,40951.0,45040.0,48514.0,625744.0,134617.0,814408.0,26368.0
2020-06-16,120329.0,37936.0,42278.0,46113.0,656273.0,124503.0,838371.0,23963.0
2020-06-17,109030.0,34731.0,39218.0,43672.0,685177.0,116104.0,860252.0,21881.0
2020-06-18,98784.0,31951.0,36052.0,40846.0,711570.0,108403.0,880052.0,19800.0
2020-06-19,89773.0,29079.0,33249.0,37541.0,736809.0,101218.0,898059.0,18007.0
2020-06-20,80642.0,26214.0,30624.0,34448.0,758152.0,95569.0,914167.0,16108.0
2020-06-21,72350.0,23661.0,27692.0,31875.0,779875.0,90648.0,928737.0,14570.0
2020-06-22,65032.0,21236.0,24793.0,29305.0,799389.0,86367.0,941752.0,13015.0
2020-06-23,58141.0,19234.0,22524.0,26684.0,816713.0,83054.0,953512.0,11760.0
2020-06-24,52197.0,17190.0,20485.0,24248.0,833306.0,79629.0,963816.0,10304.0
2020-06-25,46398.0,15440.0,18383.0,21916.0,847582.0,76961.0,973194.0,9378.0
2020-06-26,41064.0,13843.0,16491.0,19645.0,860062.0,74503.0,981576.0,8382.0
2020-06-27,36585.0,12265.0,14693.0,17679.0,871529.0,72969.0,989027.0,7451.0
2020-06-28,32484.0,10931.0,13208.0,15932.0,883008.0,71055.0,995650.0,6623.0
2020-06-29,28977.0,9663.0,11806.0,14208.0,893428.0,69301.0,1001460.0,5810.0
2020-06-30,25585.0,8799.0,10691.0,12740.0,902686.0,68417.0,1006750.0,5290.0
2020-07-01,22863.0,7675.0,9462.0,11373.0,909883.0,67175.0,1011343.0,4593.0
2020-07-02,20210.0,6805.0,8259.0,10095.0,916797.0,65761.0,1015451.0,4108.0
2020-07-03,17837.0,6036.0,7310.0,9090.0,922839.0,64987.0,1019078.0,3627.0
2020-07-04,15724.0,5306.0,6527.0,7880.0,929339.0,64057.0,1022295.0,3217.0
2020-07-05,13982.0,4727.0,5718.0,7065.0,933733.0,63358.0,1025126.0,2831.0
2020-07-06,12354.0,4210.0,5117.0,6319.0,937435.0,62702.0,1027651.0,2525.0
