time,E,I1,I2,I3,R,S,cumI,diffI
2020-03-06,1.0,3.0,0.0,0.0,0.0,970156.0,0.0,0.0
2020-03-07,1.0,1.0,2.0,0.0,0.0,972977.0,0.0,0.0
2020-03-08,1.0,0.0,0.0,4.0,0.0,979429.0,1.0,1.0
2020-03-09,3.0,0.0,0.0,1.0,2.0,987581.0,1.0,0.0
2020-03-10,2.0,0.0,0.0,1.0,1.0,992879.0,1.0,0.0
2020-03-11,1.0,1.0,0.0,0.0,2.0,997248.0,2.0,1.0
2020-03-12,1.0,1.0,0.0,0.0,2.0,1000967.0,3.0,1.0
2020-03-13,2.0,0.0,0.0,0.0,3.0,1003716.0,3.0,0.0
2020-03-14,4.0,0.0,1.0,1.0,3.0,1006512.0,3.0,0.0
2020-03-15,1.0,1.0,0.0,2.0,2.0,1008865.0,4.0,1.0
2020-03-16,1.0,0.0,1.0,2.0,3.0,1009298.0,4.0,0.0
2020-03-17,1.0,0.0,1.0,0.0,5.0,1010303.0,4.0,0.0
2020-03-18,2.0,1.0,1.0,1.0,3.0,1011612.0,5.0,1.0
2020-03-19,2.0,2.0,0.0,1.0,3.0,1012035.0,5.0,0.0
2020-03-20,2.0,0.0,2.0,1.0,1.0,1013520.0,6.0,1.0
2020-03-21,2.0,0.0,1.0,1.0,2.0,1013056.0,7.0,1.0
2020-03-22,4.0,1.0,1.0,1.0,2.0,1014488.0,8.0,1.0
2020-03-23,6.0,0.0,1.0,0.0,1.0,1014526.0,9.0,1.0
2020-03-24,7.0,4.0,1.0,1.0,4.0,1014405.0,13.0,4.0
2020-03-25,10.0,2.0,2.0,1.0,3.0,1015424.0,13.0,0.0
2020-03-26,11.0,4.0,0.0,1.0,5.0,1015226.0,15.0,2.0
2020-03-27,11.0,4.0,3.0,1.0,6.0,1015315.0,19.0,4.0
2020-03-28,15.0,3.0,2.0,6.0,5.0,1016055.0,20.0,1.0
2020-03-29,15.0,4.0,2.0,6.0,10.0,1016336.0,22.0,2.0
2020-03-30,20.0,3.0,11.0,5.0,14.0,1015754.0,26.0,4.0
2020-03-31,26.0,5.0,8.0,3.0,12.0,1014866.0,30.0,4.0
2020-04-01,40.0,7.0,7.0,4.0,16.0,1015411.0,34.0,4.0
2020-04-02,40.0,7.0,6.0,10.0,12.0,1016028.0,37.0,3.0
2020-04-03,51.0,12.0,5.0,8.0,17.0,1015964.0,47.0,10.0
2020-04-04,57.0,11.0,9.0,6.0,26.0,1016535.0,56.0,9.0
2020-04-05,67.0,12.0,17.0,5.0,34.0,1017713.0,66.0,10.0
2020-04-06,78.0,12.0,13.0,14.0,34.0,1017431.0,79.0,13.0
2020-04-07,97.0,20.0,9.0,16.0,51.0,1017459.0,94.0,15.0
2020-04-08,127.0,18.0,19.0,7.0,53.0,1018371.0,109.0,15.0
2020-04-09,137.0,28.0,22.0,16.0,62.0,1019677.0,135.0,26.0
2020-04-10,151.0,30.0,30.0,21.0,76.0,1019688.0,165.0,30.0
2020-04-11,191.0,34.0,31.0,25.0,94.0,1019424.0,189.0,24.0
2020-04-12,204.0,38.0,32.0,24.0,103.0,1019141.0,221.0,32.0
2020-04-13,264.0,41.0,42.0,28.0,117.0,1018538.0,253.0,32.0
2020-04-14,291.0,52.0,53.0,43.0,143.0,1019390.0,305.0,52.0
2020-04-15,327.0,67.0,58.0,43.0,181.0,1019486.0,365.0,60.0
2020-04-16,421.0,84.0,67.0,53.0,222.0,1020751.0,433.0,68.0
2020-04-17,460.0,90.0,75.0,63.0,268.0,1020055.0,510.0,77.0
2020-04-18,535.0,131.0,78.0,67.0,313.0,1020998.0,608.0,98.0
2020-04-19,642.0,152.0,97.0,81.0,349.0,1021274.0,719.0,111.0
2020-04-20,722.0,175.0,127.0,95.0,402.0,1020137.0,841.0,122.0
2020-04-21,913.0,167.0,155.0,140.0,453.0,1018823.0,975.0,134.0
2020-04-22,1041.0,223.0,166.0,146.0,557.0,1019688.0,1147.0,172.0
2020-04-23,1232.0,262.0,203.0,169.0,628.0,1019657.0,1366.0,219.0
2020-04-24,1492.0,337.0,231.0,197.0,775.0,1018837.0,1610.0,244.0
2020-04-25,1732.0,406.0,315.0,218.0,931.0,1017424.0,1923.0,313.0
2020-04-26,2105.0,467.0,328.0,273.0,1088.0,1018075.0,2268.0,345.0
2020-04-27,2558.0,568.0,402.0,340.0,1235.0,1017847.0,2695.0,427.0
2020-04-28,3060.0,648.0,523.0,406.0,1477.0,1016561.0,3211.0,516.0
2020-04-29,3663.0,771.0,606.0,470.0,1743.0,1014932.0,3821.0,610.0
2020-04-30,4434.0,924.0,681.0,543.0,2058.0,1015474.0,4530.0,709.0
2020-05-01,5131.0,1063.0,866.0,685.0,2510.0,1013290.0,5367.0,837.0
2020-05-02,6122.0,1309.0,1013.0,782.0,2969.0,1011610.0,6415.0,1048.0
2020-05-03,7038.0,1614.0,1252.0,905.0,3406.0,1009453.0,7657.0,1242.0
2020-05-04,8442.0,1893.0,1425.0,1166.0,4106.0,1007086.0,9077.0,1420.0
2020-05-05,9939.0,2195.0,1642.0,1333.0,4912.0,1004085.0,10748.0,1671.0
2020-05-06,11758.0,2538.0,1997.0,1551.0,5809.0,999866.0,12743.0,1995.0
2020-05-07,13954.0,3023.0,2376.0,1839.0,6820.0,996234.0,15165.0,2422.0
2020-05-08,16468.0,3548.0,2774.0,2190.0,8110.0,991118.0,17878.0,2713.0
2020-05-09,19390.0,4178.0,3249.0,2666.0,9488.0,983477.0,21185.0,3307.0
2020-05-10,22751.0,4853.0,3797.0,3101.0,11282.0,976517.0,24994.0,3809.0
2020-05-11,26708.0,5821.0,4541.0,3560.0,13584.0,968311.0,29557.0,4563.0
2020-05-12,30954.0,6794.0,5332.0,4197.0,15950.0,959361.0,34882.0,5325.0
2020-05-13,36595.0,7867.0,6275.0,4922.0,19128.0,949006.0,40860.0,5978.0
2020-05-14,42747.0,9389.0,7226.0,5846.0,22731.0,936554.0,48071.0,7211.0
2020-05-15,49444.0,10762.0,8722.0,6946.0,26695.0,921981.0,56542.0,8471.0
2020-05-16,57430.0,12590.0,10066.0,8201.0,31326.0,904853.0,66264.0,9722.0
2020-05-17,66559.0,14652.0,11979.0,9541.0,37160.0,885646.0,77767.0,11503.0
2020-05-18,76546.0,17142.0,13755.0,11130.0,43458.0,863154.0,90830.0,13063.0
2020-05-19,87897.0,19716.0,16076.0,12945.0,50604.0,837177.0,106132.0,15302.0
2020-05-20,99670.0,22768.0,18447.0,15007.0,59874.0,807796.0,123531.0,17399.0
2020-05-21,112914.0,25646.0,21466.0,17360.0,70185.0,776381.0,143148.0,19617.0
2020-05-22,125736.0,29114.0,24048.0,19907.0,82104.0,743512.0,165116.0,21968.0
2020-05-23,139601.0,32742.0,27337.0,22527.0,95717.0,705348.0,189953.0,24837.0
2020-05-24,153377.0,36143.0,30702.0,25748.0,111105.0,666321.0,216994.0,27041.0
2020-05-25,166857.0,39703.0,33963.0,29147.0,128474.0,626525.0,246813.0,29819.0
2020-05-26,179379.0,43409.0,37512.0,32310.0,148616.0,584236.0,278897.0,32084.0
2020-05-27,190948.0,46593.0,40940.0,35629.0,170352.0,540974.0,313045.0,34148.0
2020-05-28,200438.0,50066.0,44436.0,38810.0,194029.0,496421.0,349542.0,36497.0
2020-05-29,207073.0,53093.0,47626.0,42459.0,220290.0,453897.0,387575.0,38033.0
2020-05-30,212283.0,55625.0,50380.0,45937.0,248298.0,412219.0,426899.0,39324.0
2020-05-31,215162.0,56613.0,53821.0,48492.0,277943.0,373229.0,466800.0,39901.0
2020-06-01,214529.0,57351.0,55040.0,50995.0,309730.0,336698.0,506911.0,40111.0
2020-06-02,210774.0,57891.0,56099.0,53357.0,343771.0,302710.0,547172.0,40261.0
2020-06-03,206206.0,57098.0,56922.0,54657.0,378114.0,272150.0,586050.0,38878.0
2020-06-04,198028.0,55870.0,56896.0,55494.0,413345.0,244399.0,624269.0,38219.0
2020-06-05,189688.0,54405.0,56107.0,55845.0,448155.0,220537.0,660925.0,36656.0
2020-06-06,179728.0,52337.0,54830.0,55677.0,483580.0,198717.0,695687.0,34762.0
2020-06-07,168895.0,50204.0,53024.0,54632.0,519308.0,180200.0,728602.0,32915.0
2020-06-08,156929.0,47456.0,50910.0,53293.0,554368.0,163727.0,759759.0,31157.0
2020-06-09,145556.0,44480.0,48205.0,51213.0,588119.0,150006.0,788396.0,28637.0
2020-06-10,133483.0,41410.0,45628.0,49271.0,620024.0,137889.0,815015.0,26619.0
2020-06-11,122252.0,38341.0,42040.0,46850.0,650581.0,127195.0,839412.0,24397.0
2020-06-12,111131.0,35433.0,39179.0,43771.0,678746.0,118253.0,861771.0,22359.0
2020-06-13,101237.0,32450.0,36504.0,41215.0,704330.0,110807.0,881997.0,20226.0
2020-06-14,91294.0,29256.0,33631.0,38365.0,729022.0,104458.0,900372.0,18375.0
2020-06-15,82707.0,26433.0,30928.0,35189.0,753392.0,98727.0,916992.0,16620.0
2020-06-16,74478.0,23998.0,28017.0,32485.0,773902.0,93454.0,931802.0,14810.0
2020-06-17,67184.0,21877.0,25459.0,29260.0,793800.0,88812.0,945388.0,13586.0
2020-06-18,60206.0,19774.0,23295.0,26815.0,812765.0,85233.0,957381.0,11993.0
2020-06-19,53835.0,17900.0,21041.0,24446.0,829182.0,82138.0,968327.0,10946.0
2020-06-20,48179.0,16042.0,18974.0,22150.0,843537.0,79176.0,978061.0,9734.0
2020-06-21,43070.0,14403.0,17361.0,20084.0,856754.0,76676.0,986759.0,8698.0
2020-06-22,37881.0,12637.0,15516.0,18413.0,867887.0,74789.0,994450.0,7691.0
2020-06-23,34032.0,11239.0,13663.0,16650.0,878170.0,72794.0,1001317.0,6867.0
2020-06-24,30238.0,10177.0,12329.0,14898.0,887442.0,71061.0,1007559.0,6242.0
2020-06-25,26807.0,8898.0,10900.0,13311.0,896555.0,69852.0,1012984.0,5425.0
2020-06-26,24134.0,8047.0,9621.0,12028.0,904292.0,68977.0,1017798.0,4814.0
2020-06-27,21637.0,7205.0,8622.0,10758.0,912088.0,67938.0,1022114.0,4316.0
2020-06-28,19105.0,6522.0,7756.0,9398.0,919502.0,66752.0,1025988.0,3874.0
2020-06-29,16773.0,5633.0,6901.0,8357.0,924631.0,65690.0,1029415.0,3427.0
2020-06-30,14756.0,4994.0,6050.0,7552.0,929715.0,65266.0,1032414.0,2999.0
2020-07-01,13032.0,4383.0,5359.0,6630.0,934279.0,64518.0,1035028.0,2614.0
2020-07-02,11711.0,3974.0,4785.0,5872.0,938065.0,63703.0,1037372.0,2344.0
2020-07-03,10485.0,3621.0,4146.0,5267.0,942615.0,63379.0,1039497.0,2125.0
2020-07-04,9269.0,3219.0,3821.0,4629.0,945036.0,63162.0,1041403.0,1906.0
2020-07-05,8116.0,2765.0,3411.0,4227.0,946974.0,62398.0,1043077.0,1674.0
2020-07-06,7205.0,2459.0,3010.0,3693.0,949345.0,62104.0,1044549.0,1472.0
