time,E,I1,I2,I3,R,S,cumI,diffI
2020-03-06,1.0,3.0,0.0,0.0,0.0,970722.0,0.0,0.0
2020-03-07,0.0,0.0,3.0,0.0,0.0,972422.0,1.0,1.0
2020-03-08,2.0,1.0,1.0,2.0,0.0,979394.0,2.0,1.0
2020-03-09,2.0,0.0,0.0,1.0,0.0,986587.0,2.0,0.0
2020-03-10,3.0,0.0,0.0,0.0,1.0,992900.0,2.0,0.0
2020-03-11,3.0,0.0,0.0,0.0,1.0,998110.0,2.0,0.0
2020-03-12,2.0,0.0,1.0,0.0,0.0,1000994.0,3.0,1.0
2020-03-13,1.0,0.0,0.0,0.0,0.0,1003222.0,3.0,0.0
2020-03-14,3.0,0.0,0.0,0.0,0.0,1004941.0,3.0,0.0
2020-03-15,1.0,1.0,0.0,0.0,0.0,1006724.0,4.0,1.0
2020-03-16,2.0,1.0,0.0,0.0,0.0,1008154.0,4.0,0.0
2020-03-17,3.0,2.0,0.0,0.0,1.0,1009715.0,5.0,1.0
2020-03-18,6.0,1.0,1.0,0.0,1.0,1010618.0,6.0,1.0
2020-03-19,6.0,1.0,1.0,1.0,1.0,1010425.0,7.0,1.0
2020-03-20,5.0,1.0,0.0,1.0,2.0,1011525.0,7.0,0.0
2020-03-21,2.0,2.0,1.0,1.0,2.0,1012588.0,9.0,2.0
2020-03-22,5.0,1.0,0.0,1.0,2.0,1013590.0,9.0,0.0
2020-03-23,6.0,1.0,0.0,1.0,2.0,1013470.0,9.0,0.0
2020-03-24,3.0,0.0,1.0,0.0,2.0,1013367.0,9.0,0.0
2020-03-25,2.0,1.0,0.0,0.0,1.0,1013096.0,10.0,1.0
2020-03-26,4.0,1.0,1.0,1.0,1.0,1013483.0,10.0,0.0
2020-03-27,11.0,0.0,2.0,2.0,0.0,1015211.0,10.0,0.0
2020-03-28,12.0,2.0,2.0,3.0,1.0,1015851.0,13.0,3.0
2020-03-29,15.0,6.0,1.0,2.0,5.0,1015500.0,18.0,5.0
2020-03-30,20.0,4.0,3.0,1.0,7.0,1014735.0,21.0,3.0
2020-03-31,16.0,4.0,4.0,1.0,7.0,1014829.0,24.0,3.0
2020-04-01,20.0,5.0,4.0,4.0,5.0,1014478.0,27.0,3.0
2020-04-02,26.0,5.0,5.0,3.0,14.0,1015635.0,30.0,3.0
2020-04-03,34.0,6.0,8.0,3.0,16.0,1017255.0,35.0,5.0
2020-04-04,34.0,12.0,4.0,11.0,18.0,1016595.0,45.0,10.0
2020-04-05,54.0,16.0,9.0,7.0,26.0,1016998.0,56.0,11.0
2020-04-06,56.0,13.0,17.0,12.0,29.0,1016147.0,71.0,15.0
2020-04-07,62.0,11.0,12.0,16.0,26.0,1015917.0,85.0,14.0
2020-04-08,69.0,13.0,15.0,13.0,39.0,1016619.0,101.0,16.0
2020-04-09,94.0,11.0,19.0,17.0,44.0,1016167.0,113.0,12.0
2020-04-10,96.0,28.0,13.0,13.0,54.0,1016995.0,134.0,21.0
2020-04-11,123.0,21.0,21.0,9.0,68.0,1018159.0,147.0,13.0
2020-04-12,144.0,26.0,14.0,20.0,69.0,1018723.0,169.0,22.0
2020-04-13,147.0,40.0,31.0,27.0,82.0,1019274.0,203.0,34.0
2020-04-14,185.0,50.0,38.0,27.0,91.0,1018844.0,238.0,35.0
2020-04-15,253.0,57.0,39.0,30.0,118.0,1019864.0,274.0,36.0
2020-04-16,301.0,56.0,50.0,43.0,151.0,1020563.0,322.0,48.0
2020-04-17,348.0,72.0,60.0,46.0,178.0,1019726.0,381.0,59.0
2020-04-18,398.0,77.0,77.0,47.0,198.0,1020270.0,443.0,62.0
2020-04-19,479.0,111.0,87.0,67.0,220.0,1018813.0,524.0,81.0
2020-04-20,594.0,108.0,109.0,77.0,261.0,1018353.0,626.0,102.0
2020-04-21,723.0,147.0,103.0,126.0,296.0,1019068.0,747.0,121.0
2020-04-22,840.0,156.0,136.0,130.0,365.0,1018714.0,875.0,128.0
2020-04-23,944.0,214.0,158.0,139.0,473.0,1019466.0,1051.0,176.0
2020-04-24,1143.0,248.0,178.0,147.0,561.0,1020376.0,1255.0,204.0
2020-04-25,1351.0,302.0,228.0,147.0,684.0,1020355.0,1490.0,235.0
2020-04-26,1555.0,361.0,276.0,195.0,779.0,1019801.0,1745.0,255.0
2020-04-27,1930.0,410.0,310.0,250.0,933.0,1018992.0,2043.0,298.0
2020-04-28,2211.0,479.0,378.0,278.0,1101.0,1017120.0,2453.0,410.0
2020-04-29,2646.0,584.0,424.0,357.0,1315.0,1016787.0,2907.0,454.0
2020-04-30,3088.0,694.0,511.0,449.0,1632.0,1015730.0,3435.0,528.0
2020-05-01,3745.0,804.0,585.0,520.0,1939.0,1014725.0,4062.0,627.0
2020-05-02,4380.0,948.0,755.0,619.0,2200.0,1012831.0,4837.0,775.0
2020-05-03,5095.0,1101.0,887.0,694.0,2636.0,1012237.0,5692.0,855.0
2020-05-04,6052.0,1315.0,1098.0,816.0,3071.0,1011491.0,6739.0,1047.0
2020-05-05,7341.0,1538.0,1233.0,1016.0,3629.0,1008414.0,7912.0,1173.0
2020-05-06,8699.0,1846.0,1463.0,1216.0,4309.0,1005866.0,9417.0,1505.0
2020-05-07,10320.0,2203.0,1766.0,1436.0,5134.0,1001923.0,11146.0,1729.0
2020-05-08,12241.0,2654.0,2073.0,1651.0,6173.0,997885.0,13188.0,2042.0
2020-05-09,14494.0,3165.0,2456.0,1958.0,7193.0,993216.0,15667.0,2479.0
2020-05-10,17406.0,3662.0,2964.0,2316.0,8491.0,988867.0,18454.0,2787.0
2020-05-11,20281.0,4327.0,3416.0,2665.0,10176.0,981132.0,21848.0,3394.0
2020-05-12,23782.0,5229.0,4048.0,3192.0,12121.0,973546.0,25950.0,4102.0
2020-05-13,28075.0,6117.0,4706.0,3930.0,14315.0,965613.0,30690.0,4740.0
2020-05-14,33546.0,7088.0,5795.0,4411.0,16925.0,954813.0,36292.0,5602.0
2020-05-15,38788.0,8599.0,6787.0,5375.0,19926.0,944208.0,43079.0,6787.0
2020-05-16,45023.0,9783.0,7946.0,6254.0,23689.0,931926.0,50676.0,7597.0
2020-05-17,52555.0,11609.0,9262.0,7313.0,28042.0,917079.0,59589.0,8913.0
2020-05-18,61112.0,13324.0,10890.0,8528.0,33351.0,897667.0,69879.0,10290.0
2020-05-19,70382.0,15655.0,12508.0,10063.0,39392.0,876078.0,82077.0,12198.0
2020-05-20,80453.0,18033.0,14629.0,11668.0,46244.0,852127.0,95941.0,13864.0
2020-05-21,91913.0,20802.0,16788.0,13599.0,54228.0,826257.0,112004.0,16063.0
2020-05-22,104565.0,23578.0,19584.0,15826.0,63654.0,796981.0,130105.0,18101.0
2020-05-23,117566.0,26766.0,22257.0,18359.0,74549.0,765293.0,150517.0,20412.0
2020-05-24,130576.0,30255.0,25084.0,20852.0,87266.0,729643.0,173455.0,22938.0
2020-05-25,144679.0,33623.0,28412.0,23652.0,101535.0,691655.0,198896.0,25441.0
2020-05-26,159109.0,37330.0,32002.0,26924.0,117885.0,652191.0,227140.0,28244.0
2020-05-27,171860.0,41474.0,35502.0,30344.0,135534.0,609827.0,258017.0,30877.0
2020-05-28,184321.0,45133.0,39013.0,33396.0,156284.0,566412.0,291067.0,33050.0
2020-05-29,194567.0,48305.0,42819.0,37343.0,179080.0,522397.0,326230.0,35163.0
2020-05-30,203178.0,51529.0,46387.0,40863.0,203690.0,479805.0,363677.0,37447.0
2020-05-31,209728.0,53596.0,49151.0,44168.0,230701.0,437481.0,402128.0,38451.0
2020-06-01,214028.0,55873.0,51556.0,47355.0,260084.0,396777.0,441715.0,39587.0
2020-06-02,215607.0,56907.0,53755.0,49594.0,291413.0,359683.0,481759.0,40044.0
2020-06-03,213677.0,58022.0,55553.0,51856.0,324278.0,323925.0,522034.0,40275.0
2020-06-04,209107.0,57804.0,56859.0,53847.0,357780.0,290809.0,561947.0,39913.0
2020-06-05,203022.0,56683.0,56789.0,55409.0,393408.0,261484.0,600491.0,38544.0
2020-06-06,194610.0,55771.0,56348.0,55812.0,428972.0,234946.0,638122.0,37631.0
2020-06-07,185161.0,53739.0,55567.0,55940.0,465685.0,211719.0,673827.0,35705.0
2020-06-08,175072.0,51284.0,53781.0,55176.0,501286.0,191291.0,707640.0,33813.0
2020-06-09,163662.0,49021.0,52242.0,53827.0,536058.0,172599.0,740020.0,32380.0
2020-06-10,152062.0,46270.0,49707.0,52248.0,570482.0,156524.0,769944.0,29924.0
2020-06-11,140313.0,42871.0,47257.0,50410.0,603432.0,143142.0,797542.0,27598.0
2020-06-12,128526.0,39872.0,44030.0,48397.0,634152.0,132017.0,823067.0,25525.0
2020-06-13,117965.0,36977.0,41492.0,44980.0,663572.0,121582.0,846337.0,23270.0
2020-06-14,107494.0,33781.0,38754.0,42706.0,691444.0,113341.0,867766.0,21429.0
2020-06-15,96889.0,31038.0,35458.0,39844.0,717673.0,106180.0,887389.0,19623.0
2020-06-16,87961.0,28104.0,32673.0,36957.0,741274.0,99755.0,904906.0,17517.0
2020-06-17,78657.0,25671.0,29808.0,33820.0,764222.0,94881.0,920943.0,16037.0
2020-06-18,70890.0,23272.0,27056.0,31131.0,785373.0,89948.0,935235.0,14292.0
2020-06-19,63527.0,20634.0,24693.0,28661.0,803768.0,85932.0,948002.0,12767.0
2020-06-20,56835.0,18533.0,22112.0,26161.0,821625.0,82423.0,959534.0,11532.0
2020-06-21,50627.0,16516.0,20121.0,23705.0,837716.0,79300.0,969643.0,10109.0
2020-06-22,44636.0,15027.0,17661.0,21314.0,852050.0,76466.0,978847.0,9204.0
2020-06-23,39898.0,13253.0,16044.0,19106.0,865480.0,74205.0,986895.0,8048.0
2020-06-24,35452.0,11850.0,14258.0,17324.0,877304.0,71852.0,994137.0,7242.0
2020-06-25,31654.0,10640.0,12754.0,15398.0,887664.0,70368.0,1000543.0,6406.0
2020-06-26,27935.0,9366.0,11402.0,13984.0,895857.0,68986.0,1006228.0,5685.0
2020-06-27,24812.0,8292.0,10109.0,12392.0,905092.0,67942.0,1011218.0,4990.0
2020-06-28,21934.0,7358.0,9114.0,11065.0,911501.0,66677.0,1015712.0,4494.0
2020-06-29,19631.0,6671.0,7944.0,9894.0,918955.0,66039.0,1019674.0,3962.0
2020-06-30,17285.0,5815.0,7137.0,8663.0,925166.0,65108.0,1023090.0,3416.0
2020-07-01,15209.0,5151.0,6419.0,7718.0,930432.0,64434.0,1026193.0,3103.0
2020-07-02,13503.0,4619.0,5700.0,6873.0,934037.0,63666.0,1028979.0,2786.0
2020-07-03,11904.0,4127.0,4955.0,6126.0,938306.0,63314.0,1031467.0,2488.0
2020-07-04,10642.0,3485.0,4432.0,5414.0,940837.0,62606.0,1033534.0,2067.0
2020-07-05,9212.0,3093.0,4022.0,4888.0,944813.0,62003.0,1035411.0,1877.0
2020-07-06,8220.0,2813.0,3444.0,4326.0,947640.0,61636.0,1037075.0,1664.0
