time,E,I1,I2,I3,R,S,cumI,diffI
2020-03-06,0.0,3.0,0.0,0.0,0.0,970075.0,0.0,0.0
2020-03-07,3.0,1.0,1.0,0.0,0.0,971645.0,0.0,0.0
2020-03-08,3.0,0.0,1.0,1.0,0.0,979539.0,0.0,0.0
2020-03-09,2.0,0.0,0.0,0.0,0.0,985136.0,0.0,0.0
2020-03-10,2.0,0.0,0.0,0.0,0.0,990579.0,0.0,0.0
2020-03-11,3.0,0.0,0.0,0.0,0.0,994530.0,0.0,0.0
2020-03-12,0.0,0.0,0.0,0.0,0.0,998593.0,0.0,0.0
2020-03-13,1.0,0.0,0.0,0.0,0.0,1001578.0,0.0,0.0
2020-03-14,1.0,0.0,0.0,0.0,0.0,1003657.0,0.0,0.0
2020-03-15,1.0,0.0,0.0,0.0,1.0,1005247.0,0.0,0.0
2020-03-16,1.0,0.0,0.0,0.0,1.0,1006662.0,0.0,0.0
2020-03-17,2.0,0.0,0.0,0.0,1.0,1009668.0,0.0,0.0
2020-03-18,0.0,0.0,0.0,0.0,1.0,1010846.0,0.0,0.0
2020-03-19,2.0,0.0,0.0,0.0,0.0,1010669.0,0.0,0.0
2020-03-20,2.0,0.0,0.0,0.0,0.0,1011947.0,0.0,0.0
2020-03-21,2.0,1.0,0.0,0.0,1.0,1012555.0,1.0,1.0
2020-03-22,2.0,0.0,0.0,0.0,2.0,1014379.0,1.0,0.0
2020-03-23,2.0,0.0,0.0,0.0,3.0,1012661.0,1.0,0.0
2020-03-24,2.0,1.0,0.0,0.0,2.0,1012394.0,1.0,0.0
2020-03-25,2.0,0.0,1.0,0.0,3.0,1012395.0,1.0,0.0
2020-03-26,2.0,1.0,0.0,0.0,4.0,1012989.0,2.0,1.0
2020-03-27,6.0,1.0,1.0,1.0,7.0,1014885.0,2.0,0.0
2020-03-28,9.0,1.0,0.0,2.0,7.0,1014273.0,2.0,0.0
2020-03-29,12.0,0.0,1.0,0.0,9.0,1013553.0,2.0,0.0
2020-03-30,12.0,1.0,2.0,0.0,9.0,1013191.0,2.0,0.0
2020-03-31,17.0,3.0,2.0,0.0,11.0,1013297.0,4.0,2.0
2020-04-01,17.0,2.0,3.0,0.0,9.0,1013952.0,5.0,1.0
2020-04-02,8.0,3.0,4.0,5.0,9.0,1014787.0,9.0,4.0
2020-04-03,21.0,2.0,4.0,4.0,15.0,1016392.0,12.0,3.0
2020-04-04,31.0,13.0,5.0,7.0,17.0,1015322.0,23.0,11.0
2020-04-05,36.0,9.0,7.0,11.0,18.0,1015635.0,33.0,10.0
2020-04-06,51.0,8.0,9.0,6.0,28.0,1016399.0,42.0,9.0
2020-04-07,66.0,11.0,8.0,6.0,33.0,1016079.0,51.0,9.0
2020-04-08,87.0,15.0,12.0,9.0,38.0,1017103.0,64.0,13.0
2020-04-09,95.0,29.0,11.0,17.0,46.0,1017303.0,86.0,22.0
2020-04-10,124.0,26.0,28.0,15.0,57.0,1017309.0,104.0,18.0
2020-04-11,156.0,30.0,24.0,28.0,67.0,1017800.0,130.0,26.0
2020-04-12,198.0,31.0,30.0,19.0,87.0,1018999.0,158.0,28.0
2020-04-13,223.0,39.0,35.0,18.0,101.0,1018793.0,193.0,35.0
2020-04-14,229.0,48.0,40.0,35.0,126.0,1018170.0,238.0,45.0
2020-04-15,293.0,53.0,43.0,44.0,151.0,1017362.0,278.0,40.0
2020-04-16,341.0,74.0,61.0,57.0,177.0,1017287.0,336.0,58.0
2020-04-17,400.0,84.0,69.0,66.0,222.0,1017322.0,403.0,67.0
2020-04-18,517.0,100.0,100.0,68.0,283.0,1017815.0,493.0,90.0
2020-04-19,604.0,137.0,107.0,81.0,336.0,1017969.0,601.0,108.0
2020-04-20,782.0,150.0,130.0,109.0,366.0,1019960.0,720.0,119.0
2020-04-21,916.0,171.0,173.0,135.0,437.0,1020572.0,864.0,144.0
2020-04-22,1089.0,238.0,171.0,144.0,519.0,1019335.0,1054.0,190.0
2020-04-23,1302.0,273.0,197.0,161.0,592.0,1019305.0,1265.0,211.0
2020-04-24,1526.0,281.0,283.0,201.0,688.0,1018497.0,1494.0,229.0
2020-04-25,1779.0,354.0,297.0,225.0,825.0,1019052.0,1795.0,301.0
2020-04-26,2097.0,424.0,346.0,252.0,993.0,1018185.0,2134.0,339.0
2020-04-27,2412.0,540.0,412.0,307.0,1158.0,1016690.0,2569.0,435.0
2020-04-28,2925.0,637.0,493.0,341.0,1413.0,1016775.0,3070.0,501.0
2020-04-29,3393.0,729.0,572.0,447.0,1646.0,1016294.0,3642.0,572.0
2020-04-30,4003.0,828.0,675.0,547.0,1974.0,1015549.0,4290.0,648.0
2020-05-01,4814.0,1007.0,804.0,624.0,2315.0,1012641.0,5058.0,768.0
2020-05-02,5714.0,1285.0,947.0,759.0,2722.0,1010113.0,6068.0,1010.0
2020-05-03,6733.0,1449.0,1159.0,900.0,3330.0,1008677.0,7185.0,1117.0
2020-05-04,7981.0,1679.0,1343.0,1025.0,4006.0,1006317.0,8492.0,1307.0
2020-05-05,9482.0,2038.0,1586.0,1243.0,4604.0,1003563.0,10087.0,1595.0
2020-05-06,11313.0,2467.0,1858.0,1434.0,5552.0,999404.0,11982.0,1895.0
2020-05-07,13253.0,2783.0,2244.0,1729.0,6610.0,995887.0,14161.0,2179.0
2020-05-08,15351.0,3317.0,2650.0,2030.0,7899.0,991804.0,16805.0,2644.0
2020-05-09,18372.0,3930.0,3121.0,2483.0,9300.0,986677.0,19841.0,3036.0
2020-05-10,21558.0,4676.0,3671.0,2976.0,10958.0,978809.0,23461.0,3620.0
2020-05-11,25436.0,5485.0,4476.0,3511.0,12990.0,971624.0,27734.0,4273.0
2020-05-12,29969.0,6501.0,5109.0,4081.0,15487.0,961605.0,32788.0,5054.0
2020-05-13,35013.0,7720.0,5968.0,4908.0,18314.0,951767.0,38738.0,5950.0
2020-05-14,41289.0,8962.0,7158.0,5754.0,21587.0,939237.0,45719.0,6981.0
2020-05-15,47791.0,10578.0,8401.0,6732.0,25602.0,923891.0,53859.0,8140.0
2020-05-16,55750.0,12392.0,9952.0,7920.0,30327.0,907078.0,63470.0,9611.0
2020-05-17,64672.0,14179.0,11534.0,9269.0,36006.0,887582.0,74497.0,11027.0
2020-05-18,74074.0,16648.0,13316.0,11010.0,42364.0,866618.0,87272.0,12775.0
2020-05-19,85053.0,19026.0,15658.0,12553.0,49922.0,842251.0,101795.0,14523.0
2020-05-20,97579.0,22109.0,17961.0,14855.0,58408.0,814501.0,118585.0,16790.0
2020-05-21,110047.0,25384.0,20611.0,16747.0,68551.0,784401.0,137837.0,19252.0
2020-05-22,123676.0,28599.0,23432.0,19337.0,80044.0,750380.0,159388.0,21551.0
2020-05-23,137768.0,32094.0,26527.0,22082.0,93238.0,713141.0,183342.0,23954.0
2020-05-24,151373.0,35825.0,30068.0,25029.0,108552.0,674165.0,210288.0,26946.0
2020-05-25,165340.0,39652.0,33611.0,28403.0,125547.0,632678.0,239690.0,29402.0
2020-05-26,177589.0,43427.0,37678.0,31668.0,145061.0,589481.0,271794.0,32104.0
2020-05-27,190052.0,47259.0,40834.0,35221.0,166324.0,545444.0,306017.0,34223.0
2020-05-28,200215.0,50257.0,44746.0,39175.0,190682.0,501149.0,342843.0,36826.0
2020-05-29,207562.0,53300.0,47968.0,42457.0,217300.0,456971.0,381261.0,38418.0
2020-05-30,213233.0,55226.0,51565.0,45843.0,245713.0,415858.0,420529.0,39268.0
2020-05-31,216449.0,56433.0,53257.0,48902.0,276323.0,376598.0,460503.0,39974.0
2020-06-01,215290.0,57731.0,54803.0,51151.0,309004.0,339376.0,501324.0,40821.0
2020-06-02,211711.0,58531.0,55814.0,53525.0,342949.0,304275.0,541730.0,40406.0
2020-06-03,206829.0,58030.0,56829.0,55031.0,376897.0,272476.0,581295.0,39565.0
2020-06-04,199361.0,56586.0,57000.0,55902.0,413233.0,244269.0,619700.0,38405.0
2020-06-05,189644.0,54816.0,56698.0,56278.0,448953.0,219516.0,656601.0,36901.0
2020-06-06,179359.0,52530.0,54993.0,56146.0,484525.0,197766.0,691401.0,34800.0
2020-06-07,168570.0,50101.0,53041.0,54518.0,521233.0,178660.0,724105.0,32704.0
2020-06-08,156690.0,47476.0,50928.0,53410.0,555127.0,161897.0,755020.0,30915.0
2020-06-09,144533.0,44370.0,48726.0,51071.0,589339.0,147243.0,783620.0,28600.0
2020-06-10,133103.0,41371.0,45543.0,49091.0,622938.0,134449.0,809981.0,26361.0
2020-06-11,121273.0,38231.0,42860.0,46337.0,653342.0,123972.0,834222.0,24241.0
2020-06-12,110024.0,35254.0,39860.0,43686.0,683139.0,115059.0,856454.0,22232.0
2020-06-13,99591.0,31444.0,36834.0,40938.0,709816.0,107289.0,876193.0,19739.0
2020-06-14,89966.0,28722.0,33268.0,38065.0,736102.0,100486.0,894176.0,17983.0
2020-06-15,81158.0,25963.0,30316.0,34871.0,758697.0,94726.0,910392.0,16216.0
2020-06-16,72739.0,23456.0,27518.0,31846.0,781342.0,89776.0,924918.0,14526.0
2020-06-17,65096.0,21076.0,24836.0,29348.0,801070.0,85272.0,937917.0,12999.0
2020-06-18,57798.0,19161.0,22709.0,26373.0,819529.0,81705.0,949853.0,11936.0
2020-06-19,51267.0,17174.0,20416.0,23789.0,833917.0,78906.0,960318.0,10465.0
2020-06-20,45731.0,15199.0,18424.0,21784.0,848976.0,76064.0,969498.0,9180.0
2020-06-21,40863.0,13582.0,16342.0,19537.0,863877.0,73855.0,977695.0,8197.0
2020-06-22,36209.0,12042.0,14739.0,17663.0,876122.0,71474.0,985068.0,7373.0
2020-06-23,32038.0,10757.0,12979.0,15830.0,886818.0,70066.0,991541.0,6473.0
2020-06-24,28659.0,9577.0,11555.0,14023.0,896278.0,68318.0,997275.0,5734.0
2020-06-25,25275.0,8588.0,10161.0,12449.0,905155.0,67245.0,1002455.0,5180.0
2020-06-26,22419.0,7443.0,9112.0,11119.0,912125.0,66025.0,1006912.0,4457.0
2020-06-27,19798.0,6629.0,8211.0,9861.0,917573.0,65083.0,1010954.0,4042.0
2020-06-28,17394.0,5811.0,7261.0,8994.0,923481.0,64134.0,1014511.0,3557.0
2020-06-29,15407.0,5088.0,6365.0,7923.0,929587.0,63265.0,1017629.0,3118.0
2020-06-30,13533.0,4562.0,5640.0,7032.0,935231.0,62311.0,1020378.0,2749.0
2020-07-01,11929.0,3972.0,5106.0,6051.0,939626.0,61608.0,1022814.0,2436.0
2020-07-02,10519.0,3561.0,4302.0,5365.0,943660.0,61257.0,1024947.0,2133.0
2020-07-03,9145.0,3133.0,3790.0,4871.0,947052.0,60528.0,1026858.0,1911.0
2020-07-04,8097.0,2826.0,3427.0,4209.0,949242.0,60132.0,1028525.0,1667.0
2020-07-05,7165.0,2408.0,3115.0,3713.0,951580.0,59728.0,1029957.0,1432.0
2020-07-06,6345.0,2145.0,2619.0,3285.0,953882.0,59832.0,1031219.0,1262.0
