time,E,I1,I2,I3,R,S,cumI,diffI
2020-03-06,2.0,2.0,1.0,0.0,0.0,970303.0,0.0,0.0
2020-03-07,3.0,2.0,1.0,0.0,0.0,970972.0,0.0,0.0
2020-03-08,3.0,0.0,2.0,0.0,0.0,977716.0,1.0,1.0
2020-03-09,8.0,1.0,1.0,0.0,2.0,985123.0,3.0,2.0
2020-03-10,5.0,0.0,1.0,0.0,1.0,990905.0,3.0,0.0
2020-03-11,6.0,1.0,2.0,0.0,0.0,996475.0,5.0,2.0
2020-03-12,9.0,2.0,1.0,1.0,0.0,999466.0,5.0,0.0
2020-03-13,5.0,4.0,0.0,1.0,0.0,1002852.0,8.0,3.0
2020-03-14,11.0,2.0,2.0,0.0,0.0,1005065.0,8.0,0.0
2020-03-15,11.0,3.0,0.0,1.0,0.0,1007119.0,9.0,1.0
2020-03-16,8.0,4.0,0.0,0.0,2.0,1008447.0,10.0,1.0
2020-03-17,6.0,3.0,1.0,0.0,2.0,1009848.0,11.0,1.0
2020-03-18,8.0,3.0,0.0,1.0,2.0,1009961.0,13.0,2.0
2020-03-19,10.0,2.0,3.0,0.0,2.0,1011799.0,14.0,1.0
2020-03-20,6.0,2.0,1.0,0.0,4.0,1012098.0,16.0,2.0
2020-03-21,9.0,5.0,1.0,0.0,3.0,1012046.0,17.0,1.0
2020-03-22,15.0,2.0,4.0,0.0,2.0,1012331.0,18.0,1.0
2020-03-23,16.0,3.0,4.0,2.0,6.0,1012793.0,22.0,4.0
2020-03-24,17.0,2.0,2.0,4.0,6.0,1013595.0,25.0,3.0
2020-03-25,18.0,4.0,1.0,2.0,9.0,1013687.0,29.0,4.0
2020-03-26,21.0,3.0,1.0,2.0,11.0,1013870.0,31.0,2.0
2020-03-27,23.0,4.0,3.0,2.0,12.0,1015561.0,34.0,3.0
2020-03-28,27.0,6.0,6.0,3.0,8.0,1015412.0,38.0,4.0
2020-03-29,33.0,5.0,6.0,3.0,15.0,1015686.0,45.0,7.0
2020-03-30,40.0,5.0,5.0,5.0,22.0,1016046.0,50.0,5.0
2020-03-31,53.0,11.0,8.0,5.0,22.0,1015150.0,57.0,7.0
2020-04-01,62.0,19.0,6.0,4.0,27.0,1013806.0,67.0,10.0
2020-04-02,74.0,23.0,19.0,7.0,38.0,1015150.0,85.0,18.0
2020-04-03,96.0,31.0,26.0,6.0,42.0,1014533.0,112.0,27.0
2020-04-04,122.0,31.0,18.0,19.0,42.0,1016489.0,132.0,20.0
2020-04-05,144.0,33.0,19.0,16.0,51.0,1016915.0,151.0,19.0
2020-04-06,144.0,40.0,31.0,18.0,68.0,1018172.0,184.0,33.0
2020-04-07,210.0,49.0,37.0,24.0,82.0,1017978.0,215.0,31.0
2020-04-08,235.0,71.0,45.0,29.0,104.0,1018969.0,272.0,57.0
2020-04-09,279.0,68.0,52.0,46.0,130.0,1019315.0,323.0,51.0
2020-04-10,326.0,86.0,57.0,52.0,160.0,1018217.0,383.0,60.0
2020-04-11,410.0,83.0,77.0,56.0,192.0,1018327.0,443.0,60.0
2020-04-12,493.0,97.0,78.0,72.0,229.0,1018095.0,525.0,82.0
2020-04-13,575.0,125.0,100.0,68.0,248.0,1018539.0,637.0,112.0
2020-04-14,614.0,133.0,108.0,90.0,315.0,1018427.0,743.0,106.0
2020-04-15,745.0,157.0,125.0,101.0,375.0,1019186.0,866.0,123.0
2020-04-16,883.0,174.0,134.0,112.0,438.0,1017851.0,992.0,126.0
2020-04-17,1022.0,213.0,193.0,130.0,503.0,1018565.0,1181.0,189.0
2020-04-18,1279.0,275.0,222.0,149.0,611.0,1017020.0,1377.0,196.0
2020-04-19,1537.0,326.0,266.0,215.0,711.0,1017449.0,1634.0,257.0
2020-04-20,1845.0,368.0,318.0,227.0,861.0,1017390.0,1919.0,285.0
2020-04-21,2134.0,456.0,364.0,280.0,1029.0,1017123.0,2287.0,368.0
2020-04-22,2581.0,552.0,440.0,357.0,1220.0,1016845.0,2723.0,436.0
2020-04-23,3096.0,646.0,514.0,363.0,1443.0,1015126.0,3222.0,499.0
2020-04-24,3552.0,755.0,647.0,441.0,1714.0,1013965.0,3822.0,600.0
2020-04-25,4199.0,892.0,680.0,587.0,2034.0,1012139.0,4524.0,702.0
2020-04-26,4957.0,1097.0,803.0,657.0,2399.0,1011782.0,5375.0,851.0
2020-04-27,5893.0,1311.0,983.0,762.0,2931.0,1008162.0,6380.0,1005.0
2020-04-28,6987.0,1508.0,1182.0,888.0,3430.0,1006965.0,7510.0,1130.0
2020-04-29,8169.0,1741.0,1369.0,1083.0,4076.0,1005482.0,8847.0,1337.0
2020-04-30,9552.0,2157.0,1689.0,1270.0,4782.0,1002164.0,10563.0,1716.0
2020-05-01,11644.0,2484.0,1993.0,1552.0,5648.0,998917.0,12503.0,1940.0
2020-05-02,13635.0,2989.0,2357.0,1795.0,6723.0,995460.0,14851.0,2348.0
2020-05-03,16032.0,3577.0,2733.0,2234.0,7899.0,991075.0,17621.0,2770.0
2020-05-04,19171.0,4180.0,3259.0,2551.0,9377.0,983609.0,20794.0,3173.0
2020-05-05,22320.0,4998.0,3856.0,2993.0,11197.0,976572.0,24728.0,3934.0
2020-05-06,26529.0,5729.0,4670.0,3555.0,13241.0,969372.0,29202.0,4474.0
2020-05-07,30757.0,6593.0,5492.0,4163.0,15795.0,959832.0,34446.0,5244.0
2020-05-08,36045.0,7952.0,6204.0,5055.0,18481.0,949389.0,40542.0,6096.0
2020-05-09,42175.0,9171.0,7391.0,5822.0,22088.0,937684.0,47645.0,7103.0
2020-05-10,48796.0,10691.0,8485.0,6889.0,26285.0,921517.0,55917.0,8272.0
2020-05-11,56619.0,12493.0,9983.0,7978.0,31033.0,905162.0,65635.0,9718.0
2020-05-12,65418.0,14591.0,11585.0,9431.0,36692.0,885162.0,76918.0,11283.0
2020-05-13,75575.0,16953.0,13658.0,11045.0,43098.0,864760.0,89863.0,12945.0
2020-05-14,86249.0,19632.0,15797.0,12757.0,50682.0,840580.0,104818.0,14955.0
2020-05-15,98251.0,22347.0,18440.0,14612.0,59350.0,812741.0,121988.0,17170.0
2020-05-16,110529.0,25285.0,20914.0,17387.0,69188.0,781896.0,141263.0,19275.0
2020-05-17,123953.0,28434.0,23610.0,19700.0,81117.0,748838.0,162905.0,21642.0
2020-05-18,137589.0,32032.0,26623.0,22432.0,94279.0,711501.0,187108.0,24203.0
2020-05-19,151190.0,35709.0,29938.0,24978.0,109369.0,673710.0,213801.0,26693.0
2020-05-20,165047.0,39447.0,33535.0,28214.0,126270.0,632981.0,243042.0,29241.0
2020-05-21,177579.0,43223.0,37124.0,31952.0,145092.0,591046.0,275076.0,32034.0
2020-05-22,189960.0,46557.0,41211.0,35089.0,166301.0,546475.0,308994.0,33918.0
2020-05-23,199065.0,49667.0,44315.0,38689.0,190102.0,502542.0,345050.0,36056.0
2020-05-24,206856.0,52964.0,47196.0,42235.0,216616.0,460656.0,383167.0,38117.0
2020-05-25,212221.0,55068.0,50526.0,45402.0,244842.0,419143.0,422362.0,39195.0
2020-05-26,214661.0,56626.0,53126.0,48350.0,274900.0,379476.0,462276.0,39914.0
2020-05-27,214443.0,57803.0,55031.0,51360.0,306111.0,341822.0,502626.0,40350.0
2020-05-28,211591.0,57472.0,56430.0,53136.0,339818.0,307459.0,542515.0,39889.0
2020-05-29,206502.0,57321.0,56919.0,54945.0,374630.0,276000.0,581864.0,39349.0
2020-05-30,199693.0,56550.0,56794.0,55411.0,410940.0,248562.0,620192.0,38328.0
2020-05-31,191046.0,55125.0,56321.0,55555.0,444965.0,223426.0,656867.0,36675.0
2020-06-01,180699.0,52898.0,54887.0,55744.0,480697.0,201482.0,691915.0,35048.0
2020-06-02,170191.0,50335.0,53274.0,54941.0,516119.0,182027.0,725128.0,33213.0
2020-06-03,158936.0,47564.0,51560.0,53331.0,550880.0,165382.0,756226.0,31098.0
2020-06-04,147397.0,44783.0,48540.0,51626.0,585563.0,150635.0,785068.0,28842.0
2020-06-05,136035.0,41760.0,46161.0,49287.0,616032.0,137948.0,812180.0,27112.0
2020-06-06,124103.0,38515.0,43259.0,46818.0,647855.0,127471.0,836728.0,24548.0
2020-06-07,113217.0,35463.0,40114.0,43987.0,675337.0,118039.0,859146.0,22418.0
2020-06-08,102629.0,32515.0,37225.0,41044.0,703445.0,109961.0,879893.0,20747.0
2020-06-09,92529.0,29706.0,34319.0,38816.0,728731.0,103144.0,898487.0,18594.0
2020-06-10,83352.0,26995.0,31366.0,35251.0,753049.0,97459.0,915418.0,16931.0
2020-06-11,75018.0,24408.0,28583.0,32735.0,773856.0,92599.0,930458.0,15040.0
2020-06-12,67445.0,22076.0,26155.0,30100.0,793884.0,88091.0,943997.0,13539.0
2020-06-13,60311.0,19895.0,23588.0,27296.0,812773.0,84258.0,956211.0,12214.0
2020-06-14,53785.0,17738.0,21239.0,24693.0,830471.0,81054.0,967041.0,10830.0
2020-06-15,48065.0,15928.0,19124.0,22431.0,843910.0,78219.0,976836.0,9795.0
2020-06-16,42855.0,14230.0,17112.0,20123.0,856793.0,76075.0,985351.0,8515.0
2020-06-17,38154.0,12824.0,15501.0,17953.0,868448.0,73940.0,993136.0,7785.0
2020-06-18,34020.0,11304.0,14034.0,16406.0,880185.0,71992.0,1000075.0,6939.0
2020-06-19,30134.0,10064.0,12124.0,14768.0,890666.0,70466.0,1006133.0,6058.0
2020-06-20,26711.0,9027.0,10816.0,13217.0,899347.0,69038.0,1011609.0,5476.0
2020-06-21,23638.0,7995.0,9613.0,11811.0,907055.0,67678.0,1016489.0,4880.0
2020-06-22,21092.0,7067.0,8668.0,10508.0,913896.0,66729.0,1020680.0,4191.0
2020-06-23,18836.0,6211.0,7613.0,9343.0,919409.0,65921.0,1024389.0,3709.0
2020-06-24,16539.0,5491.0,6813.0,8371.0,924548.0,65269.0,1027751.0,3362.0
2020-06-25,14780.0,4835.0,5992.0,7468.0,930476.0,64618.0,1030649.0,2898.0
2020-06-26,12828.0,4281.0,5450.0,6525.0,934741.0,63500.0,1033306.0,2657.0
2020-06-27,11300.0,3858.0,4730.0,5816.0,939377.0,62887.0,1035601.0,2295.0
2020-06-28,10055.0,3381.0,4182.0,5236.0,943390.0,62328.0,1037675.0,2074.0
2020-06-29,8922.0,3042.0,3597.0,4710.0,946643.0,62244.0,1039478.0,1803.0
2020-06-30,7807.0,2681.0,3205.0,4203.0,948772.0,62080.0,1041099.0,1621.0
2020-07-01,6906.0,2436.0,2934.0,3544.0,950402.0,61930.0,1042504.0,1405.0
2020-07-02,6117.0,2114.0,2588.0,3232.0,951933.0,61636.0,1043727.0,1223.0
2020-07-03,5334.0,1863.0,2218.0,2831.0,953491.0,61284.0,1044878.0,1151.0
2020-07-04,4718.0,1641.0,1978.0,2424.0,956204.0,61114.0,1045857.0,979.0
2020-07-05,4150.0,1433.0,1769.0,2134.0,958476.0,60698.0,1046706.0,849.0
2020-07-06,3724.0,1216.0,1626.0,1888.0,959307.0,60683.0,1047459.0,753.0
