time,E,I1,I2,I3,R,S,cumI,diffI
2020-03-06,0.0,2.0,1.0,0.0,0.0,970402.0,0.0,0.0
2020-03-07,0.0,1.0,0.0,1.0,0.0,972536.0,0.0,0.0
2020-03-08,1.0,0.0,1.0,0.0,1.0,980793.0,0.0,0.0
2020-03-09,0.0,0.0,1.0,0.0,1.0,988207.0,0.0,0.0
2020-03-10,1.0,0.0,0.0,1.0,0.0,994204.0,0.0,0.0
2020-03-11,0.0,0.0,0.0,0.0,0.0,997748.0,0.0,0.0
2020-03-12,0.0,0.0,0.0,0.0,0.0,999887.0,0.0,0.0
2020-03-13,0.0,0.0,0.0,0.0,0.0,1003611.0,0.0,0.0
2020-03-14,0.0,1.0,0.0,0.0,0.0,1004032.0,0.0,0.0
2020-03-15,0.0,0.0,0.0,1.0,2.0,1005383.0,0.0,0.0
2020-03-16,0.0,0.0,0.0,1.0,1.0,1007904.0,0.0,0.0
2020-03-17,2.0,0.0,0.0,1.0,2.0,1009096.0,0.0,0.0
2020-03-18,2.0,0.0,0.0,1.0,2.0,1009191.0,0.0,0.0
2020-03-19,2.0,1.0,0.0,1.0,2.0,1009162.0,1.0,1.0
2020-03-20,4.0,0.0,1.0,1.0,1.0,1011138.0,1.0,0.0
2020-03-21,4.0,0.0,0.0,0.0,2.0,1012352.0,1.0,0.0
2020-03-22,1.0,0.0,0.0,0.0,2.0,1012488.0,1.0,0.0
2020-03-23,1.0,0.0,0.0,0.0,2.0,1013888.0,1.0,0.0
2020-03-24,3.0,0.0,1.0,0.0,2.0,1015303.0,1.0,0.0
2020-03-25,4.0,1.0,1.0,0.0,2.0,1016480.0,3.0,2.0
2020-03-26,3.0,1.0,0.0,0.0,3.0,1015502.0,4.0,1.0
2020-03-27,4.0,0.0,0.0,0.0,3.0,1015812.0,4.0,0.0
2020-03-28,5.0,1.0,0.0,0.0,1.0,1014148.0,5.0,1.0
2020-03-29,8.0,2.0,2.0,1.0,1.0,1015070.0,7.0,2.0
2020-03-30,7.0,1.0,1.0,2.0,3.0,1015458.0,9.0,2.0
2020-03-31,5.0,0.0,1.0,1.0,5.0,1015532.0,9.0,0.0
2020-04-01,10.0,2.0,2.0,2.0,2.0,1016613.0,10.0,1.0
2020-04-02,19.0,1.0,3.0,2.0,5.0,1016331.0,11.0,1.0
2020-04-03,20.0,3.0,2.0,4.0,10.0,1016981.0,16.0,5.0
2020-04-04,10.0,3.0,3.0,5.0,11.0,1017340.0,21.0,5.0
2020-04-05,17.0,1.0,2.0,5.0,14.0,1016511.0,22.0,1.0
2020-04-06,27.0,5.0,2.0,7.0,13.0,1017823.0,26.0,4.0
2020-04-07,34.0,4.0,5.0,5.0,18.0,1016944.0,27.0,1.0
2020-04-08,35.0,8.0,6.0,6.0,21.0,1017208.0,36.0,9.0
2020-04-09,35.0,9.0,7.0,6.0,26.0,1016801.0,41.0,5.0
2020-04-10,35.0,14.0,8.0,10.0,27.0,1016080.0,50.0,9.0
2020-04-11,51.0,14.0,9.0,12.0,32.0,1017012.0,60.0,10.0
2020-04-12,68.0,13.0,10.0,11.0,37.0,1018089.0,70.0,10.0
2020-04-13,89.0,14.0,19.0,7.0,40.0,1018433.0,80.0,10.0
2020-04-14,103.0,20.0,24.0,14.0,47.0,1018573.0,99.0,19.0
2020-04-15,126.0,28.0,21.0,17.0,53.0,1019755.0,125.0,26.0
2020-04-16,142.0,38.0,26.0,15.0,74.0,1020015.0,154.0,29.0
2020-04-17,159.0,46.0,35.0,19.0,86.0,1018967.0,185.0,31.0
2020-04-18,169.0,42.0,38.0,31.0,95.0,1019303.0,225.0,40.0
2020-04-19,210.0,62.0,31.0,40.0,97.0,1018835.0,270.0,45.0
2020-04-20,266.0,61.0,44.0,42.0,119.0,1018512.0,325.0,55.0
2020-04-21,320.0,90.0,53.0,48.0,145.0,1019273.0,387.0,62.0
2020-04-22,384.0,93.0,74.0,55.0,163.0,1019527.0,453.0,66.0
2020-04-23,460.0,92.0,84.0,66.0,207.0,1020027.0,541.0,88.0
2020-04-24,606.0,109.0,90.0,81.0,249.0,1020967.0,632.0,91.0
2020-04-25,690.0,144.0,110.0,83.0,291.0,1020703.0,756.0,124.0
2020-04-26,820.0,155.0,151.0,87.0,352.0,1018644.0,891.0,135.0
2020-04-27,884.0,210.0,143.0,123.0,410.0,1018323.0,1048.0,157.0
2020-04-28,1010.0,215.0,165.0,145.0,515.0,1017534.0,1208.0,160.0
2020-04-29,1217.0,268.0,215.0,152.0,587.0,1019111.0,1404.0,196.0
2020-04-30,1405.0,316.0,215.0,192.0,691.0,1019628.0,1637.0,233.0
2020-05-01,1657.0,329.0,292.0,208.0,786.0,1020094.0,1891.0,254.0
2020-05-02,1993.0,438.0,304.0,262.0,924.0,1019216.0,2220.0,329.0
2020-05-03,2315.0,519.0,398.0,322.0,1134.0,1018338.0,2635.0,415.0
2020-05-04,2765.0,591.0,476.0,355.0,1361.0,1018445.0,3094.0,459.0
2020-05-05,3283.0,695.0,545.0,434.0,1579.0,1017747.0,3624.0,530.0
2020-05-06,3802.0,804.0,674.0,502.0,1945.0,1015602.0,4267.0,643.0
2020-05-07,4532.0,952.0,753.0,678.0,2278.0,1014636.0,5035.0,768.0
2020-05-08,5411.0,1138.0,860.0,734.0,2704.0,1012643.0,5931.0,896.0
2020-05-09,6325.0,1398.0,1065.0,876.0,3152.0,1011195.0,7054.0,1123.0
2020-05-10,7487.0,1604.0,1302.0,991.0,3792.0,1007683.0,8369.0,1315.0
2020-05-11,8664.0,1949.0,1508.0,1212.0,4355.0,1003549.0,9894.0,1525.0
2020-05-12,10252.0,2213.0,1773.0,1442.0,5210.0,1001574.0,11690.0,1796.0
2020-05-13,12403.0,2747.0,2079.0,1611.0,6172.0,996965.0,13743.0,2053.0
2020-05-14,14698.0,3081.0,2581.0,1972.0,7270.0,992891.0,16153.0,2410.0
2020-05-15,17373.0,3758.0,2976.0,2294.0,8839.0,987995.0,19085.0,2932.0
2020-05-16,20429.0,4400.0,3448.0,2725.0,10382.0,982936.0,22492.0,3407.0
2020-05-17,24015.0,5212.0,4159.0,3193.0,12263.0,977122.0,26553.0,4061.0
2020-05-18,28086.0,6185.0,4988.0,3848.0,14412.0,967440.0,31393.0,4840.0
2020-05-19,33412.0,7209.0,5829.0,4541.0,17063.0,957156.0,37015.0,5622.0
2020-05-20,38972.0,8580.0,6806.0,5417.0,20191.0,944506.0,43723.0,6708.0
2020-05-21,45416.0,10018.0,7912.0,6235.0,24064.0,930892.0,51590.0,7867.0
2020-05-22,52485.0,11578.0,9146.0,7389.0,28366.0,916340.0,60429.0,8839.0
2020-05-23,61148.0,13349.0,10660.0,8576.0,33447.0,898676.0,70755.0,10326.0
2020-05-24,70026.0,15669.0,12594.0,10251.0,39399.0,879164.0,82906.0,12151.0
2020-05-25,80494.0,18142.0,14528.0,11770.0,46373.0,854805.0,96947.0,14041.0
2020-05-26,92028.0,20927.0,16970.0,13614.0,54823.0,827665.0,113003.0,16056.0
2020-05-27,104367.0,23602.0,19610.0,15563.0,64261.0,798269.0,131192.0,18189.0
2020-05-28,117577.0,26984.0,22300.0,17958.0,74854.0,765833.0,151694.0,20502.0
2020-05-29,131053.0,30445.0,25505.0,20714.0,87263.0,729478.0,174717.0,23023.0
2020-05-30,144112.0,34046.0,28618.0,23977.0,101411.0,692492.0,200506.0,25789.0
2020-05-31,157892.0,37669.0,32048.0,26835.0,117992.0,651350.0,228578.0,28072.0
2020-06-01,171500.0,41201.0,35931.0,30201.0,136147.0,609112.0,259188.0,30610.0
2020-06-02,183589.0,44941.0,39276.0,33833.0,157032.0,565737.0,292245.0,33057.0
2020-06-03,194178.0,48194.0,42663.0,37379.0,179731.0,521729.0,327510.0,35265.0
2020-06-04,203321.0,50849.0,45951.0,40881.0,205093.0,479618.0,364300.0,36790.0
2020-06-05,210005.0,53400.0,49120.0,44004.0,232087.0,437246.0,402567.0,38267.0
2020-06-06,213330.0,55548.0,52054.0,47023.0,260645.0,396837.0,442195.0,39628.0
2020-06-07,214576.0,57133.0,53984.0,49737.0,291810.0,357446.0,482400.0,40205.0
2020-06-08,213230.0,57715.0,55697.0,51985.0,324163.0,322130.0,522579.0,40179.0
2020-06-09,209217.0,57461.0,56533.0,54198.0,358762.0,288845.0,562133.0,39554.0
2020-06-10,202910.0,57341.0,56342.0,55535.0,393070.0,260147.0,601096.0,38963.0
2020-06-11,194435.0,55853.0,56347.0,55729.0,428864.0,234245.0,638713.0,37617.0
2020-06-12,185369.0,53619.0,55465.0,55848.0,464406.0,210679.0,674424.0,35711.0
2020-06-13,175568.0,51619.0,53980.0,55388.0,499662.0,189968.0,708471.0,34047.0
2020-06-14,163946.0,49199.0,52207.0,54178.0,535034.0,171949.0,740561.0,32090.0
2020-06-15,151720.0,46176.0,49624.0,52589.0,569301.0,156144.0,770564.0,30003.0
2020-06-16,139297.0,43650.0,47222.0,50312.0,602105.0,142724.0,798568.0,28004.0
2020-06-17,127665.0,40261.0,43988.0,48066.0,633543.0,131005.0,823897.0,25329.0
2020-06-18,117067.0,36670.0,40871.0,45547.0,663849.0,120923.0,846942.0,23045.0
2020-06-19,106035.0,33774.0,37994.0,42367.0,692949.0,112729.0,868193.0,21251.0
2020-06-20,96446.0,30717.0,35005.0,39753.0,717827.0,105858.0,887463.0,19270.0
2020-06-21,86912.0,27956.0,32391.0,36707.0,742078.0,99194.0,904884.0,17421.0
2020-06-22,78073.0,25416.0,29443.0,33690.0,765691.0,94089.0,920643.0,15759.0
2020-06-23,70204.0,22529.0,26978.0,31051.0,786647.0,89715.0,934555.0,13912.0
2020-06-24,62918.0,20425.0,24475.0,28411.0,805337.0,85877.0,947168.0,12613.0
2020-06-25,56115.0,18760.0,21976.0,25454.0,821146.0,82122.0,958616.0,11448.0
2020-06-26,50072.0,16566.0,19931.0,23165.0,837771.0,79201.0,968739.0,10123.0
2020-06-27,44656.0,14943.0,17641.0,20915.0,852581.0,76463.0,977821.0,9082.0
2020-06-28,39770.0,13285.0,15823.0,19116.0,864795.0,74064.0,985905.0,8084.0
2020-06-29,35578.0,11920.0,14419.0,17175.0,876544.0,72454.0,993126.0,7221.0
2020-06-30,31440.0,10509.0,12883.0,15383.0,887417.0,70567.0,999455.0,6329.0
2020-07-01,28021.0,9340.0,11532.0,13674.0,896853.0,69072.0,1005109.0,5654.0
2020-07-02,24903.0,8398.0,10072.0,12374.0,903763.0,68027.0,1010107.0,4998.0
2020-07-03,21966.0,7515.0,8935.0,11097.0,910882.0,66896.0,1014650.0,4543.0
2020-07-04,19496.0,6585.0,8116.0,9695.0,917295.0,65886.0,1018583.0,3933.0
2020-07-05,17217.0,5773.0,7138.0,8845.0,923395.0,65012.0,1022070.0,3487.0
2020-07-06,15367.0,5139.0,6286.0,7805.0,929756.0,64473.0,1025175.0,3105.0
