time,E,I1,I2,I3,R,S,cumI,diffI
2020-03-06,0.0,1.0,1.0,0.0,0.0,970246.0,0.0,0.0
2020-03-07,3.0,0.0,1.0,1.0,0.0,971916.0,0.0,0.0
2020-03-08,3.0,0.0,1.0,1.0,0.0,979112.0,0.0,0.0
2020-03-09,1.0,0.0,1.0,0.0,1.0,986532.0,0.0,0.0
2020-03-10,1.0,0.0,1.0,0.0,1.0,992545.0,1.0,1.0
2020-03-11,1.0,0.0,0.0,0.0,1.0,996822.0,1.0,0.0
2020-03-12,3.0,1.0,0.0,0.0,0.0,1001065.0,1.0,0.0
2020-03-13,3.0,0.0,0.0,1.0,2.0,1002942.0,1.0,0.0
2020-03-14,2.0,1.0,0.0,1.0,1.0,1004198.0,2.0,1.0
2020-03-15,7.0,0.0,1.0,1.0,0.0,1006379.0,2.0,0.0
2020-03-16,4.0,0.0,0.0,2.0,0.0,1007473.0,2.0,0.0
2020-03-17,5.0,1.0,2.0,1.0,0.0,1010075.0,5.0,3.0
2020-03-18,6.0,1.0,2.0,1.0,1.0,1011301.0,6.0,1.0
2020-03-19,4.0,0.0,2.0,2.0,0.0,1013343.0,6.0,0.0
2020-03-20,6.0,0.0,2.0,0.0,3.0,1013146.0,7.0,1.0
2020-03-21,8.0,3.0,1.0,1.0,0.0,1013360.0,10.0,3.0
2020-03-22,6.0,1.0,1.0,3.0,4.0,1013721.0,10.0,0.0
2020-03-23,8.0,1.0,0.0,5.0,4.0,1013415.0,11.0,1.0
2020-03-24,7.0,3.0,2.0,1.0,6.0,1013102.0,13.0,2.0
2020-03-25,8.0,1.0,0.0,0.0,7.0,1015999.0,13.0,0.0
2020-03-26,13.0,1.0,1.0,2.0,5.0,1015396.0,14.0,1.0
2020-03-27,11.0,2.0,1.0,1.0,7.0,1014261.0,15.0,1.0
2020-03-28,12.0,1.0,1.0,1.0,9.0,1013804.0,17.0,2.0
2020-03-29,18.0,2.0,2.0,1.0,7.0,1013670.0,18.0,1.0
2020-03-30,21.0,2.0,3.0,0.0,8.0,1014839.0,19.0,1.0
2020-03-31,21.0,3.0,8.0,3.0,11.0,1014792.0,24.0,5.0
2020-04-01,29.0,6.0,6.0,5.0,15.0,1014130.0,30.0,6.0
2020-04-02,32.0,12.0,1.0,5.0,18.0,1014933.0,40.0,10.0
2020-04-03,33.0,12.0,4.0,4.0,20.0,1015124.0,47.0,7.0
2020-04-04,57.0,11.0,15.0,3.0,30.0,1016021.0,53.0,6.0
2020-04-05,63.0,17.0,12.0,7.0,28.0,1015600.0,67.0,14.0
2020-04-06,78.0,15.0,14.0,9.0,36.0,1015198.0,81.0,14.0
2020-04-07,84.0,27.0,12.0,10.0,44.0,1015994.0,101.0,20.0
2020-04-08,104.0,24.0,16.0,18.0,48.0,1016325.0,120.0,19.0
2020-04-09,145.0,21.0,19.0,22.0,55.0,1017193.0,134.0,14.0
2020-04-10,166.0,31.0,15.0,20.0,66.0,1016298.0,161.0,27.0
2020-04-11,168.0,45.0,23.0,22.0,71.0,1017081.0,197.0,36.0
2020-04-12,219.0,46.0,46.0,27.0,86.0,1018632.0,228.0,31.0
2020-04-13,269.0,69.0,45.0,42.0,106.0,1019176.0,276.0,48.0
2020-04-14,297.0,76.0,55.0,51.0,124.0,1018451.0,335.0,59.0
2020-04-15,387.0,90.0,82.0,48.0,160.0,1019199.0,406.0,71.0
2020-04-16,449.0,103.0,63.0,72.0,197.0,1018589.0,479.0,73.0
2020-04-17,497.0,126.0,82.0,64.0,235.0,1018974.0,570.0,91.0
2020-04-18,599.0,132.0,106.0,76.0,270.0,1019185.0,675.0,105.0
2020-04-19,760.0,154.0,128.0,109.0,335.0,1019158.0,797.0,122.0
2020-04-20,872.0,202.0,137.0,119.0,415.0,1019142.0,946.0,149.0
2020-04-21,1027.0,233.0,162.0,126.0,523.0,1018463.0,1129.0,183.0
2020-04-22,1241.0,285.0,222.0,168.0,585.0,1017681.0,1345.0,216.0
2020-04-23,1489.0,325.0,252.0,212.0,731.0,1017816.0,1588.0,243.0
2020-04-24,1800.0,367.0,334.0,243.0,902.0,1016630.0,1894.0,306.0
2020-04-25,2111.0,444.0,363.0,302.0,1045.0,1014922.0,2213.0,319.0
2020-04-26,2477.0,565.0,381.0,354.0,1240.0,1016276.0,2633.0,420.0
2020-04-27,2990.0,669.0,485.0,403.0,1461.0,1015307.0,3138.0,505.0
2020-04-28,3664.0,769.0,642.0,474.0,1662.0,1014480.0,3732.0,594.0
2020-04-29,4298.0,907.0,744.0,582.0,2018.0,1013319.0,4475.0,743.0
2020-04-30,5087.0,1098.0,861.0,664.0,2406.0,1012389.0,5324.0,849.0
2020-05-01,5881.0,1295.0,1029.0,810.0,2821.0,1010524.0,6346.0,1022.0
2020-05-02,7000.0,1502.0,1179.0,981.0,3463.0,1007996.0,7489.0,1143.0
2020-05-03,8274.0,1881.0,1454.0,1079.0,4151.0,1006374.0,8987.0,1498.0
2020-05-04,9843.0,2181.0,1656.0,1344.0,4918.0,1002380.0,10667.0,1680.0
2020-05-05,11698.0,2492.0,2015.0,1551.0,5732.0,998572.0,12595.0,1928.0
2020-05-06,13758.0,2925.0,2334.0,1826.0,6847.0,994048.0,14883.0,2288.0
2020-05-07,16323.0,3574.0,2732.0,2172.0,8121.0,988896.0,17603.0,2720.0
2020-05-08,19238.0,4387.0,3260.0,2609.0,9560.0,982688.0,20993.0,3390.0
2020-05-09,22791.0,4952.0,3885.0,3110.0,11462.0,976557.0,24770.0,3777.0
2020-05-10,27004.0,5781.0,4654.0,3653.0,13490.0,968295.0,29236.0,4466.0
2020-05-11,31628.0,6835.0,5614.0,4272.0,16165.0,958171.0,34650.0,5414.0
2020-05-12,36935.0,8134.0,6487.0,5114.0,19271.0,948133.0,41042.0,6392.0
2020-05-13,42941.0,9411.0,7551.0,5985.0,22938.0,936103.0,48293.0,7251.0
2020-05-14,50260.0,10966.0,8761.0,7153.0,26766.0,921410.0,56780.0,8487.0
2020-05-15,57958.0,12769.0,10408.0,8245.0,31562.0,905434.0,66842.0,10062.0
2020-05-16,67146.0,14956.0,12133.0,9688.0,37224.0,885265.0,78339.0,11497.0
2020-05-17,77151.0,17019.0,14094.0,11183.0,43933.0,861410.0,91410.0,13071.0
2020-05-18,88029.0,19717.0,16142.0,13138.0,51575.0,836941.0,106653.0,15243.0
2020-05-19,100072.0,22677.0,18618.0,15179.0,60298.0,808454.0,124087.0,17434.0
2020-05-20,113459.0,25779.0,21085.0,17687.0,70696.0,777867.0,143544.0,19457.0
2020-05-21,126910.0,28979.0,23797.0,19949.0,82618.0,744018.0,165442.0,21898.0
2020-05-22,140306.0,32606.0,27253.0,22717.0,96263.0,707505.0,190229.0,24787.0
2020-05-23,153677.0,36360.0,30967.0,25522.0,111577.0,668461.0,217612.0,27383.0
2020-05-24,167434.0,40056.0,34556.0,28706.0,128849.0,626330.0,247479.0,29867.0
2020-05-25,180241.0,43459.0,37813.0,32682.0,148187.0,582655.0,279780.0,32301.0
2020-05-26,191205.0,47491.0,41211.0,36025.0,170357.0,538262.0,314566.0,34786.0
2020-05-27,200703.0,50011.0,44760.0,39351.0,193973.0,495406.0,350849.0,36283.0
2020-05-28,207579.0,52849.0,48016.0,42754.0,220594.0,453656.0,389101.0,38252.0
2020-05-29,212768.0,55281.0,51044.0,45437.0,249445.0,412313.0,428500.0,39399.0
2020-05-30,214940.0,56654.0,53553.0,48759.0,278990.0,373464.0,468474.0,39974.0
2020-05-31,214561.0,57347.0,55093.0,51296.0,311493.0,336166.0,508824.0,40350.0
2020-06-01,211224.0,57977.0,56050.0,53356.0,344583.0,302296.0,549186.0,40362.0
2020-06-02,205299.0,57339.0,56764.0,54888.0,379766.0,271190.0,588469.0,39283.0
2020-06-03,197390.0,56438.0,57044.0,56144.0,415187.0,243934.0,626721.0,38252.0
2020-06-04,188309.0,54922.0,55974.0,56012.0,451116.0,218963.0,663386.0,36665.0
2020-06-05,178562.0,52756.0,54246.0,55917.0,486312.0,197901.0,698243.0,34857.0
2020-06-06,168113.0,49873.0,52555.0,54946.0,521863.0,178567.0,730929.0,32686.0
2020-06-07,156946.0,47138.0,50485.0,53073.0,556180.0,162718.0,761793.0,30864.0
2020-06-08,145364.0,44208.0,47789.0,50663.0,590675.0,148574.0,790260.0,28467.0
2020-06-09,133506.0,41132.0,45039.0,48593.0,621839.0,137055.0,816417.0,26157.0
2020-06-10,121852.0,38228.0,42031.0,46226.0,652211.0,126798.0,840832.0,24415.0
2020-06-11,111001.0,35133.0,39066.0,43550.0,680436.0,117394.0,862874.0,22042.0
2020-06-12,100735.0,31908.0,36409.0,40635.0,706895.0,109502.0,883001.0,20127.0
2020-06-13,90841.0,29129.0,33677.0,37716.0,731408.0,103374.0,901173.0,18172.0
2020-06-14,82037.0,26535.0,31084.0,34860.0,753549.0,97338.0,917619.0,16446.0
2020-06-15,73685.0,24279.0,27980.0,32216.0,774083.0,92526.0,932457.0,14838.0
2020-06-16,66331.0,21762.0,25600.0,29236.0,793973.0,88397.0,945701.0,13244.0
2020-06-17,59400.0,19430.0,23007.0,27016.0,812919.0,84796.0,957777.0,12076.0
2020-06-18,52998.0,17418.0,20801.0,24789.0,829317.0,81752.0,968629.0,10852.0
2020-06-19,47324.0,15833.0,18625.0,22258.0,843541.0,78608.0,978307.0,9678.0
2020-06-20,42095.0,14233.0,16808.0,20187.0,856245.0,76381.0,986968.0,8661.0
2020-06-21,37316.0,12675.0,15061.0,18042.0,869467.0,73996.0,994677.0,7709.0
2020-06-22,33468.0,10939.0,13581.0,16424.0,879822.0,72153.0,1001257.0,6580.0
2020-06-23,29807.0,9868.0,11966.0,14656.0,889255.0,70452.0,1007233.0,5976.0
2020-06-24,26603.0,8803.0,10874.0,13011.0,898433.0,69583.0,1012614.0,5381.0
2020-06-25,23752.0,7800.0,9777.0,11617.0,907710.0,68331.0,1017284.0,4670.0
2020-06-26,21041.0,7065.0,8533.0,10442.0,913582.0,67009.0,1021521.0,4237.0
2020-06-27,18563.0,6332.0,7608.0,9334.0,920560.0,66446.0,1025331.0,3810.0
2020-06-28,16564.0,5504.0,6812.0,8191.0,926221.0,65674.0,1028655.0,3324.0
2020-06-29,14577.0,4943.0,6042.0,7334.0,930974.0,64646.0,1031596.0,2941.0
2020-06-30,12787.0,4380.0,5259.0,6597.0,934714.0,63906.0,1034189.0,2593.0
2020-07-01,11485.0,3828.0,4626.0,5873.0,938687.0,63302.0,1036437.0,2248.0
2020-07-02,10170.0,3400.0,4221.0,5128.0,942392.0,62634.0,1038499.0,2062.0
2020-07-03,9022.0,3086.0,3639.0,4642.0,944840.0,62189.0,1040333.0,1834.0
2020-07-04,8006.0,2697.0,3284.0,4125.0,948393.0,61830.0,1041939.0,1606.0
2020-07-05,7013.0,2431.0,2896.0,3634.0,950169.0,61774.0,1043382.0,1443.0
2020-07-06,6171.0,2051.0,2559.0,3177.0,952186.0,61379.0,1044623.0,1241.0
