time,E,I1,I2,I3,R,S,cumI,diffI
2020-03-06,1.0,2.0,1.0,0.0,0.0,970156.0,0.0,0.0
2020-03-07,0.0,0.0,1.0,0.0,0.0,972241.0,0.0,0.0
2020-03-08,3.0,0.0,1.0,0.0,0.0,978835.0,0.0,0.0
2020-03-09,2.0,0.0,1.0,0.0,0.0,986366.0,0.0,0.0
2020-03-10,3.0,1.0,2.0,0.0,0.0,990983.0,1.0,1.0
2020-03-11,3.0,0.0,2.0,0.0,0.0,996869.0,1.0,0.0
2020-03-12,4.0,1.0,0.0,2.0,0.0,999872.0,2.0,1.0
2020-03-13,3.0,1.0,0.0,2.0,0.0,1002162.0,2.0,0.0
2020-03-14,2.0,0.0,0.0,0.0,1.0,1005345.0,2.0,0.0
2020-03-15,4.0,0.0,0.0,0.0,0.0,1006774.0,2.0,0.0
2020-03-16,5.0,1.0,0.0,0.0,0.0,1009543.0,2.0,0.0
2020-03-17,6.0,0.0,0.0,2.0,0.0,1009815.0,2.0,0.0
2020-03-18,7.0,0.0,0.0,1.0,0.0,1011548.0,2.0,0.0
2020-03-19,5.0,0.0,0.0,1.0,2.0,1012139.0,2.0,0.0
2020-03-20,4.0,2.0,0.0,0.0,3.0,1012603.0,4.0,2.0
2020-03-21,8.0,2.0,1.0,0.0,4.0,1013380.0,5.0,1.0
2020-03-22,11.0,1.0,0.0,1.0,4.0,1014905.0,6.0,1.0
2020-03-23,15.0,1.0,1.0,2.0,4.0,1014911.0,6.0,0.0
2020-03-24,12.0,6.0,1.0,2.0,3.0,1014861.0,9.0,3.0
2020-03-25,16.0,4.0,2.0,4.0,3.0,1015101.0,10.0,1.0
2020-03-26,21.0,2.0,5.0,1.0,8.0,1013762.0,12.0,2.0
2020-03-27,26.0,4.0,6.0,2.0,8.0,1014474.0,17.0,5.0
2020-03-28,28.0,3.0,3.0,3.0,12.0,1014736.0,18.0,1.0
2020-03-29,34.0,3.0,3.0,5.0,19.0,1014880.0,19.0,1.0
2020-03-30,34.0,6.0,4.0,3.0,15.0,1015775.0,24.0,5.0
2020-03-31,33.0,6.0,12.0,1.0,19.0,1016371.0,31.0,7.0
2020-04-01,41.0,11.0,10.0,6.0,22.0,1016266.0,40.0,9.0
2020-04-02,55.0,10.0,13.0,6.0,23.0,1017981.0,48.0,8.0
2020-04-03,63.0,11.0,13.0,7.0,31.0,1018899.0,59.0,11.0
2020-04-04,82.0,14.0,20.0,7.0,42.0,1018630.0,72.0,13.0
2020-04-05,97.0,23.0,13.0,14.0,47.0,1017066.0,89.0,17.0
2020-04-06,115.0,32.0,22.0,17.0,50.0,1018276.0,120.0,31.0
2020-04-07,143.0,44.0,22.0,19.0,65.0,1018553.0,144.0,24.0
2020-04-08,150.0,37.0,25.0,25.0,80.0,1019038.0,169.0,25.0
2020-04-09,162.0,36.0,40.0,26.0,89.0,1018694.0,201.0,32.0
2020-04-10,188.0,49.0,45.0,30.0,122.0,1018699.0,245.0,44.0
2020-04-11,243.0,50.0,41.0,39.0,143.0,1019614.0,281.0,36.0
2020-04-12,299.0,59.0,51.0,42.0,166.0,1019918.0,334.0,53.0
2020-04-13,343.0,87.0,66.0,49.0,184.0,1018787.0,397.0,63.0
2020-04-14,399.0,95.0,69.0,51.0,235.0,1018952.0,470.0,73.0
2020-04-15,500.0,97.0,89.0,65.0,286.0,1017789.0,539.0,69.0
2020-04-16,628.0,125.0,101.0,96.0,307.0,1017970.0,642.0,103.0
2020-04-17,740.0,146.0,144.0,104.0,368.0,1018188.0,759.0,117.0
2020-04-18,867.0,187.0,150.0,122.0,457.0,1017840.0,921.0,162.0
2020-04-19,1061.0,226.0,194.0,143.0,533.0,1019112.0,1099.0,178.0
2020-04-20,1279.0,248.0,224.0,165.0,613.0,1018055.0,1304.0,205.0
2020-04-21,1517.0,313.0,233.0,201.0,731.0,1017015.0,1564.0,260.0
2020-04-22,1782.0,384.0,291.0,236.0,840.0,1016543.0,1865.0,301.0
2020-04-23,2050.0,451.0,326.0,284.0,1019.0,1017022.0,2207.0,342.0
2020-04-24,2470.0,538.0,396.0,328.0,1224.0,1015679.0,2625.0,418.0
2020-04-25,2939.0,633.0,505.0,385.0,1495.0,1015270.0,3124.0,499.0
2020-04-26,3464.0,743.0,593.0,463.0,1755.0,1014472.0,3702.0,578.0
2020-04-27,4192.0,848.0,720.0,557.0,2070.0,1013417.0,4394.0,692.0
2020-04-28,4892.0,1044.0,857.0,676.0,2436.0,1011252.0,5209.0,815.0
2020-04-29,5841.0,1233.0,979.0,824.0,2910.0,1010167.0,6173.0,964.0
2020-04-30,7065.0,1470.0,1217.0,965.0,3458.0,1008764.0,7358.0,1185.0
2020-05-01,8331.0,1727.0,1394.0,1139.0,4162.0,1006120.0,8715.0,1357.0
2020-05-02,9884.0,2108.0,1673.0,1313.0,4899.0,1002457.0,10413.0,1698.0
2020-05-03,11710.0,2520.0,1961.0,1566.0,5825.0,998774.0,12397.0,1984.0
2020-05-04,13941.0,3037.0,2369.0,1789.0,6892.0,996265.0,14779.0,2382.0
2020-05-05,16606.0,3554.0,2799.0,2180.0,8140.0,990678.0,17480.0,2701.0
2020-05-06,19447.0,4156.0,3324.0,2607.0,9666.0,983458.0,20744.0,3264.0
2020-05-07,23124.0,4921.0,3866.0,3032.0,11549.0,976976.0,24561.0,3817.0
2020-05-08,26889.0,5821.0,4593.0,3596.0,13545.0,969315.0,29155.0,4594.0
2020-05-09,31483.0,6922.0,5439.0,4283.0,16109.0,960196.0,34580.0,5425.0
2020-05-10,36957.0,8128.0,6313.0,4988.0,19003.0,949060.0,40747.0,6167.0
2020-05-11,43067.0,9514.0,7526.0,5901.0,22522.0,935776.0,48032.0,7285.0
2020-05-12,50079.0,10942.0,8866.0,7092.0,26815.0,920876.0,56533.0,8501.0
2020-05-13,58406.0,12888.0,10158.0,8157.0,31565.0,904464.0,66404.0,9871.0
2020-05-14,67290.0,14915.0,11930.0,9442.0,37205.0,882591.0,77939.0,11535.0
2020-05-15,77077.0,17121.0,13832.0,11082.0,43839.0,860625.0,91278.0,13339.0
2020-05-16,87913.0,19629.0,16152.0,12859.0,51185.0,836580.0,106363.0,15085.0
2020-05-17,99452.0,22544.0,18609.0,15185.0,60004.0,808907.0,123647.0,17284.0
2020-05-18,112395.0,25766.0,21137.0,17419.0,70632.0,777145.0,143297.0,19650.0
2020-05-19,125801.0,29073.0,24022.0,19990.0,82545.0,743522.0,165167.0,21870.0
2020-05-20,139419.0,32602.0,27322.0,22615.0,95867.0,705729.0,189606.0,24439.0
2020-05-21,153732.0,36142.0,30860.0,25889.0,111775.0,666535.0,216650.0,27044.0
2020-05-22,167152.0,39969.0,33945.0,29224.0,129060.0,625686.0,246301.0,29651.0
2020-05-23,179661.0,43287.0,37664.0,32288.0,148744.0,583818.0,278123.0,31822.0
2020-05-24,191795.0,46788.0,41507.0,35811.0,170560.0,540113.0,312672.0,34549.0
2020-05-25,200530.0,50121.0,44717.0,39275.0,194448.0,496806.0,349361.0,36689.0
2020-05-26,208523.0,52905.0,47936.0,42759.0,220822.0,453572.0,387414.0,38053.0
2020-05-27,213076.0,55212.0,50935.0,45911.0,249094.0,413123.0,426839.0,39425.0
2020-05-28,215689.0,57211.0,53317.0,48610.0,279617.0,373394.0,467094.0,40255.0
2020-05-29,214440.0,57941.0,55218.0,51147.0,311337.0,336386.0,507528.0,40434.0
2020-05-30,212261.0,57816.0,56105.0,53952.0,344607.0,301664.0,547137.0,39609.0
2020-05-31,206662.0,57568.0,56785.0,54786.0,379977.0,270874.0,586658.0,39521.0
2020-06-01,199061.0,56545.0,57002.0,56104.0,414068.0,243272.0,625129.0,38471.0
2020-06-02,190328.0,54896.0,56701.0,56371.0,450621.0,218078.0,662089.0,36960.0
2020-06-03,179854.0,53018.0,55053.0,55853.0,486952.0,196832.0,697148.0,35059.0
2020-06-04,168156.0,50242.0,53152.0,54971.0,522284.0,177757.0,730201.0,33053.0
2020-06-05,155870.0,47627.0,50852.0,53330.0,557334.0,161772.0,761342.0,31141.0
2020-06-06,144704.0,44297.0,48121.0,51464.0,591001.0,147367.0,789750.0,28408.0
2020-06-07,132785.0,40959.0,45517.0,49295.0,622549.0,135384.0,815941.0,26191.0
2020-06-08,120911.0,37729.0,42586.0,46656.0,653788.0,125078.0,840076.0,24135.0
2020-06-09,109972.0,34894.0,39232.0,43687.0,683093.0,116290.0,862217.0,22141.0
2020-06-10,99997.0,31685.0,36279.0,40714.0,709537.0,108683.0,882248.0,20031.0
2020-06-11,90693.0,29329.0,33349.0,37990.0,734766.0,102002.0,900325.0,18077.0
2020-06-12,81579.0,26459.0,30630.0,34828.0,758727.0,96019.0,916689.0,16364.0
2020-06-13,73138.0,23887.0,27811.0,31981.0,780217.0,91298.0,931474.0,14785.0
2020-06-14,65787.0,21640.0,25143.0,29601.0,798881.0,86715.0,944760.0,13286.0
2020-06-15,58274.0,19466.0,22778.0,26833.0,816905.0,83253.0,956745.0,11985.0
2020-06-16,52048.0,17378.0,20669.0,24224.0,832449.0,80327.0,967453.0,10708.0
2020-06-17,46516.0,15382.0,18554.0,22211.0,847030.0,77585.0,976903.0,9450.0
2020-06-18,41278.0,13585.0,16715.0,20015.0,859673.0,75210.0,985281.0,8378.0
2020-06-19,36930.0,12270.0,14891.0,17918.0,871505.0,72555.0,992758.0,7477.0
2020-06-20,32931.0,10890.0,13365.0,16070.0,882700.0,70811.0,999441.0,6683.0
2020-06-21,29179.0,9693.0,11908.0,14474.0,892342.0,68999.0,1005341.0,5900.0
2020-06-22,25895.0,8777.0,10500.0,12715.0,901224.0,67437.0,1010648.0,5307.0
2020-06-23,23044.0,7722.0,9368.0,11491.0,908997.0,66375.0,1015229.0,4581.0
2020-06-24,20259.0,6757.0,8368.0,10340.0,915552.0,65699.0,1019333.0,4104.0
2020-06-25,17826.0,6001.0,7403.0,9243.0,921238.0,64817.0,1023049.0,3716.0
2020-06-26,15805.0,5383.0,6613.0,8173.0,926165.0,63999.0,1026296.0,3247.0
2020-06-27,13913.0,4659.0,5964.0,7169.0,931773.0,63407.0,1029172.0,2876.0
2020-06-28,12264.0,4169.0,5209.0,6443.0,936669.0,62729.0,1031673.0,2501.0
2020-06-29,10894.0,3655.0,4510.0,5670.0,940871.0,62196.0,1033830.0,2157.0
2020-06-30,9600.0,3149.0,3994.0,5005.0,945279.0,62034.0,1035767.0,1937.0
2020-07-01,8426.0,2858.0,3551.0,4315.0,947376.0,61629.0,1037525.0,1758.0
2020-07-02,7483.0,2562.0,3231.0,3859.0,949593.0,61236.0,1039009.0,1484.0
2020-07-03,6585.0,2267.0,2868.0,3316.0,951799.0,61175.0,1040421.0,1412.0
2020-07-04,5724.0,1972.0,2489.0,3079.0,955020.0,60989.0,1041628.0,1207.0
2020-07-05,5082.0,1724.0,2171.0,2841.0,956333.0,60787.0,1042730.0,1102.0
2020-07-06,4531.0,1611.0,1875.0,2425.0,957799.0,60462.0,1043684.0,954.0
