time,E,I1,I2,I3,R,S,cumI,diffI
2020-03-06,1.0,3.0,0.0,0.0,0.0,969483.0,0.0,0.0
2020-03-07,2.0,2.0,0.0,0.0,0.0,971711.0,0.0,0.0
2020-03-08,3.0,0.0,0.0,0.0,0.0,978632.0,0.0,0.0
2020-03-09,2.0,0.0,0.0,0.0,0.0,987726.0,0.0,0.0
2020-03-10,1.0,0.0,0.0,0.0,0.0,992520.0,0.0,0.0
2020-03-11,4.0,0.0,2.0,1.0,0.0,996315.0,1.0,1.0
2020-03-12,2.0,0.0,0.0,2.0,1.0,999803.0,1.0,0.0
2020-03-13,0.0,0.0,0.0,1.0,1.0,1001334.0,2.0,1.0
2020-03-14,0.0,0.0,1.0,0.0,1.0,1004754.0,2.0,0.0
2020-03-15,3.0,0.0,0.0,0.0,1.0,1006173.0,2.0,0.0
2020-03-16,3.0,0.0,1.0,1.0,2.0,1009406.0,2.0,0.0
2020-03-17,4.0,1.0,0.0,2.0,5.0,1010870.0,3.0,1.0
2020-03-18,7.0,1.0,0.0,0.0,6.0,1012414.0,4.0,1.0
2020-03-19,7.0,2.0,0.0,0.0,4.0,1011455.0,6.0,2.0
2020-03-20,8.0,3.0,0.0,0.0,4.0,1011536.0,8.0,2.0
2020-03-21,7.0,1.0,1.0,0.0,3.0,1012492.0,8.0,0.0
2020-03-22,7.0,5.0,1.0,1.0,4.0,1012470.0,13.0,5.0
2020-03-23,12.0,1.0,3.0,0.0,4.0,1013150.0,13.0,0.0
2020-03-24,14.0,3.0,1.0,0.0,5.0,1013055.0,15.0,2.0
2020-03-25,13.0,0.0,2.0,2.0,4.0,1013890.0,16.0,1.0
2020-03-26,19.0,4.0,3.0,1.0,7.0,1015551.0,20.0,4.0
2020-03-27,14.0,5.0,5.0,2.0,7.0,1014447.0,28.0,8.0
2020-03-28,17.0,3.0,4.0,3.0,8.0,1014895.0,29.0,1.0
2020-03-29,24.0,6.0,3.0,6.0,8.0,1015656.0,34.0,5.0
2020-03-30,35.0,7.0,2.0,5.0,14.0,1015497.0,39.0,5.0
2020-03-31,34.0,8.0,6.0,3.0,13.0,1016181.0,44.0,5.0
2020-04-01,41.0,8.0,9.0,6.0,15.0,1018444.0,50.0,6.0
2020-04-02,50.0,7.0,9.0,7.0,15.0,1018296.0,57.0,7.0
2020-04-03,58.0,11.0,12.0,10.0,20.0,1017029.0,72.0,15.0
2020-04-04,53.0,7.0,10.0,8.0,30.0,1015273.0,82.0,10.0
2020-04-05,61.0,12.0,8.0,8.0,31.0,1015563.0,92.0,10.0
2020-04-06,81.0,16.0,11.0,13.0,35.0,1017017.0,103.0,11.0
2020-04-07,87.0,24.0,7.0,17.0,42.0,1017844.0,117.0,14.0
2020-04-08,105.0,20.0,16.0,16.0,60.0,1019955.0,132.0,15.0
2020-04-09,121.0,17.0,22.0,17.0,65.0,1019004.0,151.0,19.0
2020-04-10,137.0,24.0,22.0,20.0,86.0,1020027.0,177.0,26.0
2020-04-11,170.0,30.0,29.0,15.0,108.0,1019813.0,198.0,21.0
2020-04-12,183.0,45.0,29.0,22.0,113.0,1020668.0,236.0,38.0
2020-04-13,205.0,45.0,40.0,25.0,139.0,1019551.0,270.0,34.0
2020-04-14,240.0,54.0,45.0,26.0,168.0,1019307.0,314.0,44.0
2020-04-15,306.0,60.0,57.0,32.0,167.0,1019184.0,366.0,52.0
2020-04-16,379.0,81.0,69.0,50.0,209.0,1019324.0,434.0,68.0
2020-04-17,464.0,86.0,98.0,61.0,232.0,1019432.0,512.0,78.0
2020-04-18,515.0,116.0,99.0,69.0,280.0,1019761.0,604.0,92.0
2020-04-19,654.0,127.0,132.0,96.0,308.0,1018485.0,717.0,113.0
2020-04-20,786.0,140.0,121.0,107.0,382.0,1018070.0,813.0,96.0
2020-04-21,867.0,215.0,141.0,127.0,502.0,1017902.0,997.0,184.0
2020-04-22,1062.0,234.0,182.0,138.0,572.0,1017457.0,1184.0,187.0
2020-04-23,1271.0,273.0,188.0,178.0,644.0,1016960.0,1374.0,190.0
2020-04-24,1569.0,306.0,241.0,197.0,741.0,1017054.0,1619.0,245.0
2020-04-25,1855.0,367.0,297.0,228.0,896.0,1015881.0,1917.0,298.0
2020-04-26,2137.0,449.0,361.0,273.0,1027.0,1015407.0,2300.0,383.0
2020-04-27,2527.0,546.0,427.0,353.0,1232.0,1015527.0,2724.0,424.0
2020-04-28,3021.0,614.0,528.0,404.0,1474.0,1014835.0,3216.0,492.0
2020-04-29,3579.0,747.0,596.0,489.0,1754.0,1013925.0,3799.0,583.0
2020-04-30,4120.0,931.0,721.0,587.0,2062.0,1012857.0,4535.0,736.0
2020-05-01,4982.0,1119.0,877.0,654.0,2482.0,1011907.0,5399.0,864.0
2020-05-02,5965.0,1269.0,1083.0,766.0,2954.0,1009424.0,6402.0,1003.0
2020-05-03,7168.0,1516.0,1256.0,940.0,3529.0,1006929.0,7657.0,1255.0
2020-05-04,8419.0,1822.0,1497.0,1083.0,4162.0,1003841.0,9117.0,1460.0
2020-05-05,9894.0,2190.0,1596.0,1319.0,4993.0,1000867.0,10806.0,1689.0
2020-05-06,11838.0,2579.0,2021.0,1519.0,5965.0,998860.0,12845.0,2039.0
2020-05-07,13942.0,3006.0,2386.0,1810.0,7017.0,993736.0,15170.0,2325.0
2020-05-08,16492.0,3541.0,2875.0,2236.0,8118.0,989139.0,17900.0,2730.0
2020-05-09,19367.0,4297.0,3279.0,2682.0,9863.0,983809.0,21245.0,3345.0
2020-05-10,22982.0,5005.0,3860.0,3120.0,11743.0,977546.0,25078.0,3833.0
2020-05-11,27020.0,6000.0,4620.0,3689.0,13919.0,969211.0,29675.0,4597.0
2020-05-12,31690.0,7024.0,5468.0,4268.0,16279.0,959787.0,35046.0,5371.0
2020-05-13,36864.0,8087.0,6405.0,5012.0,19321.0,948688.0,41306.0,6260.0
2020-05-14,42900.0,9395.0,7573.0,5946.0,22860.0,936888.0,48648.0,7342.0
2020-05-15,50372.0,10993.0,8870.0,7011.0,27100.0,921390.0,57105.0,8457.0
2020-05-16,58323.0,12893.0,10369.0,8241.0,31913.0,902695.0,67070.0,9965.0
2020-05-17,67295.0,15020.0,12031.0,9466.0,37622.0,883624.0,78596.0,11526.0
2020-05-18,77551.0,17490.0,14136.0,11262.0,44143.0,860888.0,92103.0,13507.0
2020-05-19,88877.0,20099.0,16380.0,13209.0,52130.0,835213.0,107378.0,15275.0
2020-05-20,100993.0,22870.0,19020.0,15237.0,61208.0,806753.0,125024.0,17646.0
2020-05-21,113737.0,25864.0,21889.0,17735.0,71589.0,774661.0,144710.0,19686.0
2020-05-22,127512.0,29323.0,24649.0,20341.0,83680.0,740225.0,166961.0,22251.0
2020-05-23,141122.0,32811.0,27694.0,23191.0,97131.0,704507.0,191723.0,24762.0
2020-05-24,155156.0,36684.0,31326.0,26125.0,112829.0,664847.0,219188.0,27465.0
2020-05-25,168849.0,40229.0,34710.0,29496.0,131022.0,623576.0,249165.0,29977.0
2020-05-26,180953.0,44246.0,38263.0,32893.0,150497.0,579081.0,282160.0,32995.0
2020-05-27,192417.0,47302.0,41593.0,36307.0,172760.0,535975.0,316583.0,34423.0
2020-05-28,201453.0,50406.0,45237.0,39512.0,197167.0,492984.0,353405.0,36822.0
2020-05-29,208586.0,53221.0,48212.0,42565.0,222757.0,450175.0,391640.0,38235.0
2020-05-30,213118.0,55888.0,51116.0,46114.0,251402.0,408192.0,431586.0,39946.0
2020-05-31,215013.0,57332.0,53615.0,49268.0,282236.0,368697.0,471761.0,40175.0
2020-06-01,214133.0,58082.0,55370.0,51529.0,314836.0,332455.0,512023.0,40262.0
2020-06-02,211069.0,58180.0,56497.0,53326.0,348325.0,298846.0,552398.0,40375.0
2020-06-03,205363.0,57458.0,57079.0,54872.0,382483.0,268601.0,591499.0,39101.0
2020-06-04,197860.0,56226.0,57215.0,55985.0,418065.0,241334.0,629569.0,38070.0
2020-06-05,189076.0,53993.0,56157.0,55896.0,454411.0,216104.0,665966.0,36397.0
2020-06-06,177904.0,52064.0,54781.0,55192.0,490346.0,195651.0,700681.0,34715.0
2020-06-07,166796.0,49761.0,52374.0,54420.0,525181.0,177166.0,733228.0,32547.0
2020-06-08,154546.0,47343.0,50271.0,52729.0,560796.0,161043.0,764187.0,30959.0
2020-06-09,142778.0,44031.0,48169.0,50708.0,592697.0,146858.0,792321.0,28134.0
2020-06-10,131587.0,40831.0,45138.0,48403.0,625373.0,135144.0,818391.0,26070.0
2020-06-11,121013.0,37849.0,41946.0,46370.0,656139.0,124491.0,842141.0,23750.0
2020-06-12,110248.0,34582.0,39167.0,43603.0,684024.0,115950.0,864075.0,21934.0
2020-06-13,100115.0,31791.0,36070.0,40571.0,710649.0,108939.0,884168.0,20093.0
2020-06-14,90087.0,29395.0,33547.0,37519.0,735944.0,102055.0,902591.0,18423.0
2020-06-15,81308.0,26431.0,30771.0,34869.0,759296.0,96403.0,919025.0,16434.0
2020-06-16,72936.0,24017.0,27843.0,32166.0,780826.0,91694.0,933802.0,14777.0
2020-06-17,65718.0,21481.0,25328.0,29220.0,800812.0,87579.0,946812.0,13010.0
2020-06-18,58920.0,19121.0,22712.0,26663.0,817216.0,83832.0,958513.0,11701.0
2020-06-19,52676.0,17127.0,20601.0,24112.0,833476.0,80587.0,969064.0,10551.0
2020-06-20,46927.0,15582.0,18388.0,21692.0,848751.0,77572.0,978541.0,9477.0
2020-06-21,41887.0,13874.0,16455.0,19556.0,860534.0,75697.0,986873.0,8332.0
2020-06-22,37070.0,12447.0,14879.0,17854.0,871944.0,73577.0,994513.0,7640.0
2020-06-23,32911.0,11092.0,13481.0,15964.0,881664.0,71994.0,1001292.0,6779.0
2020-06-24,29061.0,9990.0,11991.0,14544.0,892531.0,70521.0,1007196.0,5904.0
2020-06-25,26008.0,8772.0,10812.0,12941.0,900439.0,69451.0,1012427.0,5231.0
2020-06-26,23118.0,7806.0,9527.0,11518.0,907922.0,67733.0,1017120.0,4693.0
2020-06-27,20259.0,6899.0,8428.0,10452.0,915435.0,66812.0,1021282.0,4162.0
2020-06-28,18050.0,6065.0,7447.0,9285.0,922275.0,65442.0,1024893.0,3611.0
2020-06-29,16183.0,5361.0,6681.0,8213.0,925928.0,64809.0,1028108.0,3215.0
2020-06-30,14126.0,4806.0,6006.0,7204.0,929432.0,63858.0,1031073.0,2965.0
2020-07-01,12580.0,4164.0,5380.0,6403.0,934323.0,63330.0,1033609.0,2536.0
2020-07-02,11004.0,3671.0,4681.0,5742.0,937852.0,63267.0,1035839.0,2230.0
2020-07-03,9687.0,3307.0,4093.0,4951.0,942569.0,62925.0,1037881.0,2042.0
2020-07-04,8634.0,2937.0,3682.0,4442.0,945676.0,62141.0,1039645.0,1764.0
2020-07-05,7685.0,2519.0,3116.0,3922.0,948779.0,62112.0,1041188.0,1543.0
2020-07-06,6780.0,2202.0,2735.0,3441.0,950700.0,61721.0,1042512.0,1324.0
