time,E,I1,I2,I3,R,S,cumI,diffI
2020-03-06,0.0,3.0,0.0,0.0,0.0,970740.0,0.0,0.0
2020-03-07,1.0,0.0,2.0,0.0,0.0,972987.0,0.0,0.0
2020-03-08,1.0,0.0,0.0,2.0,0.0,977939.0,0.0,0.0
2020-03-09,2.0,0.0,0.0,0.0,2.0,985912.0,0.0,0.0
2020-03-10,1.0,0.0,0.0,0.0,2.0,990776.0,0.0,0.0
2020-03-11,0.0,0.0,0.0,0.0,2.0,996022.0,0.0,0.0
2020-03-12,1.0,1.0,0.0,0.0,2.0,998656.0,0.0,0.0
2020-03-13,2.0,1.0,0.0,0.0,1.0,1001482.0,0.0,0.0
2020-03-14,3.0,1.0,1.0,0.0,1.0,1003582.0,1.0,1.0
2020-03-15,2.0,0.0,2.0,0.0,0.0,1005272.0,1.0,0.0
2020-03-16,2.0,0.0,1.0,0.0,0.0,1006170.0,1.0,0.0
2020-03-17,4.0,0.0,0.0,0.0,0.0,1007502.0,1.0,0.0
2020-03-18,4.0,2.0,1.0,0.0,1.0,1009799.0,3.0,2.0
2020-03-19,4.0,1.0,2.0,0.0,1.0,1009887.0,3.0,0.0
2020-03-20,3.0,0.0,1.0,1.0,2.0,1012209.0,4.0,1.0
2020-03-21,1.0,1.0,1.0,0.0,3.0,1012710.0,4.0,0.0
2020-03-22,4.0,2.0,1.0,0.0,1.0,1013363.0,5.0,1.0
2020-03-23,6.0,1.0,2.0,1.0,2.0,1014850.0,5.0,0.0
2020-03-24,8.0,1.0,1.0,2.0,4.0,1014147.0,6.0,1.0
2020-03-25,7.0,3.0,2.0,2.0,7.0,1013600.0,9.0,3.0
2020-03-26,5.0,1.0,2.0,2.0,6.0,1014477.0,10.0,1.0
2020-03-27,6.0,2.0,1.0,2.0,4.0,1014845.0,11.0,1.0
2020-03-28,7.0,1.0,0.0,0.0,2.0,1016252.0,12.0,1.0
2020-03-29,5.0,1.0,1.0,0.0,3.0,1015903.0,13.0,1.0
2020-03-30,7.0,1.0,3.0,0.0,5.0,1015817.0,14.0,1.0
2020-03-31,8.0,1.0,2.0,1.0,3.0,1015558.0,15.0,1.0
2020-04-01,7.0,1.0,2.0,1.0,6.0,1016279.0,17.0,2.0
2020-04-02,11.0,2.0,2.0,1.0,6.0,1016749.0,19.0,2.0
2020-04-03,15.0,3.0,5.0,1.0,8.0,1016786.0,22.0,3.0
2020-04-04,22.0,4.0,4.0,2.0,9.0,1016964.0,25.0,3.0
2020-04-05,24.0,3.0,3.0,6.0,20.0,1017707.0,29.0,4.0
2020-04-06,33.0,5.0,3.0,5.0,23.0,1017428.0,34.0,5.0
2020-04-07,41.0,10.0,5.0,8.0,22.0,1016444.0,44.0,10.0
2020-04-08,44.0,8.0,8.0,8.0,26.0,1015818.0,48.0,4.0
2020-04-09,50.0,8.0,11.0,4.0,29.0,1016325.0,55.0,7.0
2020-04-10,58.0,10.0,10.0,7.0,31.0,1016302.0,67.0,12.0
2020-04-11,79.0,14.0,14.0,10.0,29.0,1017445.0,82.0,15.0
2020-04-12,79.0,14.0,16.0,11.0,38.0,1017135.0,93.0,11.0
2020-04-13,103.0,23.0,16.0,19.0,59.0,1017877.0,112.0,19.0
2020-04-14,125.0,30.0,22.0,12.0,80.0,1016947.0,134.0,22.0
2020-04-15,159.0,39.0,31.0,23.0,88.0,1018036.0,162.0,28.0
2020-04-16,206.0,53.0,44.0,22.0,96.0,1018554.0,203.0,41.0
2020-04-17,248.0,66.0,40.0,31.0,114.0,1020173.0,252.0,49.0
2020-04-18,301.0,76.0,57.0,33.0,132.0,1020135.0,303.0,51.0
2020-04-19,322.0,77.0,70.0,48.0,166.0,1020589.0,362.0,59.0
2020-04-20,415.0,95.0,77.0,62.0,183.0,1018942.0,435.0,73.0
2020-04-21,492.0,88.0,96.0,79.0,229.0,1020434.0,519.0,84.0
2020-04-22,545.0,117.0,83.0,82.0,310.0,1020949.0,615.0,96.0
2020-04-23,660.0,132.0,113.0,91.0,356.0,1019521.0,716.0,101.0
2020-04-24,765.0,134.0,131.0,105.0,413.0,1019909.0,822.0,106.0
2020-04-25,869.0,173.0,170.0,118.0,476.0,1019361.0,974.0,152.0
2020-04-26,1056.0,229.0,177.0,126.0,563.0,1018020.0,1137.0,163.0
2020-04-27,1245.0,258.0,197.0,158.0,650.0,1018510.0,1339.0,202.0
2020-04-28,1482.0,331.0,255.0,186.0,780.0,1018586.0,1597.0,258.0
2020-04-29,1706.0,378.0,296.0,238.0,909.0,1018919.0,1879.0,282.0
2020-04-30,2118.0,436.0,373.0,289.0,1058.0,1018440.0,2216.0,337.0
2020-05-01,2451.0,519.0,422.0,345.0,1192.0,1017707.0,2642.0,426.0
2020-05-02,2953.0,641.0,497.0,402.0,1425.0,1016551.0,3162.0,520.0
2020-05-03,3497.0,792.0,564.0,488.0,1698.0,1015068.0,3771.0,609.0
2020-05-04,4099.0,941.0,709.0,601.0,2021.0,1013732.0,4465.0,694.0
2020-05-05,5016.0,1104.0,871.0,651.0,2391.0,1011423.0,5325.0,860.0
2020-05-06,5910.0,1309.0,987.0,827.0,2882.0,1011689.0,6323.0,998.0
2020-05-07,6864.0,1538.0,1195.0,952.0,3483.0,1008820.0,7557.0,1234.0
2020-05-08,8127.0,1793.0,1409.0,1050.0,4170.0,1006205.0,8941.0,1384.0
2020-05-09,9747.0,2155.0,1673.0,1241.0,4949.0,1004089.0,10577.0,1636.0
2020-05-10,11639.0,2475.0,1983.0,1583.0,5818.0,999634.0,12491.0,1914.0
2020-05-11,13626.0,2879.0,2341.0,1812.0,6944.0,995509.0,14801.0,2310.0
2020-05-12,15926.0,3472.0,2768.0,2175.0,8126.0,992051.0,17509.0,2708.0
2020-05-13,19109.0,4090.0,3205.0,2537.0,9623.0,985616.0,20610.0,3101.0
2020-05-14,22374.0,5017.0,3820.0,3051.0,11510.0,979095.0,24507.0,3897.0
2020-05-15,26831.0,5829.0,4587.0,3630.0,13533.0,971259.0,28917.0,4410.0
2020-05-16,31373.0,6810.0,5451.0,4309.0,15956.0,961458.0,34381.0,5464.0
2020-05-17,36942.0,8122.0,6393.0,5110.0,18839.0,949351.0,40773.0,6392.0
2020-05-18,43239.0,9512.0,7791.0,5981.0,22458.0,935858.0,48124.0,7351.0
2020-05-19,50701.0,11157.0,8881.0,7036.0,26780.0,921504.0,56686.0,8562.0
2020-05-20,58674.0,12997.0,10230.0,8275.0,31629.0,903196.0,66683.0,9997.0
2020-05-21,67485.0,15030.0,11988.0,9735.0,37249.0,882477.0,78298.0,11615.0
2020-05-22,77698.0,17280.0,13900.0,11367.0,44210.0,861521.0,91468.0,13170.0
2020-05-23,88612.0,20049.0,16196.0,13060.0,52091.0,835425.0,106809.0,15341.0
2020-05-24,100449.0,23054.0,18669.0,15137.0,61115.0,805490.0,124305.0,17496.0
2020-05-25,114220.0,26258.0,21940.0,17595.0,71586.0,773521.0,144332.0,20027.0
2020-05-26,128378.0,29674.0,24704.0,20218.0,83908.0,738521.0,166595.0,22263.0
2020-05-27,142196.0,33589.0,27685.0,23079.0,97892.0,700507.0,191851.0,25256.0
2020-05-28,156279.0,36952.0,31374.0,26082.0,113641.0,660685.0,219410.0,27559.0
2020-05-29,169656.0,40675.0,35153.0,29565.0,131740.0,618695.0,249582.0,30172.0
2020-05-30,182230.0,44365.0,38546.0,33124.0,152006.0,574302.0,282059.0,32477.0
2020-05-31,193035.0,47757.0,42358.0,36554.0,174668.0,529440.0,317235.0,35176.0
2020-06-01,201965.0,51023.0,45890.0,39764.0,199557.0,485491.0,354268.0,37033.0
2020-06-02,209119.0,53903.0,49146.0,43792.0,226525.0,443395.0,392966.0,38698.0
2020-06-03,214375.0,55576.0,51645.0,46903.0,256260.0,401689.0,432591.0,39625.0
2020-06-04,215668.0,57269.0,54282.0,49313.0,287953.0,362132.0,472967.0,40376.0
2020-06-05,214666.0,57858.0,55732.0,52161.0,320717.0,325799.0,513138.0,40171.0
2020-06-06,211084.0,58117.0,56797.0,53899.0,355549.0,291220.0,553231.0,40093.0
2020-06-07,204330.0,57348.0,57194.0,55351.0,391559.0,260230.0,592294.0,39063.0
2020-06-08,196163.0,56042.0,56562.0,55907.0,428375.0,232851.0,630023.0,37729.0
2020-06-09,186519.0,54095.0,55871.0,56035.0,465193.0,208334.0,666101.0,36078.0
2020-06-10,175658.0,51700.0,54449.0,55320.0,501507.0,187482.0,700146.0,34045.0
2020-06-11,164355.0,48851.0,52487.0,54467.0,537295.0,169207.0,732062.0,31916.0
2020-06-12,152299.0,46144.0,50004.0,52766.0,572036.0,153727.0,762126.0,30064.0
2020-06-13,140467.0,43217.0,47206.0,50936.0,605417.0,139585.0,790056.0,27930.0
2020-06-14,128252.0,39921.0,44795.0,48281.0,637700.0,127673.0,815580.0,25524.0
2020-06-15,116665.0,36601.0,41927.0,45644.0,667676.0,117562.0,838867.0,23287.0
2020-06-16,105912.0,33093.0,38452.0,42513.0,697180.0,109162.0,859765.0,20898.0
2020-06-17,95371.0,30220.0,35213.0,39401.0,723765.0,101512.0,878798.0,19033.0
2020-06-18,85334.0,27757.0,31980.0,36770.0,749093.0,95269.0,895890.0,17092.0
2020-06-19,76558.0,24889.0,29309.0,33598.0,772298.0,90163.0,911246.0,15356.0
2020-06-20,68480.0,22310.0,26058.0,30811.0,793189.0,85739.0,925026.0,13780.0
2020-06-21,60981.0,19951.0,23696.0,28091.0,812859.0,81600.0,937262.0,12236.0
2020-06-22,54259.0,17891.0,21231.0,25211.0,829948.0,78545.0,948120.0,10858.0
2020-06-23,47941.0,16123.0,19032.0,22671.0,845061.0,75742.0,957972.0,9852.0
2020-06-24,42566.0,14338.0,17015.0,20528.0,859434.0,73281.0,966682.0,8710.0
2020-06-25,37770.0,12582.0,15432.0,18335.0,872334.0,71208.0,974421.0,7739.0
2020-06-26,33675.0,11264.0,13653.0,16547.0,883103.0,69368.0,981351.0,6930.0
2020-06-27,29586.0,9960.0,12151.0,14732.0,893618.0,67667.0,987338.0,5987.0
2020-06-28,26080.0,8809.0,10804.0,13241.0,902948.0,66228.0,992738.0,5400.0
2020-06-29,22907.0,7869.0,9454.0,11620.0,911872.0,65014.0,997531.0,4793.0
2020-06-30,20357.0,6843.0,8457.0,10311.0,918151.0,64075.0,1001642.0,4111.0
2020-07-01,17790.0,5903.0,7438.0,9127.0,925683.0,63012.0,1005270.0,3628.0
2020-07-02,15547.0,5342.0,6586.0,8289.0,930525.0,62289.0,1008467.0,3197.0
2020-07-03,13652.0,4746.0,5818.0,7172.0,934965.0,61492.0,1011362.0,2895.0
2020-07-04,12149.0,4005.0,5109.0,6261.0,938557.0,60739.0,1013718.0,2356.0
2020-07-05,10615.0,3558.0,4453.0,5625.0,942262.0,60105.0,1015895.0,2177.0
2020-07-06,9403.0,3076.0,3795.0,4902.0,946301.0,59570.0,1017814.0,1919.0
