time,E,I1,I2,I3,R,S,cumI,diffI
2020-03-06,0.0,1.0,1.0,0.0,0.0,970640.0,0.0,0.0
2020-03-07,1.0,1.0,1.0,0.0,0.0,972045.0,0.0,0.0
2020-03-08,0.0,0.0,0.0,1.0,0.0,980013.0,1.0,1.0
2020-03-09,1.0,0.0,0.0,1.0,0.0,987591.0,1.0,0.0
2020-03-10,2.0,0.0,0.0,0.0,2.0,992397.0,1.0,0.0
2020-03-11,2.0,0.0,0.0,0.0,2.0,997210.0,1.0,0.0
2020-03-12,2.0,0.0,0.0,0.0,2.0,1000493.0,1.0,0.0
2020-03-13,1.0,1.0,0.0,0.0,2.0,1002925.0,1.0,0.0
2020-03-14,1.0,0.0,0.0,0.0,0.0,1004640.0,1.0,0.0
2020-03-15,3.0,0.0,0.0,0.0,1.0,1006205.0,1.0,0.0
2020-03-16,3.0,0.0,0.0,0.0,1.0,1007779.0,1.0,0.0
2020-03-17,3.0,0.0,1.0,0.0,1.0,1009358.0,1.0,0.0
2020-03-18,3.0,0.0,1.0,0.0,0.0,1011444.0,1.0,0.0
2020-03-19,5.0,1.0,1.0,1.0,1.0,1011846.0,2.0,1.0
2020-03-20,4.0,3.0,1.0,1.0,2.0,1012232.0,4.0,2.0
2020-03-21,8.0,0.0,4.0,2.0,3.0,1011717.0,4.0,0.0
2020-03-22,11.0,1.0,2.0,4.0,4.0,1012383.0,6.0,2.0
2020-03-23,8.0,2.0,1.0,2.0,8.0,1012756.0,8.0,2.0
2020-03-24,14.0,1.0,2.0,2.0,7.0,1012593.0,8.0,0.0
2020-03-25,12.0,1.0,3.0,2.0,9.0,1013649.0,10.0,2.0
2020-03-26,16.0,3.0,4.0,0.0,9.0,1015163.0,12.0,2.0
2020-03-27,12.0,4.0,5.0,0.0,8.0,1015657.0,16.0,4.0
2020-03-28,14.0,5.0,1.0,3.0,8.0,1015254.0,20.0,4.0
2020-03-29,18.0,4.0,2.0,3.0,9.0,1014354.0,24.0,4.0
2020-03-30,17.0,8.0,3.0,3.0,8.0,1013315.0,29.0,5.0
2020-03-31,23.0,5.0,10.0,3.0,12.0,1013872.0,35.0,6.0
2020-04-01,27.0,4.0,7.0,5.0,13.0,1014551.0,42.0,7.0
2020-04-02,33.0,2.0,8.0,4.0,18.0,1014594.0,46.0,4.0
2020-04-03,36.0,9.0,4.0,6.0,19.0,1014233.0,53.0,7.0
2020-04-04,41.0,7.0,5.0,4.0,30.0,1015634.0,59.0,6.0
2020-04-05,48.0,7.0,6.0,6.0,28.0,1017104.0,63.0,4.0
2020-04-06,48.0,7.0,11.0,5.0,22.0,1017007.0,69.0,6.0
2020-04-07,63.0,10.0,15.0,8.0,38.0,1016213.0,82.0,13.0
2020-04-08,79.0,19.0,10.0,11.0,40.0,1017208.0,98.0,16.0
2020-04-09,100.0,23.0,18.0,16.0,57.0,1017159.0,116.0,18.0
2020-04-10,103.0,31.0,17.0,21.0,78.0,1017932.0,140.0,24.0
2020-04-11,133.0,26.0,19.0,20.0,87.0,1018281.0,158.0,18.0
2020-04-12,160.0,34.0,23.0,16.0,100.0,1019459.0,187.0,29.0
2020-04-13,175.0,42.0,23.0,19.0,110.0,1019511.0,216.0,29.0
2020-04-14,219.0,58.0,33.0,23.0,116.0,1019633.0,259.0,43.0
2020-04-15,259.0,66.0,43.0,29.0,139.0,1019363.0,309.0,50.0
2020-04-16,316.0,82.0,41.0,42.0,173.0,1018715.0,370.0,61.0
2020-04-17,411.0,98.0,62.0,49.0,182.0,1018269.0,446.0,76.0
2020-04-18,503.0,111.0,94.0,66.0,225.0,1019379.0,535.0,89.0
2020-04-19,609.0,107.0,127.0,72.0,279.0,1019871.0,615.0,80.0
2020-04-20,688.0,136.0,121.0,95.0,342.0,1019899.0,724.0,109.0
2020-04-21,777.0,188.0,158.0,90.0,402.0,1020061.0,886.0,162.0
2020-04-22,967.0,203.0,176.0,131.0,479.0,1020837.0,1042.0,156.0
2020-04-23,1202.0,238.0,196.0,142.0,569.0,1021171.0,1225.0,183.0
2020-04-24,1368.0,278.0,237.0,188.0,681.0,1020612.0,1459.0,234.0
2020-04-25,1556.0,325.0,259.0,202.0,802.0,1018766.0,1728.0,269.0
2020-04-26,1875.0,459.0,284.0,241.0,929.0,1018081.0,2068.0,340.0
2020-04-27,2209.0,486.0,391.0,274.0,1145.0,1018147.0,2433.0,365.0
2020-04-28,2739.0,550.0,438.0,373.0,1323.0,1017157.0,2856.0,423.0
2020-04-29,3177.0,668.0,513.0,406.0,1618.0,1016425.0,3389.0,533.0
2020-04-30,3704.0,835.0,619.0,469.0,1923.0,1015940.0,4033.0,644.0
2020-05-01,4435.0,905.0,762.0,607.0,2265.0,1014811.0,4760.0,727.0
2020-05-02,5322.0,1136.0,870.0,742.0,2658.0,1014079.0,5633.0,873.0
2020-05-03,6367.0,1408.0,1107.0,848.0,3190.0,1010307.0,6777.0,1144.0
2020-05-04,7620.0,1623.0,1260.0,1035.0,3758.0,1008191.0,8016.0,1239.0
2020-05-05,8961.0,1944.0,1580.0,1193.0,4402.0,1006538.0,9548.0,1532.0
2020-05-06,10567.0,2283.0,1780.0,1467.0,5187.0,1002799.0,11303.0,1755.0
2020-05-07,12653.0,2619.0,2151.0,1683.0,6118.0,999272.0,13321.0,2018.0
2020-05-08,14957.0,3258.0,2470.0,1948.0,7368.0,994260.0,15898.0,2577.0
2020-05-09,17761.0,3814.0,2989.0,2369.0,8803.0,988797.0,18807.0,2909.0
2020-05-10,21095.0,4606.0,3577.0,2830.0,10546.0,982503.0,22379.0,3572.0
2020-05-11,24821.0,5334.0,4269.0,3375.0,12538.0,975472.0,26590.0,4211.0
2020-05-12,29116.0,6266.0,5001.0,3953.0,14807.0,966861.0,31536.0,4946.0
2020-05-13,33883.0,7557.0,5802.0,4704.0,17437.0,956774.0,37377.0,5841.0
2020-05-14,39647.0,8745.0,6778.0,5658.0,20959.0,943786.0,44133.0,6756.0
2020-05-15,46409.0,10201.0,8004.0,6412.0,24670.0,929082.0,52046.0,7913.0
2020-05-16,54099.0,11953.0,9574.0,7642.0,29055.0,913098.0,61286.0,9240.0
2020-05-17,62542.0,13824.0,11176.0,8881.0,34535.0,894195.0,71949.0,10663.0
2020-05-18,72313.0,15910.0,12985.0,10449.0,40567.0,874105.0,84232.0,12283.0
2020-05-19,83418.0,18682.0,15057.0,12279.0,47764.0,849511.0,98638.0,14406.0
2020-05-20,95328.0,21360.0,17644.0,14174.0,56377.0,822177.0,114941.0,16303.0
2020-05-21,107812.0,24122.0,20082.0,16515.0,65867.0,791500.0,133406.0,18465.0
2020-05-22,120830.0,27719.0,22795.0,18901.0,76964.0,758366.0,154404.0,20998.0
2020-05-23,134550.0,31451.0,25974.0,21586.0,90160.0,720688.0,178234.0,23830.0
2020-05-24,148657.0,34734.0,29349.0,24473.0,105114.0,682728.0,204348.0,26114.0
2020-05-25,161978.0,38521.0,32832.0,27599.0,122011.0,641865.0,233237.0,28889.0
2020-05-26,175168.0,42116.0,36472.0,30865.0,141139.0,598380.0,264565.0,31328.0
2020-05-27,187165.0,45855.0,40061.0,34570.0,162503.0,554835.0,298295.0,33730.0
2020-05-28,197612.0,49052.0,43822.0,38078.0,185860.0,511427.0,334006.0,35711.0
2020-05-29,206027.0,51997.0,46900.0,41667.0,211684.0,467093.0,371637.0,37631.0
2020-05-30,211814.0,54506.0,49981.0,44845.0,240586.0,424868.0,410634.0,38997.0
2020-05-31,214673.0,56239.0,52694.0,48122.0,270136.0,384881.0,450439.0,39805.0
2020-06-01,214776.0,57372.0,54446.0,50659.0,302893.0,346998.0,490925.0,40486.0
2020-06-02,212472.0,57902.0,55687.0,53110.0,335771.0,311882.0,531141.0,40216.0
2020-06-03,208236.0,57682.0,57139.0,54540.0,370579.0,279011.0,570942.0,39801.0
2020-06-04,201946.0,56998.0,57092.0,55836.0,405980.0,249582.0,609824.0,38882.0
2020-06-05,192977.0,55129.0,56726.0,56258.0,443735.0,223444.0,646731.0,36907.0
2020-06-06,182226.0,52962.0,55276.0,56434.0,479064.0,200401.0,681927.0,35196.0
2020-06-07,171425.0,50583.0,53578.0,55387.0,516284.0,180717.0,715286.0,33359.0
2020-06-08,158790.0,47968.0,51249.0,53729.0,552446.0,163642.0,746646.0,31360.0
2020-06-09,147227.0,44691.0,49161.0,51837.0,586213.0,149076.0,775607.0,28961.0
2020-06-10,135211.0,41812.0,46056.0,49708.0,619135.0,136322.0,802313.0,26706.0
2020-06-11,123011.0,38544.0,43298.0,46794.0,650365.0,125599.0,826811.0,24498.0
2020-06-12,111852.0,35070.0,39791.0,44218.0,679550.0,115986.0,849261.0,22450.0
2020-06-13,101117.0,32211.0,37039.0,41682.0,706599.0,108084.0,869816.0,20555.0
2020-06-14,91049.0,29081.0,34062.0,38236.0,732834.0,100610.0,888003.0,18187.0
2020-06-15,82486.0,26190.0,30880.0,35260.0,756422.0,94991.0,904501.0,16498.0
2020-06-16,74054.0,23783.0,28205.0,32249.0,778662.0,89531.0,919355.0,14854.0
2020-06-17,65792.0,21909.0,25453.0,29568.0,797735.0,85643.0,932849.0,13494.0
2020-06-18,58658.0,19526.0,23169.0,27072.0,816427.0,81576.0,944884.0,12035.0
2020-06-19,52257.0,17483.0,20778.0,24818.0,833798.0,78282.0,955680.0,10796.0
2020-06-20,46586.0,15667.0,18789.0,22241.0,849045.0,75473.0,965197.0,9517.0
2020-06-21,41337.0,13599.0,16565.0,20159.0,862371.0,73136.0,973514.0,8317.0
2020-06-22,36759.0,12159.0,14929.0,17729.0,874698.0,71239.0,981033.0,7519.0
2020-06-23,32597.0,10893.0,13207.0,15857.0,885413.0,69443.0,987573.0,6540.0
2020-06-24,28869.0,9686.0,11681.0,14209.0,896011.0,67853.0,993488.0,5915.0
2020-06-25,25649.0,8637.0,10253.0,12972.0,905281.0,66438.0,998747.0,5259.0
2020-06-26,22686.0,7511.0,9138.0,11362.0,912479.0,64981.0,1003306.0,4559.0
2020-06-27,20015.0,6731.0,8108.0,10006.0,918788.0,63976.0,1007347.0,4041.0
2020-06-28,17453.0,6039.0,7243.0,8729.0,925952.0,63307.0,1010918.0,3571.0
2020-06-29,15354.0,5268.0,6475.0,7781.0,931699.0,62773.0,1014095.0,3177.0
2020-06-30,13638.0,4498.0,5779.0,6963.0,936047.0,62142.0,1016767.0,2672.0
2020-07-01,12038.0,4072.0,5069.0,6145.0,939644.0,61603.0,1019234.0,2467.0
2020-07-02,10477.0,3564.0,4473.0,5542.0,943740.0,61007.0,1021437.0,2203.0
2020-07-03,9187.0,3181.0,4013.0,4939.0,946831.0,60552.0,1023349.0,1912.0
2020-07-04,8096.0,2796.0,3517.0,4333.0,949405.0,60103.0,1024983.0,1634.0
2020-07-05,7031.0,2395.0,3084.0,3838.0,952647.0,59877.0,1026452.0,1469.0
2020-07-06,6260.0,2155.0,2653.0,3339.0,955678.0,59543.0,1027721.0,1269.0
