time,E,I1,I2,I3,R,S,cumI,diffI
2020-03-06,1.0,2.0,1.0,0.0,0.0,970467.0,0.0,0.0
2020-03-07,2.0,2.0,0.0,1.0,0.0,972413.0,0.0,0.0
2020-03-08,5.0,2.0,0.0,0.0,0.0,978735.0,0.0,0.0
2020-03-09,2.0,1.0,1.0,0.0,0.0,985608.0,0.0,0.0
2020-03-10,4.0,0.0,1.0,0.0,0.0,990916.0,0.0,0.0
2020-03-11,1.0,1.0,1.0,0.0,0.0,996668.0,1.0,1.0
2020-03-12,2.0,1.0,0.0,1.0,1.0,999842.0,1.0,0.0
2020-03-13,0.0,0.0,1.0,0.0,0.0,1002119.0,2.0,1.0
2020-03-14,0.0,0.0,1.0,0.0,0.0,1003535.0,2.0,0.0
2020-03-15,1.0,0.0,0.0,0.0,0.0,1006574.0,2.0,0.0
2020-03-16,1.0,0.0,0.0,0.0,0.0,1009199.0,2.0,0.0
2020-03-17,0.0,0.0,0.0,0.0,0.0,1008811.0,2.0,0.0
2020-03-18,3.0,0.0,1.0,0.0,0.0,1009259.0,2.0,0.0
2020-03-19,2.0,0.0,1.0,2.0,0.0,1009737.0,3.0,1.0
2020-03-20,2.0,0.0,1.0,0.0,2.0,1010875.0,3.0,0.0
2020-03-21,4.0,0.0,0.0,1.0,2.0,1012395.0,3.0,0.0
2020-03-22,4.0,2.0,0.0,3.0,3.0,1012471.0,4.0,1.0
2020-03-23,8.0,1.0,1.0,0.0,7.0,1012966.0,4.0,0.0
2020-03-24,9.0,2.0,2.0,0.0,6.0,1013384.0,6.0,2.0
2020-03-25,9.0,0.0,2.0,0.0,4.0,1014617.0,6.0,0.0
2020-03-26,4.0,1.0,6.0,1.0,5.0,1015959.0,10.0,4.0
2020-03-27,5.0,4.0,1.0,2.0,5.0,1015358.0,12.0,2.0
2020-03-28,12.0,2.0,4.0,2.0,6.0,1015524.0,14.0,2.0
2020-03-29,22.0,3.0,3.0,5.0,7.0,1015688.0,16.0,2.0
2020-03-30,25.0,4.0,3.0,2.0,11.0,1016595.0,21.0,5.0
2020-03-31,29.0,8.0,5.0,0.0,14.0,1015789.0,26.0,5.0
2020-04-01,36.0,6.0,9.0,4.0,15.0,1015007.0,33.0,7.0
2020-04-02,44.0,8.0,10.0,3.0,17.0,1015478.0,40.0,7.0
2020-04-03,49.0,12.0,12.0,6.0,19.0,1015855.0,52.0,12.0
2020-04-04,59.0,17.0,10.0,10.0,19.0,1016389.0,63.0,11.0
2020-04-05,76.0,14.0,20.0,9.0,31.0,1017555.0,78.0,15.0
2020-04-06,80.0,16.0,16.0,10.0,47.0,1018032.0,91.0,13.0
2020-04-07,87.0,22.0,14.0,11.0,54.0,1017409.0,109.0,18.0
2020-04-08,94.0,21.0,17.0,9.0,57.0,1016698.0,124.0,15.0
2020-04-09,124.0,26.0,22.0,15.0,63.0,1017270.0,144.0,20.0
2020-04-10,153.0,35.0,22.0,18.0,75.0,1018354.0,172.0,28.0
2020-04-11,175.0,49.0,28.0,21.0,80.0,1018474.0,207.0,35.0
2020-04-12,221.0,57.0,36.0,23.0,98.0,1018122.0,242.0,35.0
2020-04-13,239.0,59.0,45.0,27.0,133.0,1017639.0,285.0,43.0
2020-04-14,282.0,52.0,59.0,37.0,148.0,1018043.0,329.0,44.0
2020-04-15,298.0,77.0,66.0,42.0,183.0,1018249.0,396.0,67.0
2020-04-16,388.0,75.0,63.0,73.0,203.0,1017974.0,445.0,49.0
2020-04-17,455.0,93.0,78.0,65.0,230.0,1018390.0,518.0,73.0
2020-04-18,545.0,128.0,75.0,81.0,265.0,1018941.0,614.0,96.0
2020-04-19,656.0,154.0,110.0,103.0,303.0,1018363.0,732.0,118.0
2020-04-20,818.0,157.0,156.0,108.0,357.0,1018713.0,859.0,127.0
2020-04-21,956.0,203.0,168.0,141.0,446.0,1018277.0,1028.0,169.0
2020-04-22,1127.0,259.0,180.0,144.0,543.0,1017470.0,1232.0,204.0
2020-04-23,1328.0,293.0,220.0,176.0,644.0,1018740.0,1446.0,214.0
2020-04-24,1501.0,344.0,262.0,203.0,730.0,1017670.0,1718.0,272.0
2020-04-25,1856.0,425.0,301.0,239.0,891.0,1016385.0,2041.0,323.0
2020-04-26,2160.0,458.0,371.0,283.0,1057.0,1015963.0,2386.0,345.0
2020-04-27,2578.0,557.0,424.0,374.0,1238.0,1016159.0,2806.0,420.0
2020-04-28,3131.0,643.0,502.0,399.0,1495.0,1014816.0,3297.0,491.0
2020-04-29,3639.0,798.0,612.0,487.0,1770.0,1014483.0,3935.0,638.0
2020-04-30,4345.0,945.0,732.0,577.0,2057.0,1012441.0,4639.0,704.0
2020-05-01,5093.0,1087.0,929.0,676.0,2452.0,1011512.0,5507.0,868.0
2020-05-02,5917.0,1291.0,1103.0,813.0,2923.0,1010688.0,6541.0,1034.0
2020-05-03,7147.0,1519.0,1205.0,954.0,3481.0,1008357.0,7701.0,1160.0
2020-05-04,8336.0,1853.0,1367.0,1085.0,4099.0,1005311.0,9098.0,1397.0
2020-05-05,9655.0,2245.0,1575.0,1308.0,4874.0,1002531.0,10799.0,1701.0
2020-05-06,11751.0,2493.0,1967.0,1550.0,5782.0,998554.0,12665.0,1866.0
2020-05-07,13649.0,3024.0,2311.0,1795.0,6868.0,993235.0,15022.0,2357.0
2020-05-08,16141.0,3562.0,2772.0,2214.0,8145.0,987798.0,17832.0,2810.0
2020-05-09,19110.0,4242.0,3279.0,2618.0,9736.0,983703.0,21163.0,3331.0
2020-05-10,22637.0,4969.0,3905.0,3116.0,11584.0,977336.0,24986.0,3823.0
2020-05-11,26835.0,5851.0,4588.0,3607.0,13732.0,969433.0,29470.0,4484.0
2020-05-12,31229.0,6860.0,5367.0,4232.0,16281.0,960006.0,34862.0,5392.0
2020-05-13,36579.0,7902.0,6369.0,4984.0,19208.0,948530.0,40989.0,6127.0
2020-05-14,42481.0,9400.0,7301.0,6008.0,22804.0,937096.0,48180.0,7191.0
2020-05-15,49587.0,10874.0,8831.0,6943.0,26972.0,922547.0,56701.0,8521.0
2020-05-16,58219.0,12784.0,10035.0,8146.0,31633.0,906024.0,66544.0,9843.0
2020-05-17,66693.0,14858.0,11915.0,9566.0,37060.0,886183.0,77999.0,11455.0
2020-05-18,76906.0,17248.0,13814.0,11091.0,43687.0,862604.0,91234.0,13235.0
2020-05-19,88109.0,19812.0,15946.0,13087.0,51158.0,837480.0,106302.0,15068.0
2020-05-20,99677.0,22658.0,18437.0,14967.0,60035.0,809449.0,123744.0,17442.0
2020-05-21,112705.0,25604.0,21274.0,17092.0,70223.0,776912.0,143279.0,19535.0
2020-05-22,125800.0,28750.0,24158.0,19752.0,82276.0,743671.0,165251.0,21972.0
2020-05-23,139010.0,32308.0,27315.0,22896.0,95819.0,707584.0,189630.0,24379.0
2020-05-24,153144.0,36133.0,30629.0,25619.0,111080.0,668634.0,216605.0,26975.0
2020-05-25,166021.0,40171.0,33701.0,29024.0,128057.0,626868.0,246288.0,29683.0
2020-05-26,179250.0,43372.0,37532.0,32127.0,147408.0,584706.0,278229.0,31941.0
2020-05-27,190381.0,46608.0,40965.0,35437.0,169270.0,541603.0,312577.0,34348.0
2020-05-28,200027.0,49757.0,44336.0,39264.0,193000.0,498373.0,348917.0,36340.0
2020-05-29,207730.0,52994.0,47812.0,42592.0,219244.0,454537.0,387071.0,38154.0
2020-05-30,212389.0,55160.0,50537.0,45907.0,247800.0,413059.0,426516.0,39445.0
2020-05-31,214495.0,56511.0,53153.0,48770.0,277489.0,374068.0,466338.0,39822.0
2020-06-01,214094.0,57521.0,54484.0,51118.0,309724.0,337824.0,506870.0,40532.0
2020-06-02,211291.0,57419.0,55997.0,52914.0,342804.0,303344.0,546389.0,39519.0
2020-06-03,205914.0,57089.0,56626.0,54511.0,377647.0,272441.0,585467.0,39078.0
2020-06-04,198190.0,56143.0,56418.0,55878.0,412505.0,245722.0,623544.0,38077.0
2020-06-05,189421.0,54401.0,56139.0,55841.0,449476.0,221008.0,660251.0,36707.0
2020-06-06,179738.0,52854.0,54337.0,55653.0,485357.0,198993.0,695329.0,35078.0
2020-06-07,168921.0,49944.0,52659.0,54254.0,519695.0,179665.0,728308.0,32979.0
2020-06-08,157157.0,47290.0,50750.0,53337.0,554567.0,163561.0,759171.0,30863.0
2020-06-09,144976.0,44393.0,48218.0,51112.0,586945.0,149954.0,787905.0,28734.0
2020-06-10,133376.0,41120.0,45466.0,49109.0,619696.0,137799.0,814256.0,26351.0
2020-06-11,122086.0,37912.0,42768.0,46294.0,650304.0,127044.0,838435.0,24179.0
2020-06-12,111650.0,34976.0,39540.0,43904.0,679366.0,118377.0,860726.0,22291.0
2020-06-13,101350.0,32070.0,36548.0,41226.0,706221.0,110536.0,880891.0,20165.0
2020-06-14,91477.0,29145.0,33587.0,38330.0,731664.0,103524.0,899401.0,18510.0
2020-06-15,82409.0,26779.0,30590.0,35147.0,755011.0,97659.0,915943.0,16542.0
2020-06-16,74105.0,24021.0,28083.0,32219.0,775594.0,92749.0,930609.0,14666.0
2020-06-17,66322.0,21854.0,25247.0,29674.0,795034.0,88318.0,944079.0,13470.0
2020-06-18,59350.0,19732.0,22939.0,26789.0,812921.0,84832.0,956111.0,12032.0
2020-06-19,53458.0,17615.0,21051.0,24573.0,829564.0,81660.0,966745.0,10634.0
2020-06-20,47891.0,15755.0,18664.0,22278.0,844443.0,78310.0,976265.0,9520.0
2020-06-21,42608.0,14174.0,17023.0,20043.0,858764.0,76157.0,984874.0,8609.0
2020-06-22,37991.0,12743.0,15038.0,18052.0,870385.0,73866.0,992572.0,7698.0
2020-06-23,33777.0,11185.0,13871.0,16022.0,880217.0,71836.0,999382.0,6810.0
2020-06-24,29822.0,9968.0,12383.0,14715.0,889102.0,70784.0,1005541.0,6159.0
2020-06-25,26558.0,9048.0,10843.0,13208.0,897428.0,69223.0,1011007.0,5466.0
2020-06-26,23515.0,8050.0,9767.0,11843.0,906478.0,67968.0,1015746.0,4739.0
2020-06-27,20905.0,7178.0,8601.0,10510.0,912929.0,66744.0,1019950.0,4204.0
2020-06-28,18505.0,6308.0,7672.0,9413.0,918129.0,65853.0,1023774.0,3824.0
2020-06-29,16277.0,5624.0,6793.0,8601.0,924920.0,64692.0,1027134.0,3360.0
2020-06-30,14467.0,4866.0,6022.0,7492.0,929963.0,64135.0,1030143.0,3009.0
2020-07-01,12888.0,4296.0,5338.0,6586.0,936059.0,63791.0,1032677.0,2534.0
2020-07-02,11464.0,3943.0,4649.0,5805.0,939192.0,63429.0,1035033.0,2356.0
2020-07-03,10102.0,3479.0,4159.0,5249.0,942264.0,63069.0,1037147.0,2114.0
2020-07-04,8950.0,3128.0,3715.0,4542.0,944410.0,62558.0,1038982.0,1835.0
2020-07-05,8005.0,2674.0,3245.0,4054.0,947498.0,62180.0,1040534.0,1552.0
2020-07-06,7127.0,2353.0,2994.0,3590.0,950419.0,61981.0,1041930.0,1396.0
