time,E,I1,I2,I3,R,S,cumI,diffI
2020-03-06,0.0,2.0,0.0,0.0,0.0,970004.0,0.0,0.0
2020-03-07,0.0,1.0,1.0,0.0,0.0,972341.0,0.0,0.0
2020-03-08,3.0,1.0,0.0,0.0,0.0,979001.0,0.0,0.0
2020-03-09,3.0,0.0,1.0,0.0,0.0,986030.0,0.0,0.0
2020-03-10,2.0,0.0,0.0,0.0,1.0,991325.0,0.0,0.0
2020-03-11,0.0,2.0,0.0,0.0,0.0,997296.0,2.0,2.0
2020-03-12,0.0,1.0,1.0,0.0,0.0,1000592.0,2.0,0.0
2020-03-13,1.0,0.0,0.0,1.0,1.0,1003025.0,2.0,0.0
2020-03-14,1.0,0.0,0.0,1.0,1.0,1004744.0,2.0,0.0
2020-03-15,1.0,0.0,0.0,1.0,3.0,1007595.0,2.0,0.0
2020-03-16,3.0,0.0,1.0,1.0,2.0,1008519.0,2.0,0.0
2020-03-17,5.0,2.0,1.0,1.0,0.0,1009894.0,3.0,1.0
2020-03-18,8.0,3.0,1.0,0.0,4.0,1011188.0,5.0,2.0
2020-03-19,10.0,2.0,0.0,1.0,5.0,1011812.0,6.0,1.0
2020-03-20,12.0,1.0,2.0,1.0,3.0,1011943.0,7.0,1.0
2020-03-21,14.0,2.0,1.0,0.0,5.0,1011800.0,8.0,1.0
2020-03-22,9.0,5.0,2.0,1.0,5.0,1012495.0,12.0,4.0
2020-03-23,11.0,4.0,4.0,0.0,3.0,1012286.0,14.0,2.0
2020-03-24,10.0,1.0,4.0,1.0,3.0,1012745.0,14.0,0.0
2020-03-25,9.0,0.0,3.0,1.0,6.0,1012966.0,14.0,0.0
2020-03-26,9.0,2.0,0.0,2.0,5.0,1014203.0,15.0,1.0
2020-03-27,7.0,3.0,1.0,3.0,8.0,1014366.0,17.0,2.0
2020-03-28,6.0,1.0,3.0,1.0,8.0,1014092.0,17.0,0.0
2020-03-29,10.0,1.0,3.0,2.0,7.0,1014188.0,19.0,2.0
2020-03-30,15.0,2.0,3.0,2.0,6.0,1014892.0,22.0,3.0
2020-03-31,13.0,4.0,3.0,5.0,3.0,1014969.0,25.0,3.0
2020-04-01,24.0,7.0,1.0,3.0,8.0,1013785.0,29.0,4.0
2020-04-02,34.0,10.0,2.0,4.0,11.0,1013385.0,33.0,4.0
2020-04-03,38.0,9.0,6.0,2.0,14.0,1014194.0,36.0,3.0
2020-04-04,50.0,17.0,6.0,6.0,19.0,1015485.0,47.0,11.0
2020-04-05,58.0,16.0,11.0,6.0,19.0,1015594.0,60.0,13.0
2020-04-06,64.0,15.0,14.0,8.0,30.0,1015211.0,75.0,15.0
2020-04-07,82.0,16.0,16.0,11.0,34.0,1016647.0,86.0,11.0
2020-04-08,106.0,20.0,13.0,20.0,44.0,1016830.0,99.0,13.0
2020-04-09,109.0,20.0,18.0,15.0,52.0,1018326.0,120.0,21.0
2020-04-10,123.0,25.0,23.0,14.0,68.0,1017110.0,139.0,19.0
2020-04-11,147.0,36.0,29.0,23.0,69.0,1017598.0,169.0,30.0
2020-04-12,180.0,48.0,28.0,22.0,90.0,1018331.0,198.0,29.0
2020-04-13,211.0,48.0,37.0,28.0,95.0,1017705.0,232.0,34.0
2020-04-14,259.0,52.0,53.0,40.0,108.0,1017216.0,282.0,50.0
2020-04-15,323.0,64.0,50.0,45.0,144.0,1018116.0,333.0,51.0
2020-04-16,374.0,69.0,60.0,47.0,169.0,1019378.0,393.0,60.0
2020-04-17,436.0,80.0,76.0,50.0,215.0,1019719.0,469.0,76.0
2020-04-18,503.0,123.0,81.0,70.0,239.0,1019155.0,577.0,108.0
2020-04-19,606.0,149.0,106.0,84.0,272.0,1019529.0,701.0,124.0
2020-04-20,739.0,154.0,138.0,113.0,316.0,1019053.0,818.0,117.0
2020-04-21,888.0,175.0,148.0,120.0,365.0,1018773.0,971.0,153.0
2020-04-22,1021.0,225.0,171.0,135.0,439.0,1017526.0,1158.0,187.0
2020-04-23,1166.0,249.0,207.0,163.0,526.0,1016791.0,1350.0,192.0
2020-04-24,1372.0,319.0,214.0,178.0,624.0,1017226.0,1579.0,229.0
2020-04-25,1648.0,345.0,273.0,240.0,768.0,1016900.0,1847.0,268.0
2020-04-26,1970.0,376.0,320.0,281.0,941.0,1017342.0,2164.0,317.0
2020-04-27,2360.0,477.0,412.0,331.0,1121.0,1017497.0,2582.0,418.0
2020-04-28,2798.0,586.0,468.0,394.0,1351.0,1016443.0,3054.0,472.0
2020-04-29,3358.0,721.0,539.0,433.0,1622.0,1015834.0,3622.0,568.0
2020-04-30,4016.0,821.0,662.0,496.0,1902.0,1012936.0,4299.0,677.0
2020-05-01,4717.0,1014.0,719.0,591.0,2233.0,1011153.0,5101.0,802.0
2020-05-02,5354.0,1187.0,919.0,680.0,2631.0,1009820.0,6068.0,967.0
2020-05-03,6268.0,1397.0,1075.0,881.0,3109.0,1007737.0,7149.0,1081.0
2020-05-04,7548.0,1611.0,1270.0,1008.0,3620.0,1006835.0,8396.0,1247.0
2020-05-05,9087.0,1943.0,1536.0,1194.0,4369.0,1003162.0,9906.0,1510.0
2020-05-06,10683.0,2268.0,1810.0,1401.0,5183.0,999905.0,11691.0,1785.0
2020-05-07,12580.0,2738.0,2061.0,1627.0,6218.0,996990.0,13856.0,2165.0
2020-05-08,14689.0,3156.0,2470.0,1894.0,7304.0,992753.0,16318.0,2462.0
2020-05-09,17286.0,3762.0,2942.0,2292.0,8698.0,987120.0,19246.0,2928.0
2020-05-10,20375.0,4510.0,3475.0,2746.0,10340.0,981647.0,22679.0,3433.0
2020-05-11,24079.0,5239.0,4070.0,3274.0,12314.0,975059.0,26745.0,4066.0
2020-05-12,28326.0,6100.0,4775.0,3796.0,14671.0,966253.0,31546.0,4801.0
2020-05-13,32931.0,7298.0,5741.0,4453.0,17302.0,956295.0,37346.0,5800.0
2020-05-14,38495.0,8601.0,6781.0,5412.0,20359.0,942806.0,43961.0,6615.0
2020-05-15,45261.0,10064.0,7875.0,6349.0,23967.0,929674.0,51616.0,7655.0
2020-05-16,53132.0,11781.0,9282.0,7350.0,28357.0,912782.0,60569.0,8953.0
2020-05-17,61223.0,13497.0,10857.0,8674.0,33391.0,894382.0,71004.0,10435.0
2020-05-18,70326.0,15684.0,12663.0,9959.0,39517.0,875718.0,83045.0,12041.0
2020-05-19,80654.0,18057.0,14675.0,11706.0,46649.0,852016.0,96915.0,13870.0
2020-05-20,91769.0,20889.0,16869.0,13502.0,54822.0,824780.0,112949.0,16034.0
2020-05-21,104264.0,23771.0,19463.0,15565.0,64150.0,795865.0,131062.0,18113.0
2020-05-22,116693.0,26748.0,22238.0,18119.0,74866.0,765328.0,151507.0,20445.0
2020-05-23,130577.0,30199.0,25372.0,20784.0,87392.0,729463.0,174423.0,22916.0
2020-05-24,144596.0,33621.0,28638.0,23672.0,101802.0,691707.0,199776.0,25353.0
2020-05-25,158182.0,37749.0,31726.0,26870.0,117672.0,652086.0,227935.0,28159.0
2020-05-26,171210.0,41088.0,35616.0,30137.0,135979.0,610483.0,258478.0,30543.0
2020-05-27,183779.0,44768.0,38884.0,33638.0,156170.0,566981.0,291390.0,32912.0
2020-05-28,194971.0,48435.0,42438.0,37002.0,178640.0,522622.0,326666.0,35276.0
2020-05-29,203811.0,50917.0,46016.0,40847.0,203192.0,480301.0,363606.0,36940.0
2020-05-30,209922.0,53792.0,49105.0,44309.0,230483.0,438963.0,402313.0,38707.0
2020-05-31,213908.0,56138.0,51775.0,47184.0,259503.0,397190.0,442250.0,39937.0
2020-06-01,215780.0,57579.0,53810.0,49638.0,290904.0,359118.0,482519.0,40269.0
2020-06-02,213919.0,57728.0,55170.0,52417.0,323778.0,322771.0,522785.0,40266.0
2020-06-03,210314.0,57675.0,56697.0,53573.0,358042.0,289790.0,562681.0,39896.0
2020-06-04,203866.0,57062.0,56762.0,54808.0,392493.0,260412.0,601416.0,38735.0
2020-06-05,195215.0,55760.0,56068.0,55625.0,427817.0,233719.0,638652.0,37236.0
2020-06-06,185153.0,54350.0,55363.0,55811.0,463778.0,211288.0,675076.0,36424.0
2020-06-07,174673.0,51596.0,53753.0,54924.0,499828.0,190702.0,709055.0,33979.0
2020-06-08,163001.0,48780.0,52239.0,53866.0,534301.0,172472.0,741048.0,31993.0
2020-06-09,151219.0,45884.0,49797.0,52212.0,568709.0,157062.0,770864.0,29816.0
2020-06-10,139626.0,42931.0,47191.0,50131.0,601708.0,144166.0,798511.0,27647.0
2020-06-11,128445.0,40092.0,44072.0,47808.0,633478.0,132681.0,824203.0,25692.0
2020-06-12,117044.0,37009.0,41552.0,45320.0,662761.0,123077.0,847757.0,23554.0
2020-06-13,106734.0,33460.0,38583.0,42670.0,691004.0,114498.0,868801.0,21044.0
2020-06-14,96746.0,30950.0,35457.0,39659.0,718987.0,106707.0,888173.0,19372.0
2020-06-15,87575.0,28243.0,32665.0,36997.0,742146.0,100419.0,905703.0,17530.0
2020-06-16,78712.0,25358.0,29868.0,34046.0,764112.0,95238.0,921524.0,15821.0
2020-06-17,70778.0,23329.0,26849.0,31104.0,784937.0,90749.0,935757.0,14233.0
2020-06-18,63729.0,20751.0,24507.0,28422.0,804510.0,86537.0,948297.0,12540.0
2020-06-19,56938.0,18519.0,22195.0,25929.0,822348.0,83257.0,959616.0,11319.0
2020-06-20,50928.0,16673.0,19837.0,23482.0,837211.0,80320.0,969764.0,10148.0
2020-06-21,45418.0,14903.0,17827.0,21197.0,851044.0,77085.0,978772.0,9008.0
2020-06-22,40391.0,13300.0,15956.0,18959.0,863135.0,75334.0,986870.0,8098.0
2020-06-23,35690.0,11872.0,14446.0,17245.0,874691.0,73578.0,994074.0,7204.0
2020-06-24,31716.0,10600.0,12691.0,15473.0,885456.0,71828.0,1000376.0,6302.0
2020-06-25,28471.0,9545.0,11435.0,13874.0,893650.0,70353.0,1006028.0,5652.0
2020-06-26,24952.0,8483.0,10362.0,12419.0,902194.0,69149.0,1011142.0,5114.0
2020-06-27,22279.0,7586.0,9225.0,11078.0,909650.0,67859.0,1015665.0,4523.0
2020-06-28,19790.0,6660.0,8263.0,9952.0,916455.0,66845.0,1019659.0,3994.0
2020-06-29,17660.0,5878.0,7367.0,8875.0,922391.0,65700.0,1023143.0,3484.0
2020-06-30,15703.0,5369.0,6457.0,8013.0,927206.0,65040.0,1026369.0,3226.0
2020-07-01,13823.0,4770.0,5764.0,7084.0,933889.0,64439.0,1029269.0,2900.0
2020-07-02,12161.0,4118.0,5103.0,6292.0,937464.0,63594.0,1031716.0,2447.0
2020-07-03,10735.0,3695.0,4563.0,5551.0,940381.0,63250.0,1033923.0,2207.0
2020-07-04,9426.0,3302.0,3990.0,4884.0,943640.0,62730.0,1035860.0,1937.0
2020-07-05,8399.0,2953.0,3507.0,4253.0,945673.0,62628.0,1037599.0,1739.0
2020-07-06,7430.0,2528.0,3118.0,3790.0,947583.0,62104.0,1039077.0,1478.0
