time,E,I1,I2,I3,R,S,cumI,diffI
2020-03-06,1.0,2.0,1.0,0.0,0.0,969820.0,0.0,0.0
2020-03-07,5.0,1.0,1.0,1.0,0.0,972531.0,0.0,0.0
2020-03-08,5.0,0.0,0.0,0.0,1.0,979755.0,0.0,0.0
2020-03-09,4.0,1.0,0.0,0.0,1.0,986921.0,1.0,1.0
2020-03-10,2.0,1.0,0.0,0.0,1.0,991873.0,1.0,0.0
2020-03-11,2.0,2.0,0.0,0.0,0.0,996752.0,2.0,1.0
2020-03-12,2.0,0.0,1.0,1.0,0.0,1001433.0,2.0,0.0
2020-03-13,5.0,0.0,1.0,1.0,0.0,1003720.0,2.0,0.0
2020-03-14,3.0,0.0,0.0,2.0,1.0,1005814.0,2.0,0.0
2020-03-15,2.0,2.0,0.0,1.0,2.0,1008191.0,4.0,2.0
2020-03-16,3.0,2.0,0.0,2.0,0.0,1009539.0,4.0,0.0
2020-03-17,5.0,1.0,2.0,0.0,2.0,1010634.0,5.0,1.0
2020-03-18,6.0,2.0,0.0,1.0,2.0,1009670.0,5.0,0.0
2020-03-19,5.0,1.0,0.0,1.0,2.0,1012212.0,6.0,1.0
2020-03-20,5.0,3.0,0.0,0.0,3.0,1012749.0,8.0,2.0
2020-03-21,6.0,3.0,4.0,0.0,2.0,1013134.0,12.0,4.0
2020-03-22,6.0,2.0,1.0,3.0,1.0,1013483.0,13.0,1.0
2020-03-23,9.0,4.0,1.0,0.0,2.0,1013863.0,15.0,2.0
2020-03-24,8.0,2.0,1.0,0.0,2.0,1014085.0,17.0,2.0
2020-03-25,8.0,1.0,2.0,2.0,4.0,1014699.0,19.0,2.0
2020-03-26,9.0,0.0,2.0,0.0,8.0,1015091.0,20.0,1.0
2020-03-27,12.0,0.0,4.0,2.0,7.0,1015943.0,20.0,0.0
2020-03-28,12.0,4.0,2.0,3.0,8.0,1016302.0,24.0,4.0
2020-03-29,18.0,3.0,2.0,3.0,10.0,1016049.0,26.0,2.0
2020-03-30,17.0,6.0,3.0,2.0,12.0,1016012.0,31.0,5.0
2020-03-31,17.0,6.0,6.0,2.0,13.0,1016530.0,36.0,5.0
2020-04-01,26.0,2.0,8.0,2.0,13.0,1016672.0,36.0,0.0
2020-04-02,34.0,7.0,12.0,3.0,17.0,1017450.0,44.0,8.0
2020-04-03,57.0,6.0,8.0,6.0,18.0,1017041.0,49.0,5.0
2020-04-04,54.0,8.0,4.0,4.0,22.0,1016877.0,57.0,8.0
2020-04-05,51.0,11.0,8.0,6.0,23.0,1016419.0,68.0,11.0
2020-04-06,53.0,17.0,7.0,3.0,23.0,1017579.0,84.0,16.0
2020-04-07,57.0,19.0,9.0,7.0,27.0,1017354.0,95.0,11.0
2020-04-08,67.0,12.0,12.0,7.0,32.0,1017751.0,103.0,8.0
2020-04-09,83.0,17.0,10.0,11.0,36.0,1017554.0,118.0,15.0
2020-04-10,112.0,18.0,14.0,15.0,50.0,1018095.0,126.0,8.0
2020-04-11,122.0,36.0,21.0,10.0,62.0,1018164.0,153.0,27.0
2020-04-12,160.0,42.0,32.0,18.0,53.0,1017629.0,180.0,27.0
2020-04-13,206.0,44.0,39.0,31.0,71.0,1018237.0,213.0,33.0
2020-04-14,277.0,49.0,43.0,33.0,97.0,1019056.0,250.0,37.0
2020-04-15,306.0,64.0,34.0,40.0,123.0,1019222.0,299.0,49.0
2020-04-16,347.0,77.0,53.0,41.0,166.0,1018468.0,357.0,58.0
2020-04-17,405.0,95.0,64.0,56.0,188.0,1019151.0,443.0,86.0
2020-04-18,456.0,92.0,78.0,62.0,224.0,1019432.0,517.0,74.0
2020-04-19,513.0,106.0,96.0,61.0,270.0,1018489.0,588.0,71.0
2020-04-20,595.0,135.0,92.0,83.0,290.0,1019679.0,691.0,103.0
2020-04-21,749.0,171.0,131.0,97.0,351.0,1019539.0,822.0,131.0
2020-04-22,885.0,174.0,156.0,110.0,395.0,1021352.0,967.0,145.0
2020-04-23,1066.0,223.0,165.0,140.0,516.0,1019115.0,1135.0,168.0
2020-04-24,1256.0,259.0,239.0,167.0,597.0,1020139.0,1348.0,213.0
2020-04-25,1481.0,304.0,268.0,235.0,723.0,1019643.0,1595.0,247.0
2020-04-26,1738.0,350.0,307.0,248.0,835.0,1019504.0,1885.0,290.0
2020-04-27,2120.0,421.0,339.0,277.0,1025.0,1017639.0,2187.0,302.0
2020-04-28,2503.0,514.0,442.0,305.0,1218.0,1017015.0,2598.0,411.0
2020-04-29,2961.0,682.0,487.0,373.0,1374.0,1015042.0,3136.0,538.0
2020-04-30,3492.0,758.0,613.0,427.0,1687.0,1015062.0,3726.0,590.0
2020-05-01,4046.0,938.0,699.0,558.0,1951.0,1013058.0,4443.0,717.0
2020-05-02,4901.0,1050.0,854.0,683.0,2361.0,1012276.0,5253.0,810.0
2020-05-03,5798.0,1226.0,971.0,796.0,2814.0,1010822.0,6216.0,963.0
2020-05-04,6852.0,1396.0,1201.0,893.0,3386.0,1008472.0,7342.0,1126.0
2020-05-05,8132.0,1727.0,1363.0,1095.0,3928.0,1005442.0,8706.0,1364.0
2020-05-06,9496.0,2075.0,1607.0,1261.0,4604.0,1004070.0,10366.0,1660.0
2020-05-07,11277.0,2370.0,1955.0,1555.0,5489.0,1001277.0,12202.0,1836.0
2020-05-08,13532.0,2925.0,2317.0,1916.0,6613.0,997245.0,14484.0,2282.0
2020-05-09,15877.0,3357.0,2669.0,2194.0,7877.0,991712.0,17122.0,2638.0
2020-05-10,18849.0,4078.0,3086.0,2509.0,9413.0,986171.0,20251.0,3129.0
2020-05-11,21771.0,4784.0,3690.0,3000.0,11007.0,979456.0,23965.0,3714.0
2020-05-12,25860.0,5607.0,4444.0,3458.0,13131.0,971782.0,28184.0,4219.0
2020-05-13,30284.0,6624.0,5332.0,4223.0,15263.0,961993.0,33392.0,5208.0
2020-05-14,35867.0,7742.0,6183.0,4947.0,18065.0,950767.0,39524.0,6132.0
2020-05-15,41742.0,9148.0,7358.0,5862.0,21650.0,938487.0,46679.0,7155.0
2020-05-16,48746.0,10581.0,8581.0,6869.0,25768.0,924594.0,54958.0,8279.0
2020-05-17,56507.0,12535.0,9994.0,7961.0,30379.0,906589.0,64693.0,9735.0
2020-05-18,65355.0,14517.0,11625.0,9240.0,35839.0,887592.0,75927.0,11234.0
2020-05-19,75279.0,16907.0,13429.0,10750.0,42368.0,865848.0,88955.0,13028.0
2020-05-20,86485.0,19379.0,15637.0,12626.0,49721.0,841767.0,103787.0,14832.0
2020-05-21,97740.0,22634.0,17914.0,14715.0,58702.0,812997.0,121060.0,17273.0
2020-05-22,110248.0,25519.0,20961.0,16788.0,68628.0,781974.0,140479.0,19419.0
2020-05-23,124141.0,28575.0,23727.0,19430.0,79923.0,748376.0,161857.0,21378.0
2020-05-24,137786.0,32028.0,27065.0,22319.0,92995.0,711834.0,186022.0,24165.0
2020-05-25,151291.0,35766.0,30201.0,25450.0,108486.0,674703.0,212931.0,26909.0
2020-05-26,165877.0,39501.0,33863.0,28454.0,125385.0,633255.0,242275.0,29344.0
2020-05-27,178080.0,43082.0,37561.0,31958.0,144921.0,590195.0,274428.0,32153.0
2020-05-28,189317.0,46821.0,41067.0,35569.0,166534.0,546928.0,308803.0,34375.0
2020-05-29,199370.0,49916.0,44367.0,38613.0,190469.0,503746.0,344924.0,36121.0
2020-05-30,206800.0,53180.0,47428.0,42113.0,216243.0,461499.0,383086.0,38162.0
2020-05-31,212373.0,55468.0,50758.0,45353.0,243748.0,419963.0,422418.0,39332.0
2020-06-01,215337.0,56735.0,53403.0,48456.0,273623.0,379488.0,462399.0,39981.0
2020-06-02,215384.0,57778.0,55141.0,51234.0,305053.0,341877.0,502845.0,40446.0
2020-06-03,212557.0,58197.0,56344.0,52968.0,339274.0,307517.0,543167.0,40322.0
2020-06-04,206921.0,57620.0,56606.0,54747.0,373567.0,275632.0,582589.0,39422.0
2020-06-05,199746.0,56786.0,56744.0,55925.0,407957.0,248119.0,621053.0,38464.0
2020-06-06,191152.0,55549.0,56283.0,56261.0,443819.0,223090.0,657932.0,36879.0
2020-06-07,180766.0,53514.0,55372.0,55984.0,479438.0,201183.0,693576.0,35644.0
2020-06-08,169865.0,50629.0,53711.0,54863.0,515165.0,181718.0,726760.0,33184.0
2020-06-09,158291.0,47683.0,51714.0,53454.0,550673.0,164738.0,757882.0,31122.0
2020-06-10,146458.0,44503.0,48969.0,51641.0,584436.0,150393.0,786718.0,28836.0
2020-06-11,134040.0,41701.0,45921.0,49584.0,616921.0,138175.0,813536.0,26818.0
2020-06-12,123159.0,38426.0,42956.0,46769.0,647159.0,127059.0,837892.0,24356.0
2020-06-13,112423.0,35417.0,39794.0,44170.0,677421.0,117609.0,860201.0,22309.0
2020-06-14,102134.0,32122.0,36907.0,41079.0,704793.0,109714.0,880289.0,20088.0
2020-06-15,92332.0,29347.0,33939.0,38479.0,729556.0,102693.0,898855.0,18566.0
2020-06-16,83350.0,26915.0,30907.0,35534.0,754239.0,96924.0,915649.0,16794.0
2020-06-17,75113.0,24172.0,28156.0,32811.0,775532.0,91746.0,930687.0,15038.0
2020-06-18,67249.0,22122.0,25558.0,29737.0,794984.0,87610.0,944196.0,13509.0
2020-06-19,59964.0,19964.0,23111.0,27275.0,813243.0,83720.0,956422.0,12226.0
2020-06-20,53642.0,17735.0,21177.0,24797.0,829033.0,80482.0,967233.0,10811.0
2020-06-21,47883.0,15969.0,19029.0,22263.0,844029.0,78199.0,976962.0,9729.0
2020-06-22,42553.0,14407.0,17036.0,20421.0,858071.0,75437.0,985702.0,8740.0
2020-06-23,37746.0,12657.0,15233.0,18385.0,871559.0,73014.0,993335.0,7633.0
2020-06-24,33639.0,11331.0,13540.0,16789.0,882557.0,71111.0,1000240.0,6905.0
2020-06-25,29838.0,10159.0,12116.0,14713.0,891418.0,69909.0,1006278.0,6038.0
2020-06-26,26454.0,8949.0,10987.0,13026.0,900102.0,68230.0,1011618.0,5340.0
2020-06-27,23524.0,8028.0,9830.0,11557.0,907280.0,67170.0,1016420.0,4802.0
2020-06-28,20947.0,7048.0,8519.0,10680.0,914459.0,65931.0,1020554.0,4134.0
2020-06-29,18507.0,6304.0,7673.0,9337.0,920596.0,65150.0,1024345.0,3791.0
2020-06-30,16389.0,5554.0,6808.0,8131.0,927584.0,64156.0,1027588.0,3243.0
2020-07-01,14462.0,4825.0,6048.0,7466.0,931799.0,63476.0,1030598.0,3010.0
2020-07-02,12695.0,4294.0,5423.0,6443.0,936371.0,62978.0,1033165.0,2567.0
2020-07-03,11356.0,3755.0,4663.0,5741.0,939913.0,62461.0,1035399.0,2234.0
2020-07-04,9883.0,3341.0,4142.0,5138.0,943411.0,61885.0,1037422.0,2023.0
2020-07-05,8736.0,2980.0,3630.0,4582.0,946452.0,61555.0,1039211.0,1789.0
2020-07-06,7765.0,2643.0,3283.0,3978.0,948411.0,61045.0,1040754.0,1543.0
