time,E,I1,I2,I3,R,S,cumI,diffI
2020-03-06,0.0,3.0,0.0,0.0,0.0,970543.0,0.0,0.0
2020-03-07,0.0,0.0,2.0,0.0,0.0,973781.0,0.0,0.0
2020-03-08,1.0,0.0,0.0,1.0,1.0,980326.0,0.0,0.0
2020-03-09,1.0,0.0,0.0,1.0,1.0,987035.0,0.0,0.0
2020-03-10,3.0,0.0,0.0,2.0,0.0,993123.0,0.0,0.0
2020-03-11,3.0,0.0,0.0,1.0,2.0,996050.0,0.0,0.0
2020-03-12,2.0,0.0,0.0,0.0,1.0,999439.0,0.0,0.0
2020-03-13,3.0,0.0,0.0,0.0,1.0,1002934.0,0.0,0.0
2020-03-14,2.0,1.0,0.0,0.0,1.0,1005233.0,1.0,1.0
2020-03-15,1.0,1.0,0.0,0.0,1.0,1008011.0,1.0,0.0
2020-03-16,1.0,0.0,0.0,0.0,1.0,1008322.0,1.0,0.0
2020-03-17,0.0,2.0,0.0,0.0,1.0,1009573.0,2.0,1.0
2020-03-18,1.0,1.0,0.0,0.0,1.0,1010154.0,2.0,0.0
2020-03-19,4.0,0.0,0.0,1.0,2.0,1010113.0,2.0,0.0
2020-03-20,3.0,1.0,0.0,0.0,2.0,1011357.0,3.0,1.0
2020-03-21,4.0,0.0,1.0,0.0,3.0,1011788.0,3.0,0.0
2020-03-22,6.0,0.0,0.0,1.0,3.0,1013885.0,3.0,0.0
2020-03-23,6.0,0.0,0.0,2.0,2.0,1013862.0,3.0,0.0
2020-03-24,4.0,0.0,0.0,2.0,6.0,1012823.0,4.0,1.0
2020-03-25,6.0,0.0,0.0,0.0,6.0,1013508.0,4.0,0.0
2020-03-26,5.0,0.0,2.0,0.0,3.0,1012472.0,5.0,1.0
2020-03-27,4.0,1.0,0.0,1.0,2.0,1014009.0,6.0,1.0
2020-03-28,8.0,2.0,0.0,0.0,3.0,1014360.0,7.0,1.0
2020-03-29,6.0,4.0,1.0,0.0,3.0,1015048.0,11.0,4.0
2020-03-30,5.0,3.0,2.0,1.0,5.0,1015308.0,12.0,1.0
2020-03-31,8.0,4.0,2.0,1.0,5.0,1015792.0,13.0,1.0
2020-04-01,13.0,4.0,3.0,0.0,9.0,1016110.0,15.0,2.0
2020-04-02,12.0,2.0,4.0,0.0,7.0,1016448.0,16.0,1.0
2020-04-03,13.0,3.0,3.0,1.0,3.0,1015743.0,18.0,2.0
2020-04-04,16.0,3.0,4.0,0.0,5.0,1014808.0,20.0,2.0
2020-04-05,12.0,2.0,4.0,1.0,9.0,1016670.0,24.0,4.0
2020-04-06,21.0,4.0,1.0,3.0,12.0,1016706.0,27.0,3.0
2020-04-07,31.0,9.0,2.0,3.0,9.0,1016693.0,35.0,8.0
2020-04-08,28.0,6.0,3.0,4.0,13.0,1016933.0,38.0,3.0
2020-04-09,25.0,11.0,4.0,4.0,19.0,1017513.0,45.0,7.0
2020-04-10,29.0,8.0,7.0,5.0,19.0,1017778.0,51.0,6.0
2020-04-11,38.0,5.0,9.0,8.0,23.0,1017308.0,57.0,6.0
2020-04-12,41.0,12.0,8.0,11.0,33.0,1017396.0,64.0,7.0
2020-04-13,48.0,10.0,11.0,9.0,42.0,1017394.0,72.0,8.0
2020-04-14,73.0,18.0,7.0,11.0,47.0,1018940.0,86.0,14.0
2020-04-15,84.0,15.0,13.0,6.0,52.0,1019822.0,95.0,9.0
2020-04-16,95.0,24.0,11.0,13.0,56.0,1019049.0,114.0,19.0
2020-04-17,118.0,24.0,16.0,19.0,59.0,1019713.0,129.0,15.0
2020-04-18,148.0,31.0,20.0,21.0,73.0,1019462.0,148.0,19.0
2020-04-19,187.0,27.0,19.0,26.0,85.0,1018740.0,162.0,14.0
2020-04-20,205.0,36.0,33.0,28.0,98.0,1019324.0,196.0,34.0
2020-04-21,237.0,52.0,34.0,26.0,118.0,1018931.0,237.0,41.0
2020-04-22,256.0,48.0,44.0,31.0,143.0,1019217.0,277.0,40.0
2020-04-23,298.0,63.0,49.0,46.0,148.0,1019936.0,327.0,50.0
2020-04-24,358.0,71.0,64.0,56.0,193.0,1020357.0,382.0,55.0
2020-04-25,433.0,99.0,64.0,51.0,223.0,1019604.0,458.0,76.0
2020-04-26,525.0,110.0,86.0,65.0,263.0,1020857.0,538.0,80.0
2020-04-27,655.0,128.0,119.0,75.0,304.0,1021540.0,636.0,98.0
2020-04-28,772.0,161.0,114.0,107.0,368.0,1021742.0,762.0,126.0
2020-04-29,886.0,192.0,161.0,115.0,454.0,1022169.0,916.0,154.0
2020-04-30,1070.0,226.0,188.0,154.0,540.0,1021162.0,1089.0,173.0
2020-05-01,1300.0,245.0,231.0,158.0,623.0,1020298.0,1289.0,200.0
2020-05-02,1574.0,333.0,284.0,197.0,755.0,1020446.0,1564.0,275.0
2020-05-03,1778.0,436.0,304.0,229.0,938.0,1019775.0,1909.0,345.0
2020-05-04,2208.0,512.0,366.0,274.0,1108.0,1019191.0,2307.0,398.0
2020-05-05,2592.0,541.0,477.0,325.0,1286.0,1018166.0,2733.0,426.0
2020-05-06,3100.0,638.0,505.0,389.0,1531.0,1016539.0,3224.0,491.0
2020-05-07,3653.0,737.0,632.0,462.0,1785.0,1015930.0,3824.0,600.0
2020-05-08,4297.0,898.0,675.0,573.0,2093.0,1015272.0,4555.0,731.0
2020-05-09,5065.0,1113.0,866.0,672.0,2488.0,1014464.0,5457.0,902.0
2020-05-10,6065.0,1289.0,1057.0,779.0,2937.0,1012111.0,6459.0,1002.0
2020-05-11,7169.0,1569.0,1203.0,995.0,3426.0,1010496.0,7687.0,1228.0
2020-05-12,8592.0,1938.0,1468.0,1131.0,4189.0,1007626.0,9207.0,1520.0
2020-05-13,10221.0,2160.0,1787.0,1334.0,4989.0,1004592.0,10907.0,1700.0
2020-05-14,12182.0,2562.0,2028.0,1648.0,5883.0,1000587.0,12968.0,2061.0
2020-05-15,14257.0,3126.0,2415.0,1874.0,7140.0,995913.0,15428.0,2460.0
2020-05-16,16761.0,3617.0,2940.0,2274.0,8433.0,990265.0,18253.0,2825.0
2020-05-17,19706.0,4249.0,3491.0,2625.0,10008.0,985251.0,21650.0,3397.0
2020-05-18,23307.0,4991.0,3879.0,3185.0,11839.0,977392.0,25484.0,3834.0
2020-05-19,27269.0,5938.0,4644.0,3691.0,13929.0,969358.0,30069.0,4585.0
2020-05-20,31782.0,6945.0,5614.0,4360.0,16408.0,959108.0,35568.0,5499.0
2020-05-21,37455.0,7962.0,6462.0,5173.0,19502.0,948192.0,41770.0,6202.0
2020-05-22,43488.0,9469.0,7481.0,6102.0,23133.0,935719.0,49187.0,7417.0
2020-05-23,50888.0,11034.0,9044.0,7116.0,27212.0,919967.0,57866.0,8679.0
2020-05-24,59067.0,12847.0,10596.0,8315.0,32462.0,901820.0,67876.0,10010.0
2020-05-25,67933.0,15033.0,12277.0,9963.0,38204.0,881808.0,79590.0,11714.0
2020-05-26,78255.0,17729.0,14026.0,11565.0,44873.0,857951.0,93188.0,13598.0
2020-05-27,89442.0,20042.0,16348.0,13293.0,52885.0,831894.0,108427.0,15239.0
2020-05-28,101194.0,23075.0,18635.0,15122.0,61848.0,803170.0,126057.0,17630.0
2020-05-29,114047.0,26418.0,21527.0,17641.0,72110.0,771604.0,146139.0,20082.0
2020-05-30,128211.0,29525.0,24801.0,20269.0,84046.0,736406.0,168363.0,22224.0
2020-05-31,142170.0,33198.0,27906.0,23207.0,98381.0,700164.0,193396.0,25033.0
2020-06-01,156159.0,36751.0,31539.0,26153.0,114127.0,660363.0,221061.0,27665.0
2020-06-02,170117.0,40418.0,34735.0,29463.0,131930.0,619274.0,251348.0,30287.0
2020-06-03,181994.0,44215.0,38545.0,33052.0,151636.0,575913.0,284224.0,32876.0
2020-06-04,193596.0,47906.0,41699.0,36859.0,174015.0,532200.0,319209.0,34985.0
2020-06-05,202249.0,51321.0,45352.0,39819.0,198981.0,487547.0,356447.0,37238.0
2020-06-06,209691.0,53346.0,49029.0,43672.0,225091.0,444165.0,394827.0,38380.0
2020-06-07,215006.0,55709.0,51450.0,46792.0,254220.0,403692.0,434551.0,39724.0
2020-06-08,215684.0,57034.0,53685.0,49593.0,285441.0,364379.0,474917.0,40366.0
2020-06-09,214875.0,58077.0,55469.0,51826.0,318681.0,328280.0,515268.0,40351.0
2020-06-10,211334.0,57707.0,56751.0,54066.0,352520.0,294529.0,555053.0,39785.0
2020-06-11,205177.0,57461.0,57193.0,55410.0,387275.0,264672.0,594487.0,39434.0
2020-06-12,197225.0,56137.0,56947.0,56257.0,423108.0,237314.0,632420.0,37933.0
2020-06-13,187119.0,54243.0,56146.0,56536.0,460646.0,213615.0,668765.0,36345.0
2020-06-14,176590.0,52283.0,54529.0,55166.0,496142.0,193034.0,703211.0,34446.0
2020-06-15,165010.0,49778.0,52472.0,54150.0,531256.0,174237.0,735771.0,32560.0
2020-06-16,153779.0,46378.0,50008.0,52961.0,565524.0,158077.0,765620.0,29849.0
2020-06-17,141476.0,43262.0,47679.0,50867.0,599183.0,143946.0,793572.0,27952.0
2020-06-18,129655.0,40106.0,44706.0,48556.0,630233.0,132423.0,819410.0,25838.0
2020-06-19,118188.0,37118.0,41697.0,45932.0,660492.0,122214.0,842996.0,23586.0
2020-06-20,107196.0,33872.0,38573.0,43205.0,689742.0,113621.0,864474.0,21478.0
2020-06-21,97275.0,30868.0,35710.0,40020.0,717600.0,106011.0,883757.0,19283.0
2020-06-22,88091.0,28194.0,32606.0,37096.0,740950.0,99764.0,901190.0,17433.0
2020-06-23,79442.0,25722.0,29946.0,34093.0,763389.0,94419.0,917300.0,16110.0
2020-06-24,71454.0,23207.0,27274.0,31388.0,783380.0,89970.0,931598.0,14298.0
2020-06-25,63813.0,20977.0,24790.0,28731.0,802635.0,85658.0,944462.0,12864.0
2020-06-26,56834.0,18733.0,22099.0,26257.0,820219.0,82340.0,956028.0,11566.0
2020-06-27,51173.0,16694.0,20102.0,23526.0,835612.0,78982.0,966274.0,10246.0
2020-06-28,45805.0,15135.0,18017.0,21337.0,851011.0,76520.0,975423.0,9149.0
2020-06-29,40516.0,13274.0,16138.0,19293.0,864476.0,74044.0,983651.0,8228.0
2020-06-30,35930.0,11919.0,14555.0,17222.0,876004.0,72319.0,990977.0,7326.0
2020-07-01,31840.0,10846.0,13010.0,15461.0,885799.0,70452.0,997501.0,6524.0
2020-07-02,28042.0,9609.0,11452.0,13953.0,894867.0,69042.0,1003215.0,5714.0
2020-07-03,24953.0,8481.0,10304.0,12596.0,904224.0,67623.0,1008222.0,5007.0
2020-07-04,22056.0,7369.0,9201.0,10998.0,911596.0,66274.0,1012629.0,4407.0
2020-07-05,19616.0,6750.0,8052.0,9800.0,917349.0,65269.0,1016671.0,4042.0
2020-07-06,17335.0,5855.0,7269.0,8794.0,923674.0,64621.0,1020150.0,3479.0
