time,E,I1,I2,I3,R,S,cumI,diffI
2020-03-06,0.0,1.0,2.0,0.0,0.0,970253.0,0.0,0.0
2020-03-07,2.0,0.0,0.0,0.0,2.0,973477.0,0.0,0.0
2020-03-08,1.0,0.0,0.0,0.0,0.0,980054.0,0.0,0.0
2020-03-09,1.0,0.0,0.0,0.0,0.0,987592.0,0.0,0.0
2020-03-10,0.0,1.0,0.0,0.0,1.0,993081.0,1.0,1.0
2020-03-11,1.0,0.0,2.0,0.0,1.0,997386.0,1.0,0.0
2020-03-12,1.0,0.0,1.0,1.0,0.0,999577.0,1.0,0.0
2020-03-13,2.0,0.0,1.0,0.0,0.0,1001789.0,1.0,0.0
2020-03-14,3.0,0.0,1.0,0.0,0.0,1004147.0,1.0,0.0
2020-03-15,3.0,1.0,0.0,0.0,0.0,1005895.0,2.0,1.0
2020-03-16,4.0,1.0,0.0,0.0,1.0,1007630.0,3.0,1.0
2020-03-17,4.0,2.0,1.0,0.0,0.0,1009160.0,4.0,1.0
2020-03-18,3.0,0.0,0.0,1.0,1.0,1009633.0,4.0,0.0
2020-03-19,1.0,1.0,0.0,1.0,1.0,1009748.0,5.0,1.0
2020-03-20,9.0,2.0,0.0,0.0,1.0,1011003.0,5.0,0.0
2020-03-21,11.0,5.0,2.0,0.0,1.0,1011956.0,10.0,5.0
2020-03-22,12.0,4.0,2.0,0.0,1.0,1013812.0,11.0,1.0
2020-03-23,9.0,2.0,4.0,1.0,1.0,1014702.0,13.0,2.0
2020-03-24,8.0,1.0,0.0,1.0,1.0,1014459.0,13.0,0.0
2020-03-25,7.0,2.0,0.0,0.0,3.0,1014750.0,16.0,3.0
2020-03-26,7.0,2.0,0.0,1.0,4.0,1015014.0,16.0,0.0
2020-03-27,10.0,3.0,1.0,4.0,4.0,1014606.0,20.0,4.0
2020-03-28,10.0,5.0,4.0,1.0,7.0,1015078.0,24.0,4.0
2020-03-29,22.0,4.0,1.0,2.0,9.0,1015384.0,24.0,0.0
2020-03-30,19.0,3.0,2.0,1.0,10.0,1015989.0,24.0,0.0
2020-03-31,22.0,6.0,3.0,3.0,10.0,1016139.0,28.0,4.0
2020-04-01,22.0,4.0,3.0,1.0,14.0,1015554.0,32.0,4.0
2020-04-02,35.0,8.0,2.0,3.0,16.0,1016724.0,38.0,6.0
2020-04-03,40.0,9.0,3.0,4.0,16.0,1016698.0,46.0,8.0
2020-04-04,45.0,14.0,4.0,5.0,21.0,1017783.0,56.0,10.0
2020-04-05,51.0,19.0,16.0,5.0,23.0,1018148.0,71.0,15.0
2020-04-06,75.0,13.0,16.0,5.0,28.0,1018238.0,81.0,10.0
2020-04-07,96.0,11.0,11.0,12.0,35.0,1018366.0,89.0,8.0
2020-04-08,106.0,19.0,10.0,14.0,52.0,1017323.0,108.0,19.0
2020-04-09,117.0,23.0,18.0,15.0,62.0,1017678.0,119.0,11.0
2020-04-10,134.0,35.0,16.0,17.0,79.0,1018127.0,143.0,24.0
2020-04-11,138.0,43.0,24.0,15.0,91.0,1019391.0,168.0,25.0
2020-04-12,174.0,47.0,33.0,17.0,105.0,1018444.0,193.0,25.0
2020-04-13,227.0,54.0,50.0,27.0,109.0,1018492.0,238.0,45.0
2020-04-14,270.0,55.0,49.0,33.0,127.0,1018654.0,282.0,44.0
2020-04-15,322.0,61.0,52.0,36.0,151.0,1017769.0,330.0,48.0
2020-04-16,372.0,70.0,68.0,61.0,169.0,1018732.0,389.0,59.0
2020-04-17,478.0,97.0,69.0,59.0,202.0,1017710.0,476.0,87.0
2020-04-18,529.0,110.0,100.0,64.0,253.0,1017883.0,581.0,105.0
2020-04-19,639.0,141.0,90.0,78.0,306.0,1018080.0,686.0,105.0
2020-04-20,782.0,166.0,121.0,97.0,352.0,1019397.0,812.0,126.0
2020-04-21,879.0,189.0,163.0,121.0,401.0,1019576.0,970.0,158.0
2020-04-22,1032.0,207.0,189.0,144.0,496.0,1020103.0,1143.0,173.0
2020-04-23,1291.0,274.0,195.0,171.0,602.0,1018995.0,1359.0,216.0
2020-04-24,1449.0,314.0,241.0,190.0,737.0,1018171.0,1603.0,244.0
2020-04-25,1776.0,381.0,304.0,224.0,882.0,1018609.0,1902.0,299.0
2020-04-26,2096.0,447.0,380.0,268.0,1085.0,1017108.0,2258.0,356.0
2020-04-27,2477.0,532.0,418.0,325.0,1258.0,1016802.0,2669.0,411.0
2020-04-28,2927.0,655.0,505.0,436.0,1452.0,1016064.0,3175.0,506.0
2020-04-29,3526.0,774.0,611.0,483.0,1799.0,1014491.0,3758.0,583.0
2020-04-30,4172.0,933.0,692.0,544.0,2103.0,1013448.0,4458.0,700.0
2020-05-01,4883.0,1042.0,855.0,643.0,2430.0,1012118.0,5294.0,836.0
2020-05-02,5844.0,1308.0,1009.0,783.0,2884.0,1010375.0,6333.0,1039.0
2020-05-03,6943.0,1486.0,1166.0,915.0,3467.0,1007874.0,7459.0,1126.0
2020-05-04,8069.0,1766.0,1364.0,1085.0,4129.0,1005113.0,8803.0,1344.0
2020-05-05,9523.0,2030.0,1665.0,1233.0,4856.0,1002554.0,10383.0,1580.0
2020-05-06,11388.0,2422.0,1961.0,1481.0,5666.0,1000369.0,12268.0,1885.0
2020-05-07,13446.0,2908.0,2269.0,1741.0,6750.0,996921.0,14532.0,2264.0
2020-05-08,15804.0,3406.0,2704.0,2082.0,8013.0,991503.0,17161.0,2629.0
2020-05-09,18604.0,4056.0,3125.0,2534.0,9420.0,985121.0,20357.0,3196.0
2020-05-10,21843.0,4881.0,3734.0,2942.0,11051.0,979800.0,24145.0,3788.0
2020-05-11,25808.0,5525.0,4419.0,3522.0,13008.0,971635.0,28458.0,4313.0
2020-05-12,30288.0,6549.0,5140.0,4104.0,15544.0,962993.0,33555.0,5097.0
2020-05-13,35375.0,7794.0,6138.0,4822.0,18323.0,953642.0,39594.0,6039.0
2020-05-14,41363.0,9104.0,7206.0,5618.0,21589.0,940142.0,46570.0,6976.0
2020-05-15,48061.0,10813.0,8452.0,6781.0,25454.0,924879.0,54935.0,8365.0
2020-05-16,56175.0,12494.0,9916.0,7962.0,30169.0,907840.0,64541.0,9606.0
2020-05-17,65052.0,14284.0,11653.0,9404.0,35616.0,889473.0,75748.0,11207.0
2020-05-18,74749.0,16674.0,13505.0,11024.0,42057.0,868551.0,88655.0,12907.0
2020-05-19,85674.0,19129.0,15514.0,12535.0,49664.0,844210.0,103375.0,14720.0
2020-05-20,96961.0,22005.0,17943.0,14339.0,58415.0,816593.0,120134.0,16759.0
2020-05-21,109414.0,24810.0,20532.0,16809.0,68388.0,785083.0,139179.0,19045.0
2020-05-22,123440.0,28565.0,23359.0,19337.0,79909.0,752206.0,160573.0,21394.0
2020-05-23,137727.0,31929.0,26895.0,21914.0,93224.0,715355.0,184540.0,23967.0
2020-05-24,151298.0,35559.0,30190.0,25451.0,108279.0,676571.0,211163.0,26623.0
2020-05-25,165071.0,39134.0,33566.0,28497.0,125313.0,636295.0,240349.0,29186.0
2020-05-26,177441.0,42986.0,37017.0,32036.0,144339.0,594470.0,272315.0,31966.0
2020-05-27,189311.0,46321.0,40618.0,35293.0,165355.0,549395.0,306286.0,33971.0
2020-05-28,199720.0,49447.0,43773.0,39060.0,188982.0,505619.0,342118.0,35832.0
2020-05-29,207097.0,52571.0,47234.0,41954.0,215676.0,463552.0,380301.0,38183.0
2020-05-30,212349.0,54558.0,50331.0,45306.0,243857.0,421654.0,419348.0,39047.0
2020-05-31,214922.0,56752.0,52698.0,48218.0,273808.0,381463.0,459289.0,39941.0
2020-06-01,215328.0,57712.0,54697.0,50997.0,304989.0,344296.0,499436.0,40147.0
2020-06-02,213018.0,58156.0,55793.0,53061.0,338447.0,309192.0,539749.0,40313.0
2020-06-03,207753.0,57635.0,57000.0,54598.0,372492.0,277439.0,579571.0,39822.0
2020-06-04,200521.0,56655.0,57143.0,55730.0,408188.0,248727.0,617922.0,38351.0
2020-06-05,191296.0,55275.0,56514.0,56229.0,444337.0,223507.0,655115.0,37193.0
2020-06-06,181801.0,52852.0,54971.0,56010.0,480214.0,200769.0,690174.0,35059.0
2020-06-07,169972.0,50322.0,53443.0,54876.0,515604.0,181661.0,723374.0,33200.0
2020-06-08,158480.0,47708.0,50833.0,53447.0,551578.0,164995.0,754312.0,30938.0
2020-06-09,146702.0,44721.0,48667.0,51991.0,584990.0,149860.0,783422.0,29110.0
2020-06-10,134953.0,41955.0,45933.0,49926.0,617109.0,137172.0,810323.0,26901.0
2020-06-11,123426.0,38742.0,43362.0,46586.0,647527.0,127124.0,834711.0,24388.0
2020-06-12,112308.0,35548.0,40352.0,44437.0,677185.0,117491.0,857092.0,22381.0
2020-06-13,101758.0,32542.0,37185.0,41278.0,703664.0,109693.0,877608.0,20516.0
2020-06-14,92091.0,29490.0,34376.0,38543.0,729953.0,103095.0,896119.0,18511.0
2020-06-15,83184.0,26775.0,31377.0,35790.0,753884.0,97539.0,912800.0,16681.0
2020-06-16,74578.0,24503.0,28358.0,32787.0,774499.0,92022.0,927992.0,15192.0
2020-06-17,67127.0,22034.0,25907.0,29917.0,794944.0,87648.0,941497.0,13505.0
2020-06-18,59924.0,19814.0,23512.0,27149.0,814119.0,83811.0,953535.0,12038.0
2020-06-19,53720.0,17710.0,21144.0,24958.0,830778.0,80378.0,964402.0,10867.0
2020-06-20,48094.0,15834.0,18819.0,22798.0,846023.0,77768.0,974199.0,9797.0
2020-06-21,42637.0,14240.0,17187.0,20369.0,858383.0,75401.0,983015.0,8816.0
2020-06-22,38073.0,12717.0,15248.0,18312.0,870052.0,72990.0,990667.0,7652.0
2020-06-23,33723.0,11401.0,13537.0,16313.0,882224.0,71457.0,997511.0,6844.0
2020-06-24,29865.0,10026.0,12208.0,14745.0,891732.0,69950.0,1003594.0,6083.0
2020-06-25,26592.0,8804.0,11074.0,12896.0,900869.0,68276.0,1008944.0,5350.0
2020-06-26,23559.0,7932.0,9616.0,11755.0,908761.0,67329.0,1013698.0,4754.0
2020-06-27,20789.0,7046.0,8450.0,10364.0,915547.0,66108.0,1017933.0,4235.0
2020-06-28,18379.0,6242.0,7773.0,9190.0,920762.0,65202.0,1021685.0,3752.0
2020-06-29,16184.0,5534.0,6843.0,8208.0,926183.0,64261.0,1025069.0,3384.0
2020-06-30,14408.0,4861.0,5991.0,7382.0,932410.0,63794.0,1027925.0,2856.0
2020-07-01,12630.0,4447.0,5277.0,6575.0,936355.0,62884.0,1030622.0,2697.0
2020-07-02,11137.0,3943.0,4691.0,5867.0,938929.0,62376.0,1032907.0,2285.0
2020-07-03,9876.0,3373.0,4181.0,5142.0,942751.0,61868.0,1034873.0,1966.0
2020-07-04,8808.0,2973.0,3660.0,4563.0,945965.0,61502.0,1036649.0,1776.0
2020-07-05,7787.0,2717.0,3194.0,4053.0,948344.0,61476.0,1038230.0,1581.0
2020-07-06,6899.0,2258.0,2894.0,3557.0,951044.0,61134.0,1039581.0,1351.0
