time,E,I1,I2,I3,R,S,cumI,diffI
2020-03-06,0.0,2.0,0.0,0.0,0.0,969707.0,0.0,0.0
2020-03-07,0.0,1.0,1.0,0.0,0.0,972214.0,0.0,0.0
2020-03-08,0.0,0.0,0.0,0.0,0.0,978634.0,0.0,0.0
2020-03-09,1.0,0.0,0.0,0.0,0.0,985202.0,0.0,0.0
2020-03-10,1.0,0.0,0.0,0.0,0.0,990341.0,0.0,0.0
2020-03-11,0.0,0.0,1.0,0.0,0.0,996084.0,0.0,0.0
2020-03-12,1.0,1.0,1.0,0.0,1.0,999535.0,0.0,0.0
2020-03-13,1.0,0.0,0.0,1.0,1.0,1003016.0,0.0,0.0
2020-03-14,2.0,0.0,0.0,1.0,1.0,1004893.0,0.0,0.0
2020-03-15,1.0,0.0,0.0,0.0,1.0,1006919.0,0.0,0.0
2020-03-16,1.0,0.0,0.0,0.0,1.0,1008795.0,1.0,1.0
2020-03-17,3.0,1.0,0.0,0.0,0.0,1008794.0,1.0,0.0
2020-03-18,3.0,1.0,0.0,0.0,0.0,1010065.0,1.0,0.0
2020-03-19,6.0,0.0,1.0,0.0,1.0,1010546.0,1.0,0.0
2020-03-20,5.0,2.0,1.0,1.0,1.0,1012006.0,4.0,3.0
2020-03-21,10.0,0.0,2.0,5.0,1.0,1013779.0,5.0,1.0
2020-03-22,7.0,1.0,1.0,4.0,5.0,1012951.0,7.0,2.0
2020-03-23,11.0,0.0,1.0,3.0,5.0,1014906.0,7.0,0.0
2020-03-24,10.0,1.0,1.0,0.0,4.0,1013795.0,9.0,2.0
2020-03-25,8.0,2.0,3.0,3.0,5.0,1014127.0,11.0,2.0
2020-03-26,16.0,4.0,1.0,2.0,9.0,1014363.0,13.0,2.0
2020-03-27,22.0,6.0,3.0,1.0,12.0,1015138.0,18.0,5.0
2020-03-28,22.0,7.0,3.0,2.0,11.0,1016505.0,23.0,5.0
2020-03-29,24.0,9.0,3.0,3.0,7.0,1015454.0,26.0,3.0
2020-03-30,35.0,8.0,10.0,9.0,7.0,1015107.0,32.0,6.0
2020-03-31,47.0,9.0,5.0,8.0,21.0,1014969.0,40.0,8.0
2020-04-01,48.0,12.0,7.0,8.0,23.0,1014756.0,53.0,13.0
2020-04-02,47.0,14.0,12.0,7.0,32.0,1015640.0,67.0,14.0
2020-04-03,60.0,14.0,11.0,6.0,39.0,1015677.0,75.0,8.0
2020-04-04,69.0,17.0,11.0,11.0,45.0,1015677.0,84.0,9.0
2020-04-05,82.0,18.0,16.0,10.0,46.0,1014574.0,97.0,13.0
2020-04-06,98.0,17.0,21.0,14.0,67.0,1013892.0,112.0,15.0
2020-04-07,127.0,29.0,21.0,19.0,76.0,1015367.0,137.0,25.0
2020-04-08,148.0,34.0,17.0,26.0,73.0,1015787.0,163.0,26.0
2020-04-09,180.0,40.0,31.0,16.0,84.0,1014935.0,194.0,31.0
2020-04-10,237.0,45.0,50.0,20.0,108.0,1015848.0,235.0,41.0
2020-04-11,278.0,60.0,53.0,35.0,118.0,1016965.0,287.0,52.0
2020-04-12,325.0,70.0,60.0,52.0,142.0,1015978.0,344.0,57.0
2020-04-13,372.0,66.0,60.0,56.0,165.0,1015724.0,396.0,52.0
2020-04-14,443.0,89.0,58.0,67.0,187.0,1016156.0,462.0,66.0
2020-04-15,492.0,116.0,77.0,72.0,234.0,1016994.0,553.0,91.0
2020-04-16,605.0,138.0,107.0,75.0,307.0,1017958.0,662.0,109.0
2020-04-17,685.0,147.0,129.0,107.0,362.0,1018522.0,777.0,115.0
2020-04-18,847.0,188.0,128.0,124.0,444.0,1017980.0,919.0,142.0
2020-04-19,1006.0,220.0,163.0,138.0,516.0,1019864.0,1070.0,151.0
2020-04-20,1115.0,247.0,210.0,161.0,581.0,1019495.0,1280.0,210.0
2020-04-21,1384.0,280.0,210.0,174.0,699.0,1018577.0,1495.0,215.0
2020-04-22,1588.0,345.0,272.0,218.0,761.0,1019095.0,1772.0,277.0
2020-04-23,1848.0,422.0,332.0,242.0,912.0,1017628.0,2102.0,330.0
2020-04-24,2238.0,458.0,388.0,297.0,1106.0,1016440.0,2448.0,346.0
2020-04-25,2727.0,568.0,456.0,343.0,1319.0,1015192.0,2888.0,440.0
2020-04-26,3158.0,679.0,522.0,399.0,1605.0,1015182.0,3410.0,522.0
2020-04-27,3716.0,774.0,611.0,509.0,1830.0,1013985.0,4026.0,616.0
2020-04-28,4404.0,959.0,744.0,573.0,2119.0,1012700.0,4803.0,777.0
2020-04-29,5205.0,1104.0,958.0,720.0,2544.0,1010922.0,5711.0,908.0
2020-04-30,6256.0,1321.0,1078.0,868.0,3158.0,1010546.0,6767.0,1056.0
2020-05-01,7370.0,1558.0,1312.0,1031.0,3613.0,1007957.0,7981.0,1214.0
2020-05-02,8769.0,1936.0,1540.0,1190.0,4300.0,1005101.0,9521.0,1540.0
2020-05-03,10390.0,2246.0,1830.0,1367.0,5139.0,1001076.0,11243.0,1722.0
2020-05-04,12259.0,2615.0,2173.0,1632.0,6097.0,997282.0,13353.0,2110.0
2020-05-05,14368.0,3111.0,2551.0,1889.0,7230.0,993336.0,15842.0,2489.0
2020-05-06,16954.0,3719.0,2937.0,2355.0,8581.0,988949.0,18766.0,2924.0
2020-05-07,19959.0,4386.0,3497.0,2647.0,10204.0,982388.0,22135.0,3369.0
2020-05-08,23643.0,5094.0,4104.0,3235.0,12100.0,975095.0,26132.0,3997.0
2020-05-09,27707.0,5968.0,4826.0,3821.0,14473.0,965154.0,30855.0,4723.0
2020-05-10,32700.0,7079.0,5485.0,4454.0,17077.0,955621.0,36337.0,5482.0
2020-05-11,38302.0,8353.0,6622.0,5295.0,19896.0,945048.0,42797.0,6460.0
2020-05-12,44682.0,9802.0,7656.0,6144.0,23688.0,931594.0,50299.0,7502.0
2020-05-13,51923.0,11531.0,9106.0,7179.0,28080.0,916347.0,59178.0,8879.0
2020-05-14,60178.0,13253.0,10645.0,8412.0,32953.0,899309.0,69505.0,10327.0
2020-05-15,69230.0,15528.0,12155.0,9962.0,38862.0,879112.0,81403.0,11898.0
2020-05-16,79353.0,17887.0,14317.0,11680.0,45787.0,855958.0,95110.0,13707.0
2020-05-17,90510.0,20270.0,16796.0,13433.0,53861.0,829123.0,110832.0,15722.0
2020-05-18,102937.0,23351.0,19106.0,15633.0,62568.0,800659.0,128613.0,17781.0
2020-05-19,115908.0,26576.0,21903.0,17898.0,73563.0,768636.0,148722.0,20109.0
2020-05-20,129883.0,29834.0,24977.0,20788.0,85886.0,734045.0,171187.0,22465.0
2020-05-21,143877.0,33272.0,28044.0,23218.0,99849.0,696692.0,196400.0,25213.0
2020-05-22,157647.0,36902.0,31391.0,26613.0,115832.0,657184.0,224186.0,27786.0
2020-05-23,170519.0,41109.0,34621.0,29744.0,133864.0,615554.0,254749.0,30563.0
2020-05-24,183780.0,44928.0,38555.0,32925.0,154153.0,570857.0,287629.0,32880.0
2020-05-25,193761.0,48186.0,42499.0,36496.0,176235.0,527587.0,323208.0,35579.0
2020-05-26,203048.0,51153.0,45929.0,40195.0,201016.0,483600.0,360056.0,36848.0
2020-05-27,210177.0,53423.0,49456.0,43781.0,227959.0,440750.0,398522.0,38466.0
2020-05-28,214124.0,55731.0,51778.0,47010.0,257781.0,399511.0,438264.0,39742.0
2020-05-29,214677.0,57047.0,53644.0,50086.0,288591.0,360072.0,478404.0,40140.0
2020-05-30,214099.0,58053.0,55445.0,51959.0,322469.0,323421.0,518663.0,40259.0
2020-05-31,210131.0,58102.0,56159.0,53643.0,356219.0,290573.0,558521.0,39858.0
2020-06-01,203820.0,57570.0,56979.0,55124.0,390905.0,261265.0,597637.0,39116.0
2020-06-02,195616.0,55937.0,56536.0,55711.0,427199.0,234682.0,635475.0,37838.0
2020-06-03,186258.0,54577.0,55697.0,55892.0,463565.0,211108.0,671820.0,36345.0
2020-06-04,175800.0,51745.0,54501.0,55146.0,498352.0,190597.0,705901.0,34081.0
2020-06-05,164267.0,48956.0,52395.0,54064.0,533895.0,172512.0,738029.0,32128.0
2020-06-06,152292.0,46359.0,50066.0,52806.0,568736.0,156790.0,767993.0,29964.0
2020-06-07,140220.0,43057.0,47270.0,50592.0,600971.0,143396.0,795893.0,27900.0
2020-06-08,128814.0,39928.0,44557.0,48239.0,632469.0,131811.0,821268.0,25375.0
2020-06-09,117411.0,36855.0,41100.0,45584.0,663204.0,121531.0,844708.0,23440.0
2020-06-10,106199.0,33786.0,37846.0,42474.0,692103.0,113291.0,865770.0,21062.0
2020-06-11,96143.0,30951.0,35174.0,39784.0,718578.0,106145.0,885263.0,19493.0
2020-06-12,86798.0,28149.0,32507.0,36651.0,743220.0,99906.0,902598.0,17335.0
2020-06-13,78092.0,25134.0,29818.0,33818.0,766869.0,93900.0,918103.0,15505.0
2020-06-14,70033.0,22793.0,26945.0,30939.0,787562.0,89354.0,932269.0,14166.0
2020-06-15,62650.0,20485.0,24478.0,28310.0,806921.0,85262.0,945042.0,12773.0
2020-06-16,56047.0,18374.0,21854.0,25713.0,825344.0,81592.0,956192.0,11150.0
2020-06-17,50006.0,16412.0,19903.0,23091.0,840215.0,78419.0,966257.0,10065.0
2020-06-18,44584.0,14605.0,17836.0,20882.0,855053.0,76023.0,975171.0,8914.0
2020-06-19,39665.0,13069.0,16001.0,18989.0,866534.0,73927.0,983020.0,7849.0
2020-06-20,35205.0,11619.0,14296.0,16929.0,877549.0,72049.0,990182.0,7162.0
2020-06-21,31074.0,10493.0,12870.0,15297.0,887056.0,70390.0,996597.0,6415.0
2020-06-22,27934.0,9216.0,11481.0,13804.0,896581.0,68716.0,1002176.0,5579.0
2020-06-23,24758.0,8305.0,10105.0,12275.0,904322.0,67105.0,1007228.0,5052.0
2020-06-24,21819.0,7445.0,8913.0,10799.0,911834.0,65972.0,1011677.0,4449.0
2020-06-25,19417.0,6486.0,7885.0,9672.0,918717.0,65227.0,1015520.0,3843.0
2020-06-26,17217.0,5689.0,7072.0,8778.0,923704.0,64234.0,1019004.0,3484.0
2020-06-27,15184.0,5031.0,6208.0,7716.0,930372.0,63823.0,1022058.0,3054.0
2020-06-28,13535.0,4418.0,5562.0,6931.0,934564.0,62605.0,1024667.0,2609.0
2020-06-29,11776.0,3978.0,4942.0,6039.0,938981.0,62100.0,1027092.0,2425.0
2020-06-30,10368.0,3464.0,4329.0,5340.0,942572.0,61791.0,1029158.0,2066.0
2020-07-01,9105.0,3068.0,3785.0,4683.0,945690.0,61511.0,1031051.0,1893.0
2020-07-02,8201.0,2716.0,3408.0,4173.0,949084.0,61285.0,1032675.0,1624.0
2020-07-03,7310.0,2457.0,3036.0,3776.0,952165.0,61063.0,1034114.0,1439.0
2020-07-04,6248.0,2177.0,2708.0,3321.0,953217.0,60823.0,1035435.0,1321.0
2020-07-05,5492.0,1830.0,2291.0,2889.0,953910.0,60574.0,1036541.0,1106.0
2020-07-06,4904.0,1695.0,2042.0,2532.0,956974.0,60067.0,1037518.0,977.0
