time,E,I1,I2,I3,R,S,cumI,diffI
2020-03-06,0.0,2.0,0.0,0.0,0.0,970205.0,0.0,0.0
2020-03-07,1.0,1.0,0.0,0.0,0.0,972185.0,0.0,0.0
2020-03-08,0.0,1.0,0.0,0.0,0.0,979253.0,0.0,0.0
2020-03-09,0.0,0.0,1.0,0.0,0.0,986388.0,0.0,0.0
2020-03-10,0.0,0.0,0.0,0.0,1.0,992571.0,0.0,0.0
2020-03-11,0.0,0.0,0.0,0.0,1.0,996291.0,0.0,0.0
2020-03-12,0.0,0.0,0.0,0.0,1.0,1000096.0,0.0,0.0
2020-03-13,0.0,0.0,0.0,0.0,0.0,1004393.0,0.0,0.0
2020-03-14,0.0,0.0,0.0,0.0,1.0,1006010.0,0.0,0.0
2020-03-15,0.0,0.0,0.0,0.0,0.0,1007573.0,0.0,0.0
2020-03-16,0.0,0.0,0.0,0.0,0.0,1008372.0,0.0,0.0
2020-03-17,0.0,1.0,0.0,0.0,1.0,1008848.0,0.0,0.0
2020-03-18,3.0,0.0,1.0,0.0,1.0,1008990.0,0.0,0.0
2020-03-19,5.0,1.0,1.0,0.0,0.0,1011403.0,0.0,0.0
2020-03-20,2.0,0.0,2.0,0.0,1.0,1011490.0,0.0,0.0
2020-03-21,3.0,0.0,1.0,0.0,1.0,1011531.0,0.0,0.0
2020-03-22,6.0,1.0,0.0,0.0,0.0,1011937.0,1.0,1.0
2020-03-23,6.0,0.0,1.0,1.0,0.0,1012463.0,1.0,0.0
2020-03-24,6.0,2.0,1.0,0.0,3.0,1012507.0,4.0,3.0
2020-03-25,5.0,1.0,0.0,1.0,4.0,1013041.0,5.0,1.0
2020-03-26,6.0,1.0,0.0,1.0,4.0,1013912.0,6.0,1.0
2020-03-27,9.0,1.0,2.0,2.0,7.0,1014698.0,6.0,0.0
2020-03-28,7.0,1.0,1.0,1.0,8.0,1014789.0,7.0,1.0
2020-03-29,7.0,1.0,2.0,0.0,6.0,1015224.0,7.0,0.0
2020-03-30,4.0,1.0,3.0,1.0,9.0,1016540.0,9.0,2.0
2020-03-31,10.0,1.0,2.0,0.0,14.0,1017090.0,11.0,2.0
2020-04-01,6.0,0.0,3.0,1.0,11.0,1017918.0,12.0,1.0
2020-04-02,10.0,2.0,2.0,1.0,15.0,1017942.0,14.0,2.0
2020-04-03,17.0,6.0,2.0,2.0,22.0,1017070.0,19.0,5.0
2020-04-04,20.0,8.0,4.0,4.0,18.0,1017189.0,24.0,5.0
2020-04-05,25.0,9.0,6.0,3.0,16.0,1017159.0,30.0,6.0
2020-04-06,38.0,9.0,4.0,6.0,19.0,1017440.0,33.0,3.0
2020-04-07,45.0,8.0,8.0,5.0,30.0,1016146.0,40.0,7.0
2020-04-08,52.0,10.0,9.0,5.0,28.0,1017420.0,50.0,10.0
2020-04-09,64.0,16.0,11.0,3.0,28.0,1018533.0,65.0,15.0
2020-04-10,74.0,23.0,12.0,9.0,35.0,1018708.0,81.0,16.0
2020-04-11,86.0,24.0,17.0,13.0,50.0,1018959.0,96.0,15.0
2020-04-12,98.0,26.0,19.0,17.0,59.0,1020320.0,112.0,16.0
2020-04-13,125.0,21.0,23.0,25.0,66.0,1020947.0,128.0,16.0
2020-04-14,148.0,29.0,24.0,21.0,85.0,1020244.0,155.0,27.0
2020-04-15,169.0,37.0,33.0,26.0,91.0,1019569.0,186.0,31.0
2020-04-16,208.0,47.0,25.0,26.0,110.0,1020618.0,222.0,36.0
2020-04-17,259.0,68.0,33.0,34.0,119.0,1019866.0,265.0,43.0
2020-04-18,291.0,80.0,52.0,41.0,154.0,1018678.0,330.0,65.0
2020-04-19,343.0,74.0,80.0,44.0,183.0,1017751.0,383.0,53.0
2020-04-20,422.0,82.0,68.0,74.0,229.0,1017794.0,435.0,52.0
2020-04-21,477.0,105.0,85.0,67.0,285.0,1018155.0,531.0,96.0
2020-04-22,598.0,125.0,102.0,86.0,331.0,1018377.0,625.0,94.0
2020-04-23,766.0,153.0,137.0,92.0,352.0,1019736.0,743.0,118.0
2020-04-24,929.0,202.0,164.0,122.0,410.0,1019275.0,913.0,170.0
2020-04-25,1085.0,249.0,176.0,137.0,514.0,1020887.0,1107.0,194.0
2020-04-26,1284.0,297.0,202.0,174.0,596.0,1019941.0,1334.0,227.0
2020-04-27,1533.0,348.0,267.0,199.0,731.0,1019856.0,1605.0,271.0
2020-04-28,1739.0,393.0,331.0,227.0,859.0,1019020.0,1928.0,323.0
2020-04-29,2020.0,448.0,341.0,279.0,1034.0,1017657.0,2281.0,353.0
2020-04-30,2355.0,499.0,403.0,308.0,1195.0,1018421.0,2678.0,397.0
2020-05-01,2847.0,603.0,504.0,328.0,1484.0,1018206.0,3145.0,467.0
2020-05-02,3335.0,713.0,579.0,453.0,1699.0,1016383.0,3713.0,568.0
2020-05-03,4014.0,842.0,715.0,522.0,1984.0,1016351.0,4384.0,671.0
2020-05-04,4820.0,984.0,831.0,631.0,2386.0,1014708.0,5166.0,782.0
2020-05-05,5696.0,1296.0,940.0,750.0,2846.0,1011645.0,6159.0,993.0
2020-05-06,6868.0,1444.0,1197.0,913.0,3300.0,1009202.0,7294.0,1135.0
2020-05-07,8220.0,1772.0,1393.0,1085.0,3989.0,1008092.0,8693.0,1399.0
2020-05-08,9726.0,2059.0,1595.0,1295.0,4748.0,1004141.0,10300.0,1607.0
2020-05-09,11419.0,2452.0,1929.0,1521.0,5498.0,1001203.0,12236.0,1936.0
2020-05-10,13425.0,2904.0,2278.0,1774.0,6578.0,996760.0,14478.0,2242.0
2020-05-11,15895.0,3428.0,2781.0,2102.0,7899.0,992271.0,17233.0,2755.0
2020-05-12,18831.0,4033.0,3230.0,2553.0,9345.0,986932.0,20356.0,3123.0
2020-05-13,22240.0,4819.0,3754.0,2928.0,11080.0,979055.0,24103.0,3747.0
2020-05-14,25932.0,5692.0,4424.0,3469.0,13206.0,970742.0,28482.0,4379.0
2020-05-15,30143.0,6630.0,5188.0,4089.0,15692.0,962290.0,33602.0,5120.0
2020-05-16,35487.0,7653.0,6174.0,4941.0,18358.0,951175.0,39544.0,5942.0
2020-05-17,41422.0,8958.0,7225.0,5726.0,21708.0,937530.0,46525.0,6981.0
2020-05-18,48717.0,10655.0,8352.0,6703.0,25733.0,924015.0,54861.0,8336.0
2020-05-19,56449.0,12415.0,9834.0,7856.0,30390.0,907833.0,64472.0,9611.0
2020-05-20,65025.0,14433.0,11589.0,9277.0,35869.0,889285.0,75709.0,11237.0
2020-05-21,75010.0,16769.0,13562.0,10765.0,42278.0,866617.0,88670.0,12961.0
2020-05-22,85837.0,19401.0,15722.0,12498.0,49862.0,841437.0,103540.0,14870.0
2020-05-23,97537.0,22230.0,18114.0,14709.0,58540.0,814260.0,120493.0,16953.0
2020-05-24,110190.0,25399.0,20692.0,16740.0,68860.0,783677.0,139730.0,19237.0
2020-05-25,123710.0,28582.0,23626.0,19326.0,80439.0,749832.0,161164.0,21434.0
2020-05-26,137572.0,32139.0,26850.0,22087.0,93915.0,712721.0,185394.0,24230.0
2020-05-27,151436.0,35610.0,30262.0,24852.0,109106.0,674458.0,212017.0,26623.0
2020-05-28,164555.0,39190.0,33486.0,28298.0,126200.0,633540.0,241287.0,29270.0
2020-05-29,177464.0,42994.0,37342.0,31529.0,145093.0,591062.0,273070.0,31783.0
2020-05-30,189034.0,46639.0,40861.0,35479.0,166334.0,547094.0,307498.0,34428.0
2020-05-31,198996.0,49990.0,44295.0,38813.0,189927.0,503791.0,343992.0,36494.0
2020-06-01,206644.0,52217.0,47707.0,41913.0,216040.0,460679.0,381834.0,37842.0
2020-06-02,212052.0,54412.0,50413.0,45546.0,244576.0,419810.0,420700.0,38866.0
2020-06-03,215136.0,56085.0,52639.0,48371.0,274886.0,379352.0,460484.0,39784.0
2020-06-04,214564.0,57108.0,54782.0,50998.0,306189.0,342791.0,500610.0,40126.0
2020-06-05,211700.0,57898.0,56356.0,52941.0,339718.0,308363.0,540979.0,40369.0
2020-06-06,206762.0,57827.0,57042.0,54420.0,374137.0,276935.0,580484.0,39505.0
2020-06-07,199368.0,56632.0,57158.0,55609.0,409747.0,248981.0,618918.0,38434.0
2020-06-08,190938.0,55016.0,56311.0,56064.0,445157.0,223659.0,655547.0,36629.0
2020-06-09,180919.0,52870.0,54830.0,55519.0,481426.0,201412.0,690818.0,35271.0
2020-06-10,169761.0,50558.0,53414.0,54514.0,516164.0,181464.0,724254.0,33436.0
2020-06-11,158132.0,47726.0,50865.0,53570.0,551139.0,164887.0,755344.0,31090.0
2020-06-12,146885.0,44855.0,48346.0,51634.0,584579.0,150791.0,784360.0,29016.0
2020-06-13,135401.0,41567.0,46041.0,49393.0,617802.0,139034.0,811043.0,26683.0
2020-06-14,123705.0,38477.0,42933.0,47097.0,649703.0,127786.0,835701.0,24658.0
2020-06-15,112323.0,35291.0,39991.0,44301.0,677913.0,118642.0,858049.0,22348.0
2020-06-16,101866.0,32441.0,37004.0,41128.0,704970.0,110314.0,878404.0,20355.0
2020-06-17,92049.0,29486.0,33898.0,38284.0,729877.0,103839.0,896959.0,18555.0
2020-06-18,83110.0,26664.0,31206.0,35548.0,753090.0,97938.0,913576.0,16617.0
2020-06-19,74595.0,24282.0,28166.0,32748.0,773833.0,93348.0,928456.0,14880.0
2020-06-20,67105.0,22038.0,25473.0,29645.0,794214.0,88870.0,941856.0,13400.0
2020-06-21,60478.0,19580.0,23093.0,27377.0,810954.0,84871.0,953748.0,11892.0
2020-06-22,54000.0,17631.0,20953.0,24998.0,828807.0,81491.0,964588.0,10840.0
2020-06-23,48198.0,15847.0,18900.0,22396.0,842243.0,78645.0,974378.0,9790.0
2020-06-24,42739.0,14318.0,17138.0,20034.0,856133.0,76368.0,983176.0,8798.0
2020-06-25,38194.0,12753.0,15303.0,18487.0,867802.0,74259.0,990813.0,7637.0
2020-06-26,34012.0,11218.0,13984.0,16518.0,877541.0,72353.0,997739.0,6926.0
2020-06-27,30243.0,9939.0,12309.0,14924.0,887200.0,70445.0,1003902.0,6163.0
2020-06-28,26792.0,8890.0,10950.0,13351.0,897276.0,69004.0,1009322.0,5420.0
2020-06-29,23667.0,8002.0,9782.0,11833.0,905840.0,67800.0,1014201.0,4879.0
2020-06-30,20900.0,7117.0,8539.0,10655.0,914204.0,66667.0,1018483.0,4282.0
2020-07-01,18713.0,6302.0,7737.0,9331.0,919622.0,65713.0,1022207.0,3724.0
2020-07-02,16373.0,5629.0,6810.0,8305.0,924691.0,65266.0,1025586.0,3379.0
2020-07-03,14637.0,4935.0,6029.0,7505.0,929589.0,64276.0,1028534.0,2948.0
2020-07-04,13080.0,4344.0,5444.0,6566.0,934417.0,64032.0,1031200.0,2666.0
2020-07-05,11543.0,3897.0,4662.0,6016.0,938241.0,63414.0,1033497.0,2297.0
2020-07-06,10296.0,3458.0,4235.0,5153.0,942019.0,63047.0,1035537.0,2040.0
