time,E,I1,I2,I3,R,S,cumI,diffI
2020-03-06,0.0,3.0,0.0,0.0,0.0,970304.0,0.0,0.0
2020-03-07,3.0,0.0,1.0,0.0,0.0,973065.0,0.0,0.0
2020-03-08,6.0,0.0,0.0,1.0,0.0,980389.0,0.0,0.0
2020-03-09,5.0,0.0,0.0,1.0,0.0,987167.0,0.0,0.0
2020-03-10,4.0,0.0,0.0,0.0,1.0,993096.0,0.0,0.0
2020-03-11,3.0,1.0,0.0,0.0,1.0,997935.0,1.0,1.0
2020-03-12,2.0,0.0,1.0,1.0,1.0,1001474.0,1.0,0.0
2020-03-13,2.0,1.0,0.0,0.0,1.0,1004922.0,2.0,1.0
2020-03-14,4.0,0.0,1.0,1.0,0.0,1005709.0,2.0,0.0
2020-03-15,3.0,0.0,0.0,0.0,2.0,1007976.0,2.0,0.0
2020-03-16,2.0,0.0,0.0,0.0,3.0,1009534.0,2.0,0.0
2020-03-17,1.0,0.0,0.0,0.0,3.0,1010897.0,2.0,0.0
2020-03-18,3.0,0.0,0.0,0.0,2.0,1012140.0,2.0,0.0
2020-03-19,7.0,1.0,0.0,0.0,1.0,1014896.0,2.0,0.0
2020-03-20,5.0,3.0,1.0,0.0,3.0,1015016.0,5.0,3.0
2020-03-21,8.0,1.0,1.0,1.0,3.0,1014574.0,5.0,0.0
2020-03-22,9.0,2.0,0.0,0.0,3.0,1013716.0,7.0,2.0
2020-03-23,11.0,2.0,1.0,1.0,4.0,1013816.0,9.0,2.0
2020-03-24,9.0,2.0,1.0,0.0,2.0,1015162.0,10.0,1.0
2020-03-25,10.0,1.0,0.0,1.0,6.0,1014095.0,12.0,2.0
2020-03-26,9.0,2.0,0.0,2.0,5.0,1014195.0,13.0,1.0
2020-03-27,8.0,0.0,1.0,3.0,6.0,1013870.0,13.0,0.0
2020-03-28,10.0,4.0,0.0,4.0,8.0,1015408.0,16.0,3.0
2020-03-29,15.0,7.0,0.0,2.0,11.0,1015651.0,20.0,4.0
2020-03-30,24.0,8.0,3.0,2.0,10.0,1015303.0,23.0,3.0
2020-03-31,28.0,10.0,3.0,4.0,11.0,1016991.0,28.0,5.0
2020-04-01,25.0,5.0,5.0,5.0,17.0,1017484.0,33.0,5.0
2020-04-02,40.0,6.0,9.0,7.0,23.0,1017621.0,43.0,10.0
2020-04-03,48.0,8.0,9.0,7.0,24.0,1016740.0,54.0,11.0
2020-04-04,61.0,12.0,8.0,11.0,25.0,1017824.0,65.0,11.0
2020-04-05,66.0,17.0,6.0,12.0,26.0,1016559.0,75.0,10.0
2020-04-06,83.0,17.0,15.0,5.0,28.0,1017314.0,83.0,8.0
2020-04-07,86.0,22.0,16.0,10.0,39.0,1016804.0,100.0,17.0
2020-04-08,108.0,23.0,16.0,15.0,49.0,1016704.0,111.0,11.0
2020-04-09,114.0,31.0,17.0,18.0,60.0,1017361.0,132.0,21.0
2020-04-10,136.0,37.0,25.0,17.0,68.0,1017508.0,151.0,19.0
2020-04-11,169.0,32.0,29.0,17.0,76.0,1018632.0,172.0,21.0
2020-04-12,208.0,39.0,26.0,35.0,94.0,1018806.0,203.0,31.0
2020-04-13,252.0,44.0,48.0,36.0,113.0,1019053.0,236.0,33.0
2020-04-14,287.0,68.0,48.0,37.0,140.0,1018683.0,292.0,56.0
2020-04-15,349.0,81.0,65.0,47.0,156.0,1017890.0,357.0,65.0
2020-04-16,399.0,85.0,70.0,50.0,197.0,1017237.0,418.0,61.0
2020-04-17,496.0,102.0,88.0,61.0,220.0,1018250.0,494.0,76.0
2020-04-18,606.0,112.0,92.0,81.0,264.0,1019336.0,572.0,78.0
2020-04-19,728.0,138.0,143.0,93.0,318.0,1019087.0,693.0,121.0
2020-04-20,853.0,152.0,164.0,103.0,403.0,1019331.0,829.0,136.0
2020-04-21,976.0,202.0,177.0,118.0,533.0,1019226.0,1003.0,174.0
2020-04-22,1105.0,258.0,177.0,149.0,587.0,1018185.0,1204.0,201.0
2020-04-23,1377.0,308.0,226.0,178.0,660.0,1017920.0,1425.0,221.0
2020-04-24,1586.0,351.0,285.0,192.0,807.0,1017016.0,1703.0,278.0
2020-04-25,1887.0,454.0,349.0,228.0,923.0,1015946.0,2062.0,359.0
2020-04-26,2304.0,494.0,405.0,323.0,1115.0,1014550.0,2440.0,378.0
2020-04-27,2753.0,589.0,464.0,401.0,1302.0,1014603.0,2940.0,500.0
2020-04-28,3366.0,693.0,572.0,467.0,1589.0,1014872.0,3475.0,535.0
2020-04-29,4013.0,838.0,630.0,550.0,1933.0,1014592.0,4128.0,653.0
2020-04-30,4791.0,989.0,788.0,611.0,2283.0,1013861.0,4918.0,790.0
2020-05-01,5646.0,1192.0,947.0,688.0,2660.0,1011667.0,5841.0,923.0
2020-05-02,6617.0,1470.0,1072.0,851.0,3143.0,1009758.0,6971.0,1130.0
2020-05-03,7766.0,1750.0,1343.0,986.0,3679.0,1006955.0,8317.0,1346.0
2020-05-04,9058.0,2032.0,1513.0,1199.0,4451.0,1004111.0,9860.0,1543.0
2020-05-05,10909.0,2331.0,1915.0,1391.0,5276.0,1001293.0,11722.0,1862.0
2020-05-06,12968.0,2790.0,2228.0,1700.0,6360.0,996784.0,13898.0,2176.0
2020-05-07,15246.0,3361.0,2639.0,2038.0,7553.0,991867.0,16475.0,2577.0
2020-05-08,18094.0,3893.0,3150.0,2436.0,8849.0,986425.0,19497.0,3022.0
2020-05-09,21093.0,4467.0,3691.0,2841.0,10527.0,980415.0,22997.0,3500.0
2020-05-10,24886.0,5393.0,4208.0,3368.0,12554.0,972947.0,27247.0,4250.0
2020-05-11,29308.0,6339.0,5026.0,3922.0,14887.0,964289.0,32246.0,4999.0
2020-05-12,34233.0,7580.0,5970.0,4757.0,17635.0,953731.0,38126.0,5880.0
2020-05-13,40076.0,8924.0,7109.0,5592.0,20846.0,941237.0,44998.0,6872.0
2020-05-14,46720.0,10262.0,8308.0,6702.0,24631.0,928394.0,52997.0,7999.0
2020-05-15,54573.0,11827.0,9545.0,7851.0,29129.0,912164.0,62103.0,9106.0
2020-05-16,63154.0,13899.0,11112.0,9044.0,34578.0,893299.0,72841.0,10738.0
2020-05-17,72528.0,16058.0,12983.0,10531.0,40798.0,872032.0,85220.0,12379.0
2020-05-18,83309.0,18391.0,15194.0,12289.0,48162.0,847747.0,99312.0,14092.0
2020-05-19,94845.0,21417.0,17533.0,14092.0,56315.0,820362.0,115868.0,16556.0
2020-05-20,107334.0,24320.0,20164.0,16284.0,66107.0,791073.0,134359.0,18491.0
2020-05-21,120432.0,27503.0,22881.0,18931.0,77088.0,758783.0,155154.0,20795.0
2020-05-22,134410.0,31386.0,26116.0,21750.0,89982.0,721608.0,178808.0,23654.0
2020-05-23,148716.0,35135.0,29688.0,24486.0,104728.0,682317.0,205014.0,26206.0
2020-05-24,162593.0,38741.0,33087.0,27725.0,121489.0,641946.0,233721.0,28707.0
2020-05-25,176016.0,42275.0,36663.0,30941.0,140684.0,599437.0,264951.0,31230.0
2020-05-26,187303.0,45659.0,40181.0,34520.0,161624.0,555963.0,298680.0,33729.0
2020-05-27,197452.0,49109.0,43337.0,37897.0,184718.0,512382.0,334187.0,35507.0
2020-05-28,205941.0,51992.0,46686.0,41400.0,210249.0,470373.0,371728.0,37541.0
2020-05-29,211188.0,54838.0,49598.0,44636.0,237261.0,427959.0,411009.0,39281.0
2020-05-30,214134.0,56556.0,52664.0,47943.0,266955.0,387442.0,451195.0,40186.0
2020-05-31,214847.0,57760.0,54789.0,50752.0,298641.0,349086.0,491403.0,40208.0
2020-06-01,213043.0,57980.0,56189.0,53158.0,332259.0,314255.0,531727.0,40324.0
2020-06-02,208181.0,57719.0,57020.0,54844.0,367124.0,282199.0,571170.0,39443.0
2020-06-03,201272.0,56897.0,56668.0,55528.0,402391.0,253242.0,609508.0,38338.0
2020-06-04,192194.0,55490.0,56105.0,56075.0,437338.0,227169.0,647010.0,37502.0
2020-06-05,182660.0,53505.0,55132.0,55783.0,473304.0,204532.0,682373.0,35363.0
2020-06-06,171931.0,51214.0,53263.0,55357.0,508741.0,185041.0,716043.0,33670.0
2020-06-07,159888.0,48477.0,51571.0,53723.0,543082.0,167615.0,747587.0,31544.0
2020-06-08,148227.0,45392.0,49003.0,52476.0,577414.0,152689.0,776730.0,29143.0
2020-06-09,137034.0,42389.0,46289.0,49715.0,610366.0,139480.0,803836.0,27106.0
2020-06-10,125675.0,39052.0,43482.0,47610.0,643219.0,128729.0,828712.0,24876.0
2020-06-11,114381.0,35815.0,40711.0,44620.0,673041.0,119293.0,851316.0,22604.0
2020-06-12,103981.0,32900.0,37133.0,41928.0,700049.0,111144.0,872044.0,20728.0
2020-06-13,93683.0,30114.0,34278.0,38826.0,726664.0,103713.0,890926.0,18882.0
2020-06-14,84380.0,27242.0,31552.0,35558.0,750117.0,97928.0,907840.0,16914.0
2020-06-15,75711.0,24538.0,29026.0,33274.0,771763.0,93074.0,923222.0,15382.0
2020-06-16,67822.0,22292.0,26436.0,30232.0,792805.0,88565.0,936963.0,13741.0
2020-06-17,60416.0,19949.0,23975.0,27636.0,810595.0,84933.0,949283.0,12320.0
2020-06-18,54389.0,17698.0,21339.0,25136.0,828692.0,81343.0,960149.0,10866.0
2020-06-19,48754.0,16122.0,19004.0,22695.0,843826.0,78468.0,969923.0,9774.0
2020-06-20,43428.0,14428.0,17513.0,20493.0,857726.0,76103.0,978712.0,8789.0
2020-06-21,38755.0,12926.0,15598.0,18645.0,868937.0,74153.0,986500.0,7788.0
2020-06-22,34631.0,11474.0,13487.0,16609.0,880996.0,71875.0,993350.0,6850.0
2020-06-23,30657.0,10132.0,12233.0,14668.0,890827.0,70473.0,999516.0,6166.0
2020-06-24,27302.0,9132.0,11206.0,13021.0,897247.0,69014.0,1005014.0,5498.0
2020-06-25,24328.0,8105.0,10024.0,11774.0,905879.0,67918.0,1009916.0,4902.0
2020-06-26,21455.0,7141.0,8848.0,10511.0,913055.0,66924.0,1014229.0,4313.0
2020-06-27,18948.0,6355.0,7801.0,9438.0,918552.0,65897.0,1018145.0,3916.0
2020-06-28,16757.0,5728.0,6712.0,8380.0,924711.0,64841.0,1021583.0,3438.0
2020-06-29,14822.0,5048.0,6080.0,7450.0,929922.0,64205.0,1024585.0,3002.0
2020-06-30,13094.0,4449.0,5386.0,6686.0,934526.0,63397.0,1027242.0,2657.0
2020-07-01,11647.0,3877.0,4817.0,5884.0,939114.0,63009.0,1029561.0,2319.0
2020-07-02,10347.0,3427.0,4295.0,5175.0,942639.0,62514.0,1031627.0,2066.0
2020-07-03,9217.0,3079.0,3805.0,4655.0,945913.0,62198.0,1033471.0,1844.0
2020-07-04,8148.0,2659.0,3255.0,4133.0,948285.0,61737.0,1035043.0,1572.0
2020-07-05,7083.0,2405.0,2943.0,3704.0,951417.0,61395.0,1036528.0,1485.0
2020-07-06,6275.0,2109.0,2675.0,3196.0,952546.0,61342.0,1037787.0,1259.0
