time,E,I1,I2,I3,R,S,cumI,diffI
2020-03-06,0.0,3.0,0.0,0.0,0.0,970320.0,0.0,0.0
2020-03-07,2.0,2.0,0.0,0.0,0.0,972863.0,0.0,0.0
2020-03-08,2.0,0.0,1.0,1.0,0.0,979672.0,0.0,0.0
2020-03-09,2.0,0.0,0.0,0.0,2.0,987084.0,0.0,0.0
2020-03-10,0.0,0.0,0.0,0.0,0.0,992623.0,0.0,0.0
2020-03-11,0.0,0.0,1.0,0.0,0.0,997407.0,0.0,0.0
2020-03-12,0.0,0.0,0.0,1.0,0.0,1001361.0,0.0,0.0
2020-03-13,1.0,0.0,0.0,0.0,3.0,1002946.0,0.0,0.0
2020-03-14,1.0,0.0,0.0,0.0,3.0,1005548.0,0.0,0.0
2020-03-15,1.0,0.0,0.0,0.0,4.0,1005568.0,0.0,0.0
2020-03-16,1.0,0.0,0.0,1.0,3.0,1006183.0,0.0,0.0
2020-03-17,2.0,0.0,0.0,0.0,4.0,1008787.0,0.0,0.0
2020-03-18,3.0,1.0,1.0,0.0,3.0,1010166.0,1.0,1.0
2020-03-19,4.0,0.0,0.0,0.0,3.0,1012215.0,1.0,0.0
2020-03-20,5.0,0.0,0.0,0.0,1.0,1012340.0,1.0,0.0
2020-03-21,5.0,0.0,0.0,0.0,2.0,1012430.0,1.0,0.0
2020-03-22,4.0,1.0,1.0,0.0,3.0,1012897.0,2.0,1.0
2020-03-23,4.0,0.0,2.0,0.0,5.0,1014064.0,2.0,0.0
2020-03-24,3.0,1.0,1.0,1.0,4.0,1013335.0,3.0,1.0
2020-03-25,5.0,0.0,2.0,1.0,3.0,1014003.0,4.0,1.0
2020-03-26,8.0,0.0,0.0,2.0,5.0,1014433.0,5.0,1.0
2020-03-27,12.0,1.0,0.0,2.0,7.0,1016354.0,6.0,1.0
2020-03-28,9.0,1.0,2.0,2.0,8.0,1014129.0,7.0,1.0
2020-03-29,11.0,4.0,1.0,3.0,5.0,1014417.0,10.0,3.0
2020-03-30,14.0,6.0,2.0,2.0,7.0,1014955.0,16.0,6.0
2020-03-31,17.0,6.0,4.0,2.0,5.0,1015078.0,21.0,5.0
2020-04-01,18.0,10.0,5.0,1.0,8.0,1015386.0,26.0,5.0
2020-04-02,23.0,9.0,5.0,3.0,11.0,1015686.0,30.0,4.0
2020-04-03,26.0,9.0,5.0,5.0,10.0,1015636.0,38.0,8.0
2020-04-04,39.0,6.0,6.0,5.0,17.0,1016199.0,42.0,4.0
2020-04-05,36.0,7.0,8.0,3.0,23.0,1017380.0,46.0,4.0
2020-04-06,46.0,9.0,5.0,4.0,24.0,1017555.0,51.0,5.0
2020-04-07,46.0,9.0,7.0,5.0,19.0,1017521.0,58.0,7.0
2020-04-08,51.0,9.0,6.0,6.0,32.0,1017820.0,68.0,10.0
2020-04-09,61.0,14.0,7.0,9.0,31.0,1016599.0,80.0,12.0
2020-04-10,82.0,18.0,16.0,9.0,35.0,1017283.0,93.0,13.0
2020-04-11,99.0,25.0,14.0,15.0,32.0,1016994.0,114.0,21.0
2020-04-12,129.0,21.0,18.0,22.0,39.0,1016730.0,128.0,14.0
2020-04-13,123.0,32.0,19.0,29.0,41.0,1017815.0,150.0,22.0
2020-04-14,151.0,36.0,24.0,25.0,68.0,1016514.0,173.0,23.0
2020-04-15,168.0,39.0,23.0,28.0,79.0,1018350.0,196.0,23.0
2020-04-16,207.0,44.0,33.0,28.0,85.0,1017518.0,230.0,34.0
2020-04-17,261.0,47.0,39.0,25.0,110.0,1018796.0,274.0,44.0
2020-04-18,308.0,64.0,47.0,37.0,134.0,1018766.0,326.0,52.0
2020-04-19,359.0,79.0,69.0,38.0,167.0,1018696.0,401.0,75.0
2020-04-20,413.0,91.0,81.0,50.0,208.0,1019214.0,470.0,69.0
2020-04-21,494.0,120.0,86.0,64.0,242.0,1018000.0,558.0,88.0
2020-04-22,555.0,147.0,89.0,76.0,269.0,1017921.0,662.0,104.0
2020-04-23,687.0,164.0,114.0,86.0,286.0,1019073.0,781.0,119.0
2020-04-24,801.0,190.0,142.0,113.0,377.0,1019108.0,929.0,148.0
2020-04-25,980.0,228.0,181.0,125.0,452.0,1017788.0,1102.0,173.0
2020-04-26,1197.0,242.0,214.0,136.0,587.0,1017665.0,1287.0,185.0
2020-04-27,1437.0,293.0,239.0,177.0,677.0,1017961.0,1517.0,230.0
2020-04-28,1720.0,352.0,279.0,199.0,800.0,1018555.0,1793.0,276.0
2020-04-29,1952.0,424.0,354.0,247.0,950.0,1018303.0,2134.0,341.0
2020-04-30,2288.0,496.0,424.0,296.0,1105.0,1017559.0,2527.0,393.0
2020-05-01,2767.0,591.0,492.0,384.0,1307.0,1017073.0,3012.0,485.0
2020-05-02,3348.0,710.0,566.0,462.0,1576.0,1016330.0,3586.0,574.0
2020-05-03,3952.0,839.0,669.0,558.0,1862.0,1013683.0,4233.0,647.0
2020-05-04,4696.0,970.0,783.0,651.0,2197.0,1012402.0,4969.0,736.0
2020-05-05,5472.0,1216.0,946.0,728.0,2624.0,1011239.0,5936.0,967.0
2020-05-06,6482.0,1437.0,1108.0,879.0,3216.0,1009427.0,7020.0,1084.0
2020-05-07,7675.0,1608.0,1304.0,1005.0,3873.0,1007889.0,8227.0,1207.0
2020-05-08,9082.0,1942.0,1536.0,1222.0,4488.0,1003540.0,9752.0,1525.0
2020-05-09,10733.0,2353.0,1819.0,1422.0,5319.0,1001426.0,11569.0,1817.0
2020-05-10,12487.0,2769.0,2149.0,1635.0,6266.0,998207.0,13721.0,2152.0
2020-05-11,14830.0,3240.0,2523.0,1989.0,7435.0,992686.0,16265.0,2544.0
2020-05-12,17483.0,3822.0,2911.0,2385.0,8728.0,987885.0,19151.0,2886.0
2020-05-13,20346.0,4529.0,3477.0,2750.0,10351.0,980816.0,22661.0,3510.0
2020-05-14,24183.0,5330.0,4171.0,3226.0,12235.0,973609.0,26772.0,4111.0
2020-05-15,28232.0,6213.0,4983.0,3839.0,14568.0,965164.0,31660.0,4888.0
2020-05-16,33299.0,7131.0,5997.0,4527.0,17178.0,954910.0,37239.0,5579.0
2020-05-17,38796.0,8653.0,6787.0,5315.0,20451.0,943418.0,43935.0,6696.0
2020-05-18,45270.0,10058.0,8154.0,6302.0,24112.0,931158.0,51803.0,7868.0
2020-05-19,52648.0,11540.0,9536.0,7454.0,28503.0,915401.0,60694.0,8891.0
2020-05-20,61890.0,13520.0,10987.0,8603.0,33670.0,896049.0,71008.0,10314.0
2020-05-21,71320.0,15773.0,12576.0,10345.0,39391.0,874549.0,83223.0,12215.0
2020-05-22,81547.0,18456.0,14899.0,11855.0,46719.0,849597.0,97422.0,14199.0
2020-05-23,92766.0,21011.0,17114.0,13742.0,54817.0,824050.0,113578.0,16156.0
2020-05-24,105155.0,23904.0,19586.0,16040.0,64131.0,795542.0,131784.0,18206.0
2020-05-25,118670.0,26925.0,22545.0,18498.0,75228.0,763880.0,152345.0,20561.0
2020-05-26,131881.0,30472.0,25513.0,21221.0,87749.0,730032.0,175432.0,23087.0
2020-05-27,145750.0,34148.0,28689.0,24002.0,101920.0,690625.0,201334.0,25902.0
2020-05-28,159130.0,37657.0,32207.0,27260.0,118144.0,650260.0,229603.0,28269.0
2020-05-29,172416.0,41324.0,35832.0,30089.0,136150.0,608366.0,260285.0,30682.0
2020-05-30,184041.0,44734.0,39234.0,33944.0,156512.0,565937.0,293525.0,33240.0
2020-05-31,194874.0,47979.0,42350.0,37371.0,179273.0,522506.0,328497.0,34972.0
2020-06-01,203811.0,51453.0,45868.0,40578.0,203905.0,479468.0,365542.0,37045.0
2020-06-02,210842.0,53904.0,49074.0,44059.0,230768.0,436057.0,404257.0,38715.0
2020-06-03,214065.0,55951.0,51739.0,47187.0,261296.0,396601.0,444104.0,39847.0
2020-06-04,214417.0,57414.0,53994.0,49922.0,291581.0,357693.0,484657.0,40553.0
2020-06-05,213536.0,57795.0,55255.0,52134.0,325073.0,322487.0,524716.0,40059.0
2020-06-06,210089.0,57723.0,55938.0,54232.0,359490.0,289186.0,564498.0,39782.0
2020-06-07,203751.0,57320.0,56472.0,55464.0,394275.0,259794.0,603586.0,39088.0
2020-06-08,195684.0,55454.0,57023.0,55557.0,429842.0,233001.0,641253.0,37667.0
2020-06-09,185542.0,53721.0,55829.0,56060.0,465551.0,209219.0,677220.0,35967.0
2020-06-10,174814.0,51759.0,54169.0,55705.0,501195.0,189051.0,711453.0,34233.0
2020-06-11,163619.0,49005.0,51688.0,54455.0,536330.0,171183.0,743287.0,31834.0
2020-06-12,151754.0,46024.0,49495.0,52723.0,570821.0,156341.0,772988.0,29701.0
2020-06-13,140153.0,43211.0,46799.0,50551.0,604309.0,142848.0,800633.0,27645.0
2020-06-14,128688.0,40149.0,44082.0,48125.0,635142.0,131615.0,826229.0,25596.0
2020-06-15,117307.0,37079.0,41477.0,45318.0,664701.0,121557.0,849874.0,23645.0
2020-06-16,106694.0,34080.0,38477.0,42641.0,692945.0,113230.0,871186.0,21312.0
2020-06-17,96425.0,30974.0,35710.0,39945.0,719296.0,105990.0,890725.0,19539.0
2020-06-18,86685.0,28238.0,32525.0,37008.0,744162.0,99211.0,908201.0,17476.0
2020-06-19,78178.0,25140.0,29638.0,33882.0,766236.0,93661.0,923733.0,15532.0
2020-06-20,70083.0,23087.0,26912.0,30988.0,787366.0,89606.0,937997.0,14264.0
2020-06-21,62572.0,20606.0,24343.0,28534.0,805715.0,85343.0,950664.0,12667.0
2020-06-22,56184.0,18282.0,22159.0,25893.0,822097.0,81836.0,961898.0,11234.0
2020-06-23,50083.0,16492.0,19821.0,23571.0,837657.0,79059.0,971980.0,10082.0
2020-06-24,44490.0,14649.0,17648.0,21107.0,852386.0,76366.0,981057.0,9077.0
2020-06-25,39923.0,13265.0,15981.0,18814.0,865533.0,74241.0,989060.0,8003.0
2020-06-26,35522.0,11757.0,14159.0,17159.0,876436.0,72170.0,996076.0,7016.0
2020-06-27,31261.0,10531.0,12780.0,15270.0,885723.0,70431.0,1002490.0,6414.0
2020-06-28,27851.0,9362.0,11386.0,13519.0,894898.0,68790.0,1008064.0,5574.0
2020-06-29,24571.0,8309.0,10149.0,12079.0,903006.0,67413.0,1013106.0,5042.0
2020-06-30,21731.0,7262.0,8925.0,10971.0,910642.0,66561.0,1017508.0,4402.0
2020-07-01,19305.0,6516.0,7965.0,9819.0,917458.0,65753.0,1021480.0,3972.0
2020-07-02,16988.0,5762.0,7079.0,8747.0,923725.0,65015.0,1024983.0,3503.0
2020-07-03,14987.0,5062.0,6295.0,7731.0,929641.0,64156.0,1028061.0,3078.0
2020-07-04,13391.0,4504.0,5599.0,6888.0,933261.0,63696.0,1030819.0,2758.0
2020-07-05,11882.0,4021.0,4772.0,6132.0,938768.0,63059.0,1033221.0,2402.0
2020-07-06,10393.0,3687.0,4318.0,5438.0,943348.0,62585.0,1035442.0,2221.0
