time,E,I1,I2,I3,R,S,cumI,diffI
2020-03-06,0.0,2.0,1.0,0.0,0.0,970534.0,0.0,0.0
2020-03-07,1.0,1.0,2.0,0.0,0.0,972540.0,0.0,0.0
2020-03-08,0.0,1.0,3.0,0.0,0.0,979338.0,1.0,1.0
2020-03-09,1.0,0.0,1.0,0.0,1.0,985807.0,1.0,0.0
2020-03-10,2.0,1.0,0.0,0.0,2.0,989989.0,2.0,1.0
2020-03-11,2.0,2.0,1.0,0.0,0.0,995647.0,4.0,2.0
2020-03-12,2.0,0.0,2.0,0.0,0.0,999286.0,5.0,1.0
2020-03-13,0.0,0.0,0.0,1.0,1.0,1002240.0,5.0,0.0
2020-03-14,0.0,0.0,0.0,0.0,1.0,1004550.0,5.0,0.0
2020-03-15,1.0,1.0,0.0,0.0,1.0,1005916.0,5.0,0.0
2020-03-16,4.0,1.0,0.0,0.0,2.0,1007692.0,5.0,0.0
2020-03-17,4.0,3.0,0.0,0.0,1.0,1008196.0,7.0,2.0
2020-03-18,8.0,0.0,2.0,0.0,0.0,1010089.0,7.0,0.0
2020-03-19,2.0,1.0,2.0,0.0,1.0,1011971.0,9.0,2.0
2020-03-20,4.0,0.0,0.0,2.0,1.0,1012428.0,9.0,0.0
2020-03-21,4.0,0.0,1.0,0.0,1.0,1012858.0,11.0,2.0
2020-03-22,7.0,2.0,1.0,0.0,0.0,1013811.0,13.0,2.0
2020-03-23,4.0,2.0,0.0,1.0,2.0,1013507.0,14.0,1.0
2020-03-24,7.0,1.0,1.0,0.0,4.0,1014555.0,15.0,1.0
2020-03-25,7.0,3.0,2.0,2.0,8.0,1015811.0,16.0,1.0
2020-03-26,13.0,3.0,1.0,1.0,11.0,1015553.0,16.0,0.0
2020-03-27,10.0,3.0,2.0,1.0,11.0,1015714.0,18.0,2.0
2020-03-28,17.0,3.0,3.0,2.0,7.0,1015593.0,20.0,2.0
2020-03-29,16.0,7.0,1.0,1.0,7.0,1015198.0,26.0,6.0
2020-03-30,21.0,9.0,5.0,2.0,8.0,1014761.0,30.0,4.0
2020-03-31,32.0,11.0,2.0,3.0,9.0,1014742.0,37.0,7.0
2020-04-01,34.0,8.0,9.0,4.0,13.0,1014530.0,45.0,8.0
2020-04-02,40.0,5.0,11.0,6.0,22.0,1015405.0,49.0,4.0
2020-04-03,41.0,10.0,9.0,9.0,20.0,1015441.0,59.0,10.0
2020-04-04,51.0,11.0,8.0,10.0,25.0,1015349.0,68.0,9.0
2020-04-05,63.0,16.0,9.0,7.0,26.0,1015411.0,76.0,8.0
2020-04-06,61.0,16.0,17.0,9.0,36.0,1017209.0,91.0,15.0
2020-04-07,98.0,20.0,13.0,18.0,43.0,1016449.0,102.0,11.0
2020-04-08,128.0,16.0,20.0,20.0,48.0,1015804.0,113.0,11.0
2020-04-09,156.0,27.0,25.0,21.0,76.0,1017615.0,131.0,18.0
2020-04-10,177.0,46.0,28.0,19.0,90.0,1018057.0,169.0,38.0
2020-04-11,223.0,46.0,31.0,19.0,106.0,1017076.0,204.0,35.0
2020-04-12,235.0,61.0,42.0,24.0,107.0,1017073.0,251.0,47.0
2020-04-13,311.0,52.0,56.0,45.0,124.0,1017755.0,288.0,37.0
2020-04-14,373.0,67.0,52.0,56.0,166.0,1018554.0,340.0,52.0
2020-04-15,422.0,75.0,76.0,49.0,196.0,1019088.0,411.0,71.0
2020-04-16,481.0,112.0,79.0,71.0,217.0,1017695.0,502.0,91.0
2020-04-17,599.0,141.0,92.0,75.0,287.0,1018614.0,605.0,103.0
2020-04-18,675.0,159.0,101.0,94.0,345.0,1017725.0,721.0,116.0
2020-04-19,801.0,183.0,144.0,105.0,406.0,1016697.0,886.0,165.0
2020-04-20,978.0,224.0,164.0,126.0,505.0,1016430.0,1053.0,167.0
2020-04-21,1210.0,255.0,196.0,164.0,594.0,1016074.0,1254.0,201.0
2020-04-22,1409.0,291.0,232.0,189.0,694.0,1016544.0,1489.0,235.0
2020-04-23,1746.0,387.0,276.0,233.0,847.0,1015860.0,1804.0,315.0
2020-04-24,1992.0,408.0,334.0,262.0,1030.0,1015391.0,2137.0,333.0
2020-04-25,2348.0,574.0,355.0,309.0,1240.0,1014097.0,2566.0,429.0
2020-04-26,2948.0,629.0,481.0,380.0,1421.0,1014916.0,3024.0,458.0
2020-04-27,3394.0,744.0,599.0,437.0,1651.0,1014853.0,3620.0,596.0
2020-04-28,4115.0,830.0,652.0,590.0,1891.0,1012778.0,4248.0,628.0
2020-04-29,4899.0,999.0,739.0,659.0,2249.0,1010507.0,4994.0,746.0
2020-04-30,5763.0,1198.0,957.0,689.0,2746.0,1010060.0,5971.0,977.0
2020-05-01,6818.0,1453.0,1145.0,862.0,3260.0,1008454.0,7112.0,1141.0
2020-05-02,7993.0,1800.0,1354.0,1036.0,3904.0,1006272.0,8545.0,1433.0
2020-05-03,9569.0,2108.0,1685.0,1280.0,4714.0,1002942.0,10159.0,1614.0
2020-05-04,11373.0,2417.0,1956.0,1578.0,5710.0,999932.0,12060.0,1901.0
2020-05-05,13429.0,2987.0,2234.0,1815.0,6821.0,995521.0,14385.0,2325.0
2020-05-06,15670.0,3487.0,2713.0,2089.0,8001.0,991967.0,17062.0,2677.0
2020-05-07,18561.0,4003.0,3268.0,2439.0,9544.0,985346.0,20186.0,3124.0
2020-05-08,21914.0,4684.0,3755.0,2941.0,11335.0,978132.0,23815.0,3629.0
2020-05-09,26090.0,5529.0,4428.0,3623.0,13264.0,970589.0,28151.0,4336.0
2020-05-10,30268.0,6678.0,5304.0,4179.0,15707.0,961634.0,33423.0,5272.0
2020-05-11,35549.0,7827.0,6231.0,5006.0,18642.0,949883.0,39437.0,6014.0
2020-05-12,41574.0,9136.0,7437.0,5764.0,21883.0,937397.0,46568.0,7131.0
2020-05-13,48598.0,10752.0,8571.0,6793.0,25864.0,923044.0,54848.0,8280.0
2020-05-14,56651.0,12573.0,10103.0,7983.0,30666.0,906154.0,64602.0,9754.0
2020-05-15,65655.0,14416.0,11872.0,9285.0,36210.0,886153.0,75689.0,11087.0
2020-05-16,76023.0,16813.0,13614.0,10835.0,42461.0,864451.0,88571.0,12882.0
2020-05-17,86432.0,19550.0,15795.0,12850.0,50080.0,840113.0,103466.0,14895.0
2020-05-18,98680.0,22395.0,18355.0,14863.0,59315.0,811329.0,120558.0,17092.0
2020-05-19,111417.0,25639.0,20799.0,17311.0,69275.0,780132.0,139983.0,19425.0
2020-05-20,125579.0,28512.0,24059.0,19878.0,80624.0,746220.0,161783.0,21800.0
2020-05-21,139891.0,32399.0,27180.0,22875.0,94158.0,708927.0,186257.0,24474.0
2020-05-22,153369.0,36021.0,30621.0,25634.0,109644.0,669748.0,213335.0,27078.0
2020-05-23,166865.0,39724.0,34189.0,28840.0,127278.0,628754.0,243091.0,29756.0
2020-05-24,179265.0,43527.0,37860.0,32175.0,147073.0,586405.0,275405.0,32314.0
2020-05-25,190735.0,47082.0,41446.0,35628.0,169353.0,542390.0,309974.0,34569.0
2020-05-26,200301.0,50106.0,44735.0,39350.0,193237.0,498284.0,346559.0,36585.0
2020-05-27,208107.0,53015.0,48049.0,42400.0,220197.0,455141.0,384708.0,38149.0
2020-05-28,213524.0,55330.0,51025.0,45781.0,248299.0,413728.0,424136.0,39428.0
2020-05-29,215355.0,57045.0,53082.0,48840.0,278346.0,373638.0,464273.0,40137.0
2020-05-30,214726.0,57915.0,55207.0,51044.0,311120.0,335757.0,504835.0,40562.0
2020-05-31,211794.0,57884.0,56477.0,53164.0,344662.0,300854.0,544675.0,39840.0
2020-06-01,206554.0,57579.0,57026.0,54979.0,379235.0,270282.0,584128.0,39453.0
2020-06-02,199096.0,56393.0,56707.0,55905.0,414713.0,242763.0,622242.0,38114.0
2020-06-03,190063.0,54689.0,56539.0,55737.0,451455.0,217984.0,658799.0,36557.0
2020-06-04,179519.0,52597.0,54953.0,55546.0,487665.0,196309.0,693749.0,34950.0
2020-06-05,168456.0,50224.0,52909.0,54790.0,523574.0,177502.0,726767.0,33018.0
2020-06-06,156417.0,47353.0,50749.0,53075.0,558825.0,160715.0,757549.0,30782.0
2020-06-07,144449.0,44135.0,48090.0,51116.0,591780.0,146519.0,785915.0,28366.0
2020-06-08,133342.0,40594.0,45505.0,48675.0,624507.0,134929.0,811657.0,25742.0
2020-06-09,121451.0,37738.0,42133.0,46419.0,655388.0,124187.0,835748.0,24091.0
2020-06-10,110251.0,34850.0,39199.0,43431.0,683196.0,114991.0,857723.0,21975.0
2020-06-11,99797.0,31616.0,36177.0,40530.0,710673.0,107571.0,877505.0,19782.0
2020-06-12,90074.0,29054.0,33387.0,37478.0,736938.0,100740.0,895597.0,18092.0
2020-06-13,81039.0,26047.0,30400.0,34473.0,761351.0,94615.0,911765.0,16168.0
2020-06-14,72095.0,23856.0,27587.0,31869.0,781719.0,90028.0,926527.0,14762.0
2020-06-15,64816.0,21054.0,25032.0,29039.0,801465.0,85762.0,939405.0,12878.0
2020-06-16,57925.0,18949.0,22489.0,26489.0,819815.0,81910.0,951166.0,11761.0
2020-06-17,52057.0,17021.0,20176.0,24181.0,836006.0,78774.0,961627.0,10461.0
2020-06-18,46316.0,15114.0,18225.0,21591.0,850993.0,76591.0,970815.0,9188.0
2020-06-19,41158.0,13622.0,16332.0,19468.0,863834.0,74318.0,979090.0,8275.0
2020-06-20,36660.0,12155.0,14532.0,17795.0,876464.0,72236.0,986524.0,7434.0
2020-06-21,32250.0,10704.0,13018.0,15894.0,887204.0,70524.0,993047.0,6523.0
2020-06-22,28558.0,9507.0,11717.0,14082.0,895572.0,69328.0,998838.0,5791.0
2020-06-23,25046.0,8515.0,10432.0,12631.0,903951.0,68010.0,1004145.0,5307.0
2020-06-24,22203.0,7456.0,9189.0,11046.0,911395.0,66550.0,1008557.0,4412.0
2020-06-25,19549.0,6638.0,8211.0,9907.0,918134.0,65534.0,1012523.0,3966.0
2020-06-26,17571.0,5919.0,7257.0,8828.0,924043.0,64838.0,1015976.0,3453.0
2020-06-27,15528.0,5275.0,6485.0,7818.0,929387.0,63918.0,1019148.0,3172.0
2020-06-28,13717.0,4723.0,5718.0,6984.0,933492.0,63089.0,1021993.0,2845.0
2020-06-29,12119.0,4011.0,5188.0,6139.0,938713.0,62434.0,1024445.0,2452.0
2020-06-30,10654.0,3533.0,4540.0,5425.0,941787.0,61555.0,1026590.0,2145.0
2020-07-01,9344.0,3176.0,3988.0,4827.0,946607.0,61570.0,1028548.0,1958.0
2020-07-02,8221.0,2829.0,3491.0,4218.0,948369.0,61302.0,1030266.0,1718.0
2020-07-03,7229.0,2476.0,3021.0,3827.0,951434.0,60868.0,1031737.0,1471.0
2020-07-04,6449.0,2112.0,2673.0,3307.0,952832.0,60842.0,1033042.0,1305.0
2020-07-05,5588.0,1912.0,2300.0,3033.0,956225.0,60474.0,1034210.0,1168.0
2020-07-06,4975.0,1626.0,2094.0,2657.0,956721.0,60082.0,1035209.0,999.0
