time,E,I1,I2,I3,R,S,cumI,diffI
2020-03-06,0.0,3.0,0.0,0.0,0.0,969548.0,0.0,0.0
2020-03-07,2.0,2.0,1.0,0.0,0.0,971421.0,0.0,0.0
2020-03-08,4.0,2.0,0.0,1.0,0.0,978626.0,0.0,0.0
2020-03-09,3.0,1.0,0.0,0.0,1.0,986253.0,0.0,0.0
2020-03-10,1.0,1.0,1.0,0.0,0.0,991752.0,2.0,2.0
2020-03-11,4.0,0.0,2.0,0.0,0.0,995666.0,2.0,0.0
2020-03-12,4.0,0.0,0.0,1.0,0.0,999409.0,2.0,0.0
2020-03-13,3.0,0.0,1.0,1.0,0.0,1002134.0,3.0,1.0
2020-03-14,2.0,1.0,1.0,0.0,2.0,1003885.0,4.0,1.0
2020-03-15,3.0,0.0,1.0,1.0,0.0,1008456.0,4.0,0.0
2020-03-16,2.0,1.0,0.0,0.0,0.0,1009016.0,5.0,1.0
2020-03-17,1.0,1.0,0.0,1.0,1.0,1011084.0,5.0,0.0
2020-03-18,2.0,2.0,1.0,1.0,1.0,1012143.0,6.0,1.0
2020-03-19,4.0,0.0,0.0,0.0,2.0,1013306.0,6.0,0.0
2020-03-20,2.0,0.0,2.0,0.0,1.0,1014021.0,7.0,1.0
2020-03-21,3.0,3.0,2.0,0.0,1.0,1013307.0,8.0,1.0
2020-03-22,5.0,1.0,2.0,1.0,0.0,1013151.0,9.0,1.0
2020-03-23,9.0,0.0,0.0,1.0,3.0,1013978.0,9.0,0.0
2020-03-24,7.0,1.0,0.0,1.0,3.0,1013442.0,10.0,1.0
2020-03-25,8.0,0.0,1.0,0.0,5.0,1013953.0,10.0,0.0
2020-03-26,10.0,1.0,0.0,1.0,6.0,1013848.0,11.0,1.0
2020-03-27,11.0,3.0,1.0,0.0,7.0,1014800.0,14.0,3.0
2020-03-28,13.0,2.0,1.0,2.0,5.0,1015679.0,14.0,0.0
2020-03-29,14.0,5.0,2.0,1.0,7.0,1016507.0,16.0,2.0
2020-03-30,16.0,4.0,2.0,2.0,5.0,1017025.0,19.0,3.0
2020-03-31,17.0,6.0,2.0,3.0,5.0,1017618.0,21.0,2.0
2020-04-01,18.0,10.0,3.0,3.0,7.0,1017733.0,30.0,9.0
2020-04-02,28.0,9.0,4.0,2.0,12.0,1016513.0,34.0,4.0
2020-04-03,35.0,7.0,8.0,3.0,16.0,1016620.0,38.0,4.0
2020-04-04,43.0,10.0,7.0,3.0,21.0,1017098.0,43.0,5.0
2020-04-05,45.0,10.0,9.0,5.0,22.0,1018033.0,51.0,8.0
2020-04-06,47.0,12.0,11.0,3.0,28.0,1017438.0,58.0,7.0
2020-04-07,43.0,13.0,7.0,7.0,29.0,1017479.0,69.0,11.0
2020-04-08,60.0,12.0,13.0,9.0,44.0,1018409.0,75.0,6.0
2020-04-09,77.0,16.0,11.0,12.0,47.0,1017429.0,85.0,10.0
2020-04-10,101.0,29.0,19.0,13.0,50.0,1017990.0,102.0,17.0
2020-04-11,130.0,29.0,23.0,22.0,64.0,1017966.0,125.0,23.0
2020-04-12,153.0,37.0,25.0,17.0,72.0,1018681.0,149.0,24.0
2020-04-13,177.0,40.0,36.0,22.0,88.0,1018687.0,180.0,31.0
2020-04-14,201.0,40.0,33.0,25.0,89.0,1019754.0,209.0,29.0
2020-04-15,213.0,55.0,36.0,32.0,111.0,1020177.0,248.0,39.0
2020-04-16,280.0,59.0,50.0,34.0,126.0,1019063.0,292.0,44.0
2020-04-17,317.0,66.0,58.0,52.0,146.0,1019522.0,335.0,43.0
2020-04-18,416.0,89.0,54.0,55.0,190.0,1020244.0,390.0,55.0
2020-04-19,496.0,96.0,69.0,56.0,233.0,1021626.0,461.0,71.0
2020-04-20,597.0,117.0,93.0,80.0,270.0,1022458.0,560.0,99.0
2020-04-21,703.0,154.0,96.0,101.0,300.0,1022179.0,678.0,118.0
2020-04-22,818.0,186.0,120.0,96.0,378.0,1021894.0,824.0,146.0
2020-04-23,962.0,205.0,175.0,117.0,445.0,1020474.0,977.0,153.0
2020-04-24,1099.0,252.0,199.0,148.0,524.0,1019787.0,1181.0,204.0
2020-04-25,1324.0,297.0,230.0,183.0,607.0,1020263.0,1404.0,223.0
2020-04-26,1514.0,318.0,287.0,195.0,722.0,1019116.0,1681.0,277.0
2020-04-27,1845.0,370.0,316.0,208.0,916.0,1018748.0,1985.0,304.0
2020-04-28,2048.0,464.0,353.0,274.0,1094.0,1018119.0,2359.0,374.0
2020-04-29,2441.0,525.0,431.0,300.0,1290.0,1017880.0,2766.0,407.0
2020-04-30,2916.0,631.0,489.0,394.0,1445.0,1016524.0,3251.0,485.0
2020-05-01,3453.0,786.0,599.0,442.0,1759.0,1014596.0,3848.0,597.0
2020-05-02,4155.0,920.0,725.0,510.0,2050.0,1013257.0,4542.0,694.0
2020-05-03,4929.0,1016.0,804.0,692.0,2442.0,1012775.0,5332.0,790.0
2020-05-04,5827.0,1284.0,991.0,773.0,2911.0,1011757.0,6374.0,1042.0
2020-05-05,6946.0,1473.0,1214.0,882.0,3416.0,1010227.0,7515.0,1141.0
2020-05-06,8176.0,1756.0,1411.0,1065.0,4117.0,1007651.0,8878.0,1363.0
2020-05-07,9674.0,2060.0,1664.0,1316.0,4850.0,1003957.0,10481.0,1603.0
2020-05-08,11536.0,2475.0,1992.0,1582.0,5861.0,1000692.0,12409.0,1928.0
2020-05-09,13741.0,3001.0,2430.0,1815.0,6853.0,995238.0,14743.0,2334.0
2020-05-10,16294.0,3611.0,2759.0,2198.0,8048.0,990296.0,17490.0,2747.0
2020-05-11,19314.0,4167.0,3301.0,2614.0,9661.0,985442.0,20773.0,3283.0
2020-05-12,23030.0,4920.0,3901.0,3129.0,11389.0,979611.0,24582.0,3809.0
2020-05-13,26915.0,5765.0,4629.0,3595.0,13557.0,970917.0,29174.0,4592.0
2020-05-14,31367.0,6788.0,5331.0,4342.0,16007.0,961254.0,34491.0,5317.0
2020-05-15,36576.0,7844.0,6331.0,5047.0,18906.0,949631.0,40687.0,6196.0
2020-05-16,42555.0,9551.0,7420.0,5918.0,22348.0,936760.0,48117.0,7430.0
2020-05-17,49641.0,11039.0,8715.0,6785.0,26550.0,922042.0,56571.0,8454.0
2020-05-18,57516.0,12613.0,10254.0,8196.0,31413.0,905256.0,66408.0,9837.0
2020-05-19,66465.0,14637.0,11807.0,9604.0,37108.0,885942.0,77770.0,11362.0
2020-05-20,76266.0,16981.0,13821.0,10847.0,43820.0,864462.0,90936.0,13166.0
2020-05-21,87194.0,19504.0,15968.0,12823.0,51251.0,838470.0,105897.0,14961.0
2020-05-22,99458.0,22339.0,18367.0,14909.0,59775.0,810889.0,122933.0,17036.0
2020-05-23,112419.0,25513.0,20988.0,17207.0,70031.0,778248.0,142388.0,19455.0
2020-05-24,126074.0,29136.0,24034.0,19593.0,82232.0,743323.0,164538.0,22150.0
2020-05-25,139714.0,32471.0,27059.0,22413.0,95818.0,707615.0,188955.0,24417.0
2020-05-26,153476.0,36279.0,30240.0,25671.0,111151.0,668616.0,216317.0,27362.0
2020-05-27,167711.0,40199.0,33932.0,28980.0,128378.0,626845.0,246012.0,29695.0
2020-05-28,180008.0,43721.0,37719.0,32124.0,147906.0,584375.0,278207.0,32195.0
2020-05-29,191079.0,47128.0,41447.0,36023.0,169946.0,539759.0,312831.0,34624.0
2020-05-30,200871.0,50094.0,45275.0,39603.0,194220.0,496479.0,349280.0,36449.0
2020-05-31,207688.0,52740.0,48356.0,42662.0,220527.0,453527.0,387302.0,38022.0
2020-06-01,213098.0,54960.0,51245.0,45616.0,249092.0,412830.0,426720.0,39418.0
2020-06-02,214975.0,57024.0,53450.0,49023.0,279103.0,372511.0,467009.0,40289.0
2020-06-03,214338.0,58283.0,54907.0,51667.0,311881.0,335948.0,507397.0,40388.0
2020-06-04,211901.0,57922.0,56043.0,53435.0,345294.0,301794.0,547234.0,39837.0
2020-06-05,205528.0,57928.0,56744.0,54602.0,381213.0,271707.0,586881.0,39647.0
2020-06-06,197899.0,56303.0,56571.0,55812.0,415241.0,244604.0,624843.0,37962.0
2020-06-07,189204.0,54388.0,56141.0,56009.0,451574.0,219621.0,661209.0,36366.0
2020-06-08,179076.0,52409.0,54547.0,55510.0,487657.0,198426.0,695892.0,34683.0
2020-06-09,168063.0,50328.0,53151.0,54554.0,522998.0,178955.0,729030.0,33138.0
2020-06-10,156702.0,47255.0,50865.0,53213.0,557501.0,161949.0,759450.0,30420.0
2020-06-11,144404.0,44219.0,48249.0,51117.0,591453.0,147468.0,788069.0,28619.0
2020-06-12,132838.0,41234.0,45167.0,49207.0,623250.0,135336.0,814281.0,26212.0
2020-06-13,121373.0,38054.0,42439.0,46137.0,653907.0,124576.0,838332.0,24051.0
2020-06-14,109960.0,34873.0,39418.0,43754.0,683544.0,115413.0,860403.0,22071.0
2020-06-15,100218.0,31349.0,36565.0,40802.0,710746.0,107704.0,880122.0,19719.0
2020-06-16,90629.0,28920.0,33156.0,38061.0,734968.0,102164.0,898317.0,18195.0
2020-06-17,81721.0,26383.0,30752.0,34878.0,758047.0,96161.0,914847.0,16530.0
2020-06-18,73439.0,23847.0,27892.0,32029.0,779339.0,91539.0,929580.0,14733.0
2020-06-19,65657.0,21296.0,25181.0,29368.0,799234.0,87488.0,942680.0,13100.0
2020-06-20,58620.0,19373.0,22738.0,26579.0,817195.0,83729.0,954648.0,11968.0
2020-06-21,52423.0,17383.0,20550.0,24452.0,833706.0,80717.0,965168.0,10520.0
2020-06-22,46621.0,15173.0,18640.0,21884.0,847900.0,77663.0,974452.0,9284.0
2020-06-23,41656.0,13772.0,16660.0,19677.0,861028.0,75428.0,982912.0,8460.0
2020-06-24,37152.0,12219.0,14917.0,17768.0,873077.0,73211.0,990506.0,7594.0
2020-06-25,33149.0,10974.0,13310.0,15902.0,883318.0,71267.0,997158.0,6652.0
2020-06-26,29519.0,9792.0,11820.0,14211.0,892566.0,69667.0,1003006.0,5848.0
2020-06-27,26198.0,8667.0,10670.0,12677.0,901711.0,68225.0,1008318.0,5312.0
2020-06-28,23161.0,7779.0,9639.0,11294.0,909001.0,67125.0,1013025.0,4707.0
2020-06-29,20712.0,6858.0,8392.0,10228.0,916827.0,66039.0,1017118.0,4093.0
2020-06-30,18019.0,6099.0,7443.0,9005.0,923968.0,65277.0,1020852.0,3734.0
2020-07-01,15992.0,5512.0,6580.0,8183.0,926678.0,64496.0,1024157.0,3305.0
2020-07-02,13875.0,4846.0,5935.0,7293.0,931271.0,63481.0,1027022.0,2865.0
2020-07-03,12374.0,4302.0,5174.0,6437.0,936919.0,63044.0,1029531.0,2509.0
2020-07-04,11063.0,3761.0,4619.0,5620.0,940991.0,62472.0,1031693.0,2162.0
2020-07-05,9749.0,3292.0,4082.0,4948.0,944223.0,62030.0,1033636.0,1943.0
2020-07-06,8550.0,2932.0,3635.0,4424.0,947356.0,61661.0,1035454.0,1818.0
