time,E,I1,I2,I3,R,S,cumI,diffI
2020-03-06,2.0,3.0,0.0,0.0,0.0,969996.0,0.0,0.0
2020-03-07,2.0,3.0,0.0,0.0,0.0,971789.0,1.0,1.0
2020-03-08,5.0,1.0,0.0,1.0,0.0,979471.0,1.0,0.0
2020-03-09,6.0,0.0,1.0,2.0,0.0,985963.0,2.0,1.0
2020-03-10,5.0,1.0,4.0,0.0,4.0,991171.0,5.0,3.0
2020-03-11,4.0,1.0,4.0,0.0,3.0,995472.0,6.0,1.0
2020-03-12,8.0,0.0,3.0,2.0,1.0,999234.0,8.0,2.0
2020-03-13,10.0,1.0,2.0,5.0,3.0,1002903.0,9.0,1.0
2020-03-14,16.0,1.0,2.0,2.0,3.0,1006013.0,10.0,1.0
2020-03-15,13.0,2.0,2.0,3.0,2.0,1007838.0,13.0,3.0
2020-03-16,11.0,1.0,1.0,0.0,5.0,1009169.0,14.0,1.0
2020-03-17,9.0,1.0,1.0,1.0,8.0,1008414.0,15.0,1.0
2020-03-18,10.0,0.0,1.0,0.0,7.0,1010413.0,16.0,1.0
2020-03-19,17.0,0.0,1.0,2.0,5.0,1011064.0,16.0,0.0
2020-03-20,12.0,0.0,1.0,1.0,4.0,1012223.0,18.0,2.0
2020-03-21,13.0,1.0,2.0,3.0,7.0,1011829.0,20.0,2.0
2020-03-22,12.0,3.0,0.0,4.0,8.0,1012904.0,21.0,1.0
2020-03-23,20.0,5.0,3.0,1.0,6.0,1013824.0,23.0,2.0
2020-03-24,35.0,7.0,6.0,1.0,13.0,1015037.0,31.0,8.0
2020-03-25,37.0,10.0,4.0,4.0,9.0,1014660.0,36.0,5.0
2020-03-26,46.0,6.0,3.0,4.0,16.0,1015122.0,39.0,3.0
2020-03-27,40.0,11.0,7.0,4.0,20.0,1015601.0,50.0,11.0
2020-03-28,49.0,13.0,11.0,5.0,21.0,1016373.0,56.0,6.0
2020-03-29,63.0,17.0,8.0,7.0,32.0,1015664.0,71.0,15.0
2020-03-30,88.0,26.0,14.0,10.0,30.0,1015582.0,91.0,20.0
2020-03-31,87.0,24.0,17.0,11.0,34.0,1016761.0,110.0,19.0
2020-04-01,98.0,29.0,21.0,13.0,41.0,1017500.0,129.0,19.0
2020-04-02,138.0,22.0,30.0,15.0,48.0,1015750.0,148.0,19.0
2020-04-03,139.0,22.0,23.0,29.0,66.0,1016706.0,170.0,22.0
2020-04-04,176.0,33.0,30.0,22.0,71.0,1018196.0,198.0,28.0
2020-04-05,192.0,34.0,23.0,19.0,94.0,1017080.0,221.0,23.0
2020-04-06,202.0,47.0,37.0,19.0,116.0,1017332.0,262.0,41.0
2020-04-07,256.0,52.0,46.0,27.0,130.0,1017402.0,306.0,44.0
2020-04-08,294.0,62.0,56.0,39.0,136.0,1017480.0,360.0,54.0
2020-04-09,331.0,73.0,76.0,44.0,162.0,1018084.0,416.0,56.0
2020-04-10,396.0,83.0,74.0,51.0,173.0,1017803.0,484.0,68.0
2020-04-11,469.0,120.0,87.0,66.0,237.0,1017283.0,574.0,90.0
2020-04-12,553.0,131.0,102.0,83.0,263.0,1017934.0,663.0,89.0
2020-04-13,698.0,150.0,108.0,102.0,325.0,1017612.0,765.0,102.0
2020-04-14,813.0,199.0,130.0,122.0,398.0,1018353.0,916.0,151.0
2020-04-15,960.0,202.0,162.0,125.0,483.0,1017697.0,1058.0,142.0
2020-04-16,1106.0,262.0,158.0,162.0,578.0,1017945.0,1257.0,199.0
2020-04-17,1335.0,285.0,195.0,188.0,686.0,1017842.0,1475.0,218.0
2020-04-18,1563.0,334.0,268.0,220.0,823.0,1016959.0,1726.0,251.0
2020-04-19,1889.0,382.0,298.0,257.0,954.0,1017380.0,2029.0,303.0
2020-04-20,2184.0,497.0,355.0,291.0,1150.0,1017022.0,2433.0,404.0
2020-04-21,2623.0,546.0,462.0,337.0,1325.0,1015916.0,2855.0,422.0
2020-04-22,3140.0,674.0,520.0,407.0,1600.0,1013913.0,3388.0,533.0
2020-04-23,3676.0,793.0,637.0,517.0,1913.0,1013228.0,4025.0,637.0
2020-04-24,4359.0,919.0,755.0,574.0,2235.0,1012041.0,4744.0,719.0
2020-04-25,5201.0,1107.0,856.0,728.0,2635.0,1011314.0,5632.0,888.0
2020-04-26,6053.0,1332.0,1079.0,804.0,3131.0,1009549.0,6665.0,1033.0
2020-04-27,7261.0,1548.0,1286.0,994.0,3663.0,1008008.0,7879.0,1214.0
2020-04-28,8672.0,1862.0,1506.0,1178.0,4318.0,1005386.0,9329.0,1450.0
2020-04-29,10201.0,2338.0,1779.0,1393.0,5144.0,1001546.0,11131.0,1802.0
2020-04-30,12102.0,2740.0,2113.0,1625.0,6091.0,997535.0,13241.0,2110.0
2020-05-01,14481.0,3151.0,2516.0,1946.0,7177.0,993544.0,15683.0,2442.0
2020-05-02,17218.0,3601.0,2875.0,2298.0,8603.0,988483.0,18539.0,2856.0
2020-05-03,20127.0,4263.0,3384.0,2765.0,10156.0,982150.0,21926.0,3387.0
2020-05-04,23500.0,4999.0,4034.0,3173.0,11836.0,975881.0,25811.0,3885.0
2020-05-05,27630.0,5939.0,4779.0,3769.0,14150.0,967584.0,30450.0,4639.0
2020-05-06,32251.0,7015.0,5388.0,4425.0,16778.0,957409.0,35906.0,5456.0
2020-05-07,37537.0,8195.0,6523.0,5055.0,19975.0,945819.0,42286.0,6380.0
2020-05-08,43867.0,9394.0,7570.0,5878.0,23432.0,931745.0,49526.0,7240.0
2020-05-09,50553.0,10996.0,8842.0,7107.0,27513.0,916828.0,58095.0,8569.0
2020-05-10,58557.0,12974.0,10410.0,8373.0,32282.0,899968.0,68327.0,10232.0
2020-05-11,67917.0,15125.0,12101.0,9671.0,38170.0,879870.0,79848.0,11521.0
2020-05-12,78396.0,17630.0,14176.0,11127.0,44941.0,855717.0,93372.0,13524.0
2020-05-13,89408.0,20145.0,16439.0,13331.0,52796.0,830472.0,108766.0,15394.0
2020-05-14,101706.0,23121.0,18841.0,15515.0,61993.0,801073.0,126374.0,17608.0
2020-05-15,114706.0,26284.0,21709.0,17640.0,72799.0,770050.0,146348.0,19974.0
2020-05-16,128642.0,29808.0,24629.0,20291.0,84887.0,734378.0,168715.0,22367.0
2020-05-17,141862.0,33563.0,27858.0,23118.0,98861.0,698459.0,193904.0,25189.0
2020-05-18,155809.0,37552.0,31305.0,26187.0,114690.0,659449.0,221720.0,27816.0
2020-05-19,169051.0,40810.0,34991.0,29491.0,132833.0,618028.0,251894.0,30174.0
2020-05-20,182186.0,44241.0,38210.0,32788.0,152867.0,575266.0,284081.0,32187.0
2020-05-21,192800.0,47697.0,41965.0,36331.0,175458.0,531976.0,318905.0,34824.0
2020-05-22,202559.0,50743.0,45335.0,39744.0,199277.0,488205.0,355452.0,36547.0
2020-05-23,208974.0,53359.0,48437.0,43089.0,225410.0,445345.0,393764.0,38312.0
2020-05-24,212389.0,55705.0,51234.0,46333.0,254256.0,403896.0,433604.0,39840.0
2020-05-25,214348.0,56682.0,53178.0,49524.0,285110.0,365157.0,473404.0,39800.0
2020-05-26,213118.0,57481.0,55036.0,51910.0,316734.0,328676.0,513564.0,40160.0
2020-05-27,209678.0,57671.0,56236.0,53315.0,351171.0,295785.0,553198.0,39634.0
2020-05-28,203928.0,57253.0,56542.0,54794.0,385849.0,265034.0,592424.0,39226.0
2020-05-29,196479.0,56290.0,56658.0,55673.0,421062.0,237682.0,630406.0,37982.0
2020-05-30,187223.0,54333.0,55846.0,55914.0,457303.0,213829.0,666537.0,36131.0
2020-05-31,176134.0,51828.0,54680.0,55279.0,493610.0,193382.0,700964.0,34427.0
2020-06-01,164316.0,49421.0,52812.0,54327.0,528344.0,175505.0,733343.0,32379.0
2020-06-02,153030.0,46634.0,50529.0,52675.0,562522.0,159614.0,763611.0,30268.0
2020-06-03,141221.0,43372.0,47986.0,51093.0,596284.0,145754.0,791567.0,27956.0
2020-06-04,129868.0,40299.0,45270.0,48521.0,627982.0,134245.0,817180.0,25613.0
2020-06-05,118664.0,37213.0,41796.0,45758.0,658309.0,124115.0,840845.0,23665.0
2020-06-06,108169.0,33952.0,38732.0,42956.0,686103.0,115147.0,862063.0,21218.0
2020-06-07,98321.0,31118.0,35709.0,40002.0,711829.0,107492.0,881444.0,19381.0
2020-06-08,88852.0,28452.0,32611.0,37296.0,737158.0,101241.0,899192.0,17748.0
2020-06-09,80100.0,25943.0,29939.0,34186.0,761195.0,95671.0,915233.0,16041.0
2020-06-10,72117.0,23439.0,27396.0,31471.0,781335.0,91352.0,929679.0,14446.0
2020-06-11,64449.0,21244.0,24939.0,28780.0,800239.0,87280.0,942717.0,13038.0
2020-06-12,57613.0,18971.0,22613.0,26420.0,817141.0,83270.0,954396.0,11679.0
2020-06-13,51497.0,17211.0,20534.0,23769.0,833899.0,80420.0,964818.0,10422.0
2020-06-14,45912.0,15332.0,18363.0,21722.0,847853.0,77612.0,974123.0,9305.0
2020-06-15,40964.0,13593.0,16351.0,19585.0,860256.0,75244.0,982354.0,8231.0
2020-06-16,36524.0,12256.0,14613.0,17464.0,872856.0,73533.0,989743.0,7389.0
2020-06-17,32477.0,11008.0,13166.0,15765.0,883868.0,71777.0,996328.0,6585.0
2020-06-18,28769.0,9683.0,11681.0,14127.0,893532.0,70058.0,1002157.0,5829.0
2020-06-19,25539.0,8533.0,10503.0,12722.0,901465.0,68856.0,1007268.0,5111.0
2020-06-20,22672.0,7738.0,9320.0,11209.0,908828.0,67593.0,1011874.0,4606.0
2020-06-21,19971.0,6893.0,8258.0,10017.0,914881.0,66290.0,1016084.0,4210.0
2020-06-22,17696.0,5888.0,7438.0,8869.0,921463.0,65556.0,1019659.0,3575.0
2020-06-23,15724.0,5154.0,6686.0,7973.0,926964.0,64800.0,1022868.0,3209.0
2020-06-24,13837.0,4604.0,5930.0,7051.0,932574.0,63953.0,1025678.0,2810.0
2020-06-25,12171.0,4225.0,5059.0,6251.0,937739.0,63235.0,1028206.0,2528.0
2020-06-26,10682.0,3720.0,4578.0,5493.0,939993.0,62745.0,1030474.0,2268.0
2020-06-27,9516.0,3220.0,4133.0,5015.0,942438.0,62350.0,1032382.0,1908.0
2020-06-28,8518.0,2878.0,3637.0,4431.0,945877.0,62345.0,1034120.0,1738.0
2020-06-29,7532.0,2528.0,3188.0,3879.0,948587.0,62281.0,1035619.0,1499.0
2020-06-30,6683.0,2253.0,2857.0,3553.0,952351.0,61878.0,1036959.0,1340.0
2020-07-01,5881.0,1969.0,2463.0,3140.0,953630.0,61339.0,1038141.0,1182.0
2020-07-02,5218.0,1682.0,2123.0,2764.0,955437.0,60885.0,1039174.0,1033.0
2020-07-03,4597.0,1477.0,1862.0,2435.0,956549.0,60769.0,1040070.0,896.0
2020-07-04,4160.0,1400.0,1647.0,2169.0,958316.0,60604.0,1040900.0,830.0
2020-07-05,3665.0,1249.0,1501.0,1834.0,958954.0,60644.0,1041646.0,746.0
2020-07-06,3183.0,1079.0,1345.0,1629.0,960653.0,60455.0,1042284.0,638.0
